"Ne"	"n_p"	"r_m"	"z1_opt"	"z2_opt"	"r_selection"	"ln_z1"	"ln_z2"	"var1"	"var_2"
"1"	1000	0	0.9	10	1	0	0.110045154541494	-0.00479565590054513	0.00474576123971748	0.00791786992161953
"2"	1000	0	0.9	10	1	0.5	0.15226171384475	-0.0511610136446953	0.00796699757249676	0.00359305548534475
"3"	1000	0	0.9	10	1	0.9	0.474761546503444	-0.436813144718397	0.0029722371046421	0.00213302593984121
"4"	1000	0	0.9	10	1	-0.5	0.155691972712334	0.067151895031882	0.00390631019202498	0.00369436629587773
"5"	1000	0	0.9	10	1	-0.9	0.487199298960665	0.429659506195511	0.00388730004437808	0.00247717215943374
"6"	1000	0	0.9	10	10	0	0.117473611421088	0.106721306113477	0.0048133235130996	0.00437694624935099
"7"	1000	0	0.9	10	10	0.5	0.0914227871248856	0.068811980575419	0.00435270028929466	0.00318592779801079
"8"	1000	0	0.9	10	10	0.9	0.0502715134428855	0.0603881368912686	0.00379922864702224	0.00308416750156398
"9"	1000	0	0.9	10	10	-0.5	0.242438033120574	0.225188189638001	0.00759680479633415	0.00326285743924204
"10"	1000	0	0.9	10	10	-0.9	0.918671144835668	0.901974557135194	0.00230703212613138	0.00320737572822789
"11"	1000	0	0.9	10	0.1	0	0.11126480491435	-0.100213446691375	0.00626641929898177	0.00322880132825174
"12"	1000	0	0.9	10	0.1	0.5	0.235149492616594	-0.22125245984477	0.00574740905089311	0.00481832296106028
"13"	1000	0	0.9	10	0.1	0.9	0.933651207808272	-0.891557339540487	0.00358345839609245	0.00432519965597081
"14"	1000	0	0.9	10	0.1	-0.5	0.0792566586172127	-0.061575600936233	0.00547927262238568	0.00447681844878172
"15"	1000	0	0.9	10	0.1	-0.9	0.0688823354024715	-0.0697653175950386	0.00228238898836463	0.00597712170310867
"16"	1000	0	0.9	1	1	0	0.00396146052250527	-0.00800644296959863	0.00686826762898511	0.00455845909244401
"17"	1000	0	0.9	1	1	0.5	0.0155383292817508	0.00275072473748568	0.00178623260565813	0.00754136340629491
"18"	1000	0	0.9	1	1	0.9	-0.0255392307075427	-0.0169198339658242	0.00430554754094843	0.00346536978763389
"19"	1000	0	0.9	1	1	-0.5	0.0150653682158373	-0.0062345453925936	0.0039326068582082	0.0024547070336035
"20"	1000	0	0.9	1	1	-0.9	-0.00161989561114388	-0.0128765427976523	0.00596915264889382	0.00392572201494234
"21"	1000	0	0.5	10	1	0	0.109806798750769	-0.00413604951079993	0.00338113575667521	0.00374439516143751
"22"	1000	0	0.5	10	1	0.5	0.12342880752107	-0.0588722055299343	0.0046348287037758	0.00319217408642096
"23"	1000	0	0.5	10	1	0.9	0.47220138578521	-0.427657720455259	0.00301664225188726	0.00464425118137844
"24"	1000	0	0.5	10	1	-0.5	0.174098505756664	0.071441308973002	0.00627876356551453	0.00798354311979423
"25"	1000	0	0.5	10	1	-0.9	0.499161552913761	0.410246944604082	0.0044771852497623	0.00430247217500225
"26"	1000	0	0.5	10	10	0	0.120389315466891	0.116737911317282	0.00687530120684221	0.00441659903993117
"27"	1000	0	0.5	10	10	0.5	0.0564122944434527	0.0948916314901165	0.00528399748725327	0.00510214288172464
"28"	1000	0	0.5	10	10	0.9	0.0651707337547018	0.0649795211373453	0.00392469742057774	0.00362869658049758
"29"	1000	0	0.5	10	10	-0.5	0.2230058871522	0.2288009149312	0.00392417292615026	0.00708954410606374
"30"	1000	0	0.5	10	10	-0.9	0.897553665186199	0.918605468729784	0.00407212974458723	0.00367333937547789
"31"	1000	0	0.5	10	0.1	0	0.0799090739370562	-0.0754794429246703	0.00205681630219946	0.00486664908859694
"32"	1000	0	0.5	10	0.1	0.5	0.2612873988797	-0.207999497897116	0.00600404594100585	0.00379554357105384
"33"	1000	0	0.5	10	0.1	0.9	0.919911712229293	-0.916588798214235	0.00366528109207743	0.00371916114556997
"34"	1000	0	0.5	10	0.1	-0.5	0.069302279110603	-0.054091370950926	0.00320780367952582	0.00648459008707065
"35"	1000	0	0.5	10	0.1	-0.9	0.0619481759669301	-0.0449443910683892	0.00284356814547338	0.00514892605605338
"36"	1000	0	0.5	1	1	0	-0.0163200628699056	0.0100577289286683	0.00347686734520132	0.00435436614413233
"37"	1000	0	0.5	1	1	0.5	0.0254586283851481	0.00368401623157378	0.005491449274261	0.00378619651612392
"38"	1000	0	0.5	1	1	0.9	-0.0206319119660765	0.00216104483491824	0.00223710851445673	0.00282995803757968
"39"	1000	0	0.5	1	1	-0.5	0.0036166883480556	-0.000263345879403973	0.00466304788479736	0.00259120845227533
"40"	1000	0	0.5	1	1	-0.9	-0.0229862782067624	-0.00354170545379492	0.00542503877077242	0.00383952628874371
"41"	1000	10	0.9	10	1	0	0.103203835482377	0.012021374218728	0.0081526471512627	0.00417361501894264
"42"	1000	10	0.9	10	1	0.5	0.160485480487012	-0.0495079329444412	0.00571896287077615	0.00213906109238585
"43"	1000	10	0.9	10	1	0.9	0.436344939808045	-0.330452828359057	0.00398855092933795	0.00491400670897988
"44"	1000	10	0.9	10	1	-0.5	0.165729057173832	0.104145423862694	0.00419265889243702	0.00586605319971465
"45"	1000	10	0.9	10	1	-0.9	0.552359489768087	0.460528113754674	0.00405894178166738	0.00493253197814627
"46"	1000	10	0.9	10	10	0	0.129227254906759	0.142557773204095	0.00465677442292575	0.00416347644282764
"47"	1000	10	0.9	10	10	0.5	0.0758665606781291	0.092403744824026	0.00582939236967439	0.00540487745568277
"48"	1000	10	0.9	10	10	0.9	0.0565833909930404	0.0291389306659687	0.00358199719752999	0.00352831808865912
"49"	1000	10	0.9	10	10	-0.5	0.257126474011395	0.252065457931028	0.00255114897464932	0.00572718545089396
"50"	1000	10	0.9	10	10	-0.9	1.03117871927335	1.03150785074692	0.00466197717340237	0.00253273611841369
"51"	1000	10	0.9	10	0.1	0	0.0779380197949459	-0.0950837867972078	0.00370013064370865	0.00374357592364771
"52"	1000	10	0.9	10	0.1	0.5	0.185766694909365	-0.187021075699152	0.00364022523426278	0.00395168953158021
"53"	1000	10	0.9	10	0.1	0.9	0.766539287997746	-0.806602807758874	0.00460045758967384	0.0049489592867667
"54"	1000	10	0.9	10	0.1	-0.5	0.0674011814317709	-0.0742652755972902	0.00390734191348912	0.0043349371986777
"55"	1000	10	0.9	10	0.1	-0.9	0.0718303584521907	-0.0721011049628693	0.00255637341979566	0.00563725252677775
"56"	1000	10	0.9	1	1	0	-0.0183290048479772	-0.00702518301223305	0.00539340174094897	0.00215453735633896
"57"	1000	10	0.9	1	1	0.5	-0.000509839499254257	0.00349051771125319	0.00257448857789174	0.00480736824681978
"58"	1000	10	0.9	1	1	0.9	0.00361470391749599	0.0111581746627212	0.00461698223250688	0.0040548588707643
"59"	1000	10	0.9	1	1	-0.5	0.00723496476114512	0.015972758308524	0.00363412522928113	0.00321090884419589
"60"	1000	10	0.9	1	1	-0.9	0.00674027099357111	-0.0050946743808665	0.00391529520024622	0.00447918733877137
"61"	1000	10	0.5	10	1	0	0.102764457629772	0.0260642488179065	0.00287709966416535	0.00373174730010423
"62"	1000	10	0.5	10	1	0.5	0.129192678229741	-0.0791517914325704	0.00474447812228065	0.0054046676617165
"63"	1000	10	0.5	10	1	0.9	0.428966025218386	-0.375446913002068	0.00406430382554821	0.00400769624123388
"64"	1000	10	0.5	10	1	-0.5	0.156000107122878	0.0818878511669451	0.00527629339313393	0.00645513877268788
"65"	1000	10	0.5	10	1	-0.9	0.528162049188474	0.471449562693739	0.00382610366268837	0.00517446000961815
"66"	1000	10	0.5	10	10	0	0.129260320893809	0.10187489799816	0.00473413055763576	0.0061532455470292
"67"	1000	10	0.5	10	10	0.5	0.1168139657782	0.0801716637982004	0.00444344023348454	0.00456463151478346
"68"	1000	10	0.5	10	10	0.9	0.0732882759545913	0.0766564712380556	0.00511381570581747	0.0043040256760293
"69"	1000	10	0.5	10	10	-0.5	0.245714293870487	0.247324727508081	0.00270279236713284	0.00547502548450205
"70"	1000	10	0.5	10	10	-0.9	0.983889243738153	0.982641516323904	0.00478298103645523	0.00206403069826917
"71"	1000	10	0.5	10	0.1	0	0.121649427843703	-0.0867462369858913	0.00379233747526276	0.00346199857288435
"72"	1000	10	0.5	10	0.1	0.5	0.19764511132812	-0.185035561428127	0.00499468936714626	0.00294422332476848
"73"	1000	10	0.5	10	0.1	0.9	0.831612545644353	-0.833112680694274	0.00299185771954688	0.00477468994528808
"74"	1000	10	0.5	10	0.1	-0.5	0.0858259119587428	-0.0811155579696555	0.00579424634547601	0.00324021297738401
"75"	1000	10	0.5	10	0.1	-0.9	0.0470429581555737	-0.0410972514189427	0.00513198343230434	0.00269919273663712
"76"	1000	10	0.5	1	1	0	-0.00699042809211302	-0.00798145543570735	0.00495850855291785	0.00641274826060817
"77"	1000	10	0.5	1	1	0.5	-0.00929277199576995	-0.00365936543533584	0.00592858381913941	0.00436853555592384
"78"	1000	10	0.5	1	1	0.9	0.0121954871354148	0.0322955181554383	0.0037480351777803	0.00250240856011246
"79"	1000	10	0.5	1	1	-0.5	0.0216770137130055	0.0289129317668049	0.00445260851942848	0.00323172703144561
"80"	1000	10	0.5	1	1	-0.9	-0.00780859912049928	-0.0119378286853791	0.00201641541787899	0.00647559483808625
"81"	1000	20	0.9	10	1	0	0.13559747761638	0.0432628203328968	0.00439022547747295	0.00478494057572286
"82"	1000	20	0.9	10	1	0.5	0.0938861107503532	-0.0268291982828267	0.00597527056628424	0.00782288211503789
"83"	1000	20	0.9	10	1	0.9	0.340520419842018	-0.278121530034942	0.00357211753388327	0.00430245446058929
"84"	1000	20	0.9	10	1	-0.5	0.168646136995456	0.137177909372758	0.00559107931449931	0.00549020964243977
"85"	1000	20	0.9	10	1	-0.9	0.581583726937184	0.538308147099394	0.00487718093066681	0.00303589096687532
"86"	1000	20	0.9	10	10	0	0.1449875661917	0.156368762825717	0.00529819385545869	0.00392230503620432
"87"	1000	20	0.9	10	10	0.5	0.0780613393327919	0.102253058161772	0.00595686208191624	0.00365796415055234
"88"	1000	20	0.9	10	10	0.9	0.0920010973112879	0.103757464856028	0.00376937468060437	0.00393624516345052
"89"	1000	20	0.9	10	10	-0.5	0.303617179979227	0.324616336319283	0.00333121042667333	0.00625250885784248
"90"	1000	20	0.9	10	10	-0.9	1.14896733512251	1.12263423362278	0.00294828409227116	0.00266615917858381
"91"	1000	20	0.9	10	0.1	0	0.0549462253267546	-0.06672620931628	0.00674578545868151	0.00410678338876202
"92"	1000	20	0.9	10	0.1	0.5	0.14223727487225	-0.144633889484591	0.0038281427974694	0.0083839573865872
"93"	1000	20	0.9	10	0.1	0.9	0.64683805388833	-0.624455070832598	0.00618131136778227	0.00374137913073484
"94"	1000	20	0.9	10	0.1	-0.5	0.0625089357067729	-0.0518189027524784	0.00172777785019974	0.00490607240494762
"95"	1000	20	0.9	10	0.1	-0.9	0.0372538221848177	-0.0172604876924321	0.00398970953747062	0.00469395764725491
"96"	1000	20	0.9	1	1	0	0.00656201442645865	-0.0176484787462583	0.00536770968234134	0.00461768970265718
"97"	1000	20	0.9	1	1	0.5	0.00213589222902317	-0.0174289525453441	0.0075605184605094	0.00415246127079635
"98"	1000	20	0.9	1	1	0.9	-0.000238666440848145	0.00269128673445942	0.00442004972906844	0.00175085403601856
"99"	1000	20	0.9	1	1	-0.5	0.000510768361900359	-0.00288271012080491	0.00276150414909307	0.00444050855562619
"100"	1000	20	0.9	1	1	-0.9	-0.00946392022845905	-0.00454838377683407	0.0029039441348404	0.00238162963257888
"101"	1000	20	0.5	10	1	0	0.0997894187269186	0.0414075064435848	0.0055114072593544	0.00636532685060159
"102"	1000	20	0.5	10	1	0.5	0.136160526675171	-0.0603589553093685	0.00801024193644779	0.00588647896066927
"103"	1000	20	0.5	10	1	0.9	0.406852228935106	-0.357773327190173	0.00345542739562696	0.00537833583785691
"104"	1000	20	0.5	10	1	-0.5	0.153036164964031	0.0961240203311576	0.00426881977885803	0.00354169425021813
"105"	1000	20	0.5	10	1	-0.9	0.538504567166433	0.492005644102968	0.00325594715853741	0.00299034665908613
"106"	1000	20	0.5	10	10	0	0.121897385347156	0.128694175345037	0.00384280034554161	0.00662723027310753
"107"	1000	20	0.5	10	10	0.5	0.0917938497016611	0.11181332936463	0.00479842922612517	0.00398417778182792
"108"	1000	20	0.5	10	10	0.9	0.0468786139622932	0.0635822644334111	0.00323967384955209	0.00362835827878286
"109"	1000	20	0.5	10	10	-0.5	0.266724994524536	0.231484656539979	0.00383332382922639	0.00445304818531486
"110"	1000	20	0.5	10	10	-0.9	1.03514688893885	1.04176428621672	0.00219338956551038	0.00598177153033211
"111"	1000	20	0.5	10	0.1	0	0.108743424601922	-0.0815941632986346	0.00472651575853213	0.00570884606206183
"112"	1000	20	0.5	10	0.1	0.5	0.185175586485289	-0.182934460728682	0.00308680137308229	0.00337341223720244
"113"	1000	20	0.5	10	0.1	0.9	0.722944639938238	-0.786015529163394	0.00146132375062226	0.00476430683648866
"114"	1000	20	0.5	10	0.1	-0.5	0.0889172737062014	-0.051334247803255	0.00553407023403027	0.00320996380219706
"115"	1000	20	0.5	10	0.1	-0.9	0.0491521467552107	-0.0419403895394021	0.00253841328722018	0.0036660114374153
"116"	1000	20	0.5	1	1	0	-0.00596761405869149	0.00493225138617556	0.00738122732995774	0.00197008011230079
"117"	1000	20	0.5	1	1	0.5	0.0367593151632147	-0.000542370034979097	0.00459736419515753	0.00225929241775815
"118"	1000	20	0.5	1	1	0.9	0.00198391595803268	-0.0277593888935728	0.0044325027621824	0.00536019760091777
"119"	1000	20	0.5	1	1	-0.5	0.00177140540807051	-0.00697341158752962	0.002974481386893	0.0047611375295736
"120"	1000	20	0.5	1	1	-0.9	0.00786577271815068	-0.0054852141654677	0.00241430985026927	0.00316712527727649
"121"	1000	30	0.9	10	1	0	0.0990724521544273	0.0799396531196908	0.00532777631499199	0.00599232608755278
"122"	1000	30	0.9	10	1	0.5	0.131496464479529	0.0046717137106723	0.00456808679913759	0.00683284850334547
"123"	1000	30	0.9	10	1	0.9	0.295626436208163	-0.174665294145191	0.00444493943699046	0.00258465491242656
"124"	1000	30	0.9	10	1	-0.5	0.21492798912366	0.169017361420128	0.00474495656417399	0.00388502995106908
"125"	1000	30	0.9	10	1	-0.9	0.637795439466315	0.593109190066602	0.00311241124457552	0.00294739317597973
"126"	1000	30	0.9	10	10	0	0.171481889191506	0.165889772592214	0.00402228900707606	0.00699276384391682
"127"	1000	30	0.9	10	10	0.5	0.11827490313072	0.101438779110602	0.00307405693280089	0.00307240460207978
"128"	1000	30	0.9	10	10	0.9	0.0936094771907557	0.111326263694155	0.00245713852412699	0.00559482996357776
"129"	1000	30	0.9	10	10	-0.5	0.305653151311079	0.309800791031927	0.00230510220065681	0.00399973607801009
"130"	1000	30	0.9	10	10	-0.9	1.23658935096742	1.2466046180884	0.00397976471672462	0.00390242180346686
"131"	1000	30	0.9	10	0.1	0	0.071199427132824	-0.0217842937841151	0.00435716657559873	0.0046685503581155
"132"	1000	30	0.9	10	0.1	0.5	0.0997771246477085	-0.0908342840751661	0.00599628870675662	0.00635603984466276
"133"	1000	30	0.9	10	0.1	0.9	0.454307938702102	-0.483864711349425	0.00255425649690848	0.00308369879861516
"134"	1000	30	0.9	10	0.1	-0.5	0.0444416534381829	-0.0230886332466103	0.00378784583470737	0.00321404751395025
"135"	1000	30	0.9	10	0.1	-0.9	0.00730115714654465	-0.041560027387336	0.00265871368114692	0.00377217264651273
"136"	1000	30	0.9	1	1	0	-0.010917130549659	-0.0181577215153437	0.00462963460115761	0.00535708542586695
"137"	1000	30	0.9	1	1	0.5	-0.00648521059654814	-0.00923374307479729	0.00433519589810789	0.00322356921794772
"138"	1000	30	0.9	1	1	0.9	0.0282164790446342	0.0268144285100303	0.00548131833838504	0.00701649182475696
"139"	1000	30	0.9	1	1	-0.5	0.00216927278206528	0.00344035027410205	0.00352215810065744	0.00535707810348777
"140"	1000	30	0.9	1	1	-0.9	-0.00466848543384231	-0.0191709665797808	0.0029435328404414	0.00332047765383771
"141"	1000	30	0.5	10	1	0	0.0936477475337372	0.0420677477504314	0.00590763647334676	0.00575674887441399
"142"	1000	30	0.5	10	1	0.5	0.149439281562221	-0.014526523201639	0.00409934947185393	0.00231009500609843
"143"	1000	30	0.5	10	1	0.9	0.397657515895671	-0.304546589416936	0.00499336379416621	0.00512067871454875
"144"	1000	30	0.5	10	1	-0.5	0.168596284314039	0.117489905286422	0.00605243412328946	0.00390639446209264
"145"	1000	30	0.5	10	1	-0.9	0.580816325331945	0.541938277209466	0.00481746462607779	0.00354294068291165
"146"	1000	30	0.5	10	10	0	0.117625591121953	0.138575073107313	0.00366298244141342	0.00432982821913009
"147"	1000	30	0.5	10	10	0.5	0.0925665800529267	0.0821341615128535	0.00223498938912548	0.00358119361085253
"148"	1000	30	0.5	10	10	0.9	0.110121767293159	0.0808901860264155	0.00358119225768548	0.00636427599400819
"149"	1000	30	0.5	10	10	-0.5	0.305255821863121	0.318152254700547	0.00837618264967945	0.00555892109760699
"150"	1000	30	0.5	10	10	-0.9	1.0897989454672	1.07813946474818	0.00287887199442982	0.0037107883691745
"151"	1000	30	0.5	10	0.1	0	0.110356831223904	-0.068642668677172	0.00580810163182631	0.00558944531353511
"152"	1000	30	0.5	10	0.1	0.5	0.179438482168379	-0.149429444041886	0.00295279145005084	0.00744106224188626
"153"	1000	30	0.5	10	0.1	0.9	0.692486005385656	-0.678079386792292	0.00557994598348669	0.00364831637614204
"154"	1000	30	0.5	10	0.1	-0.5	0.0612096410504991	-0.034071756227629	0.00600355900990152	0.00433718364814067
"155"	1000	30	0.5	10	0.1	-0.9	0.0284730227334996	-0.0661831121783374	0.00279208137176627	0.00362807441634681
"156"	1000	30	0.5	1	1	0	-0.00803093172376465	0.00505341548378788	0.00222750251212842	0.00586171393954074
"157"	1000	30	0.5	1	1	0.5	-0.00711354716874403	-0.00861839602731106	0.00461277913195241	0.00557313867372739
"158"	1000	30	0.5	1	1	0.9	-0.0277228859562574	-0.024099250704723	0.00269496609401981	0.00358071207284191
"159"	1000	30	0.5	1	1	-0.5	-0.00316607321371388	-0.00898045772316392	0.0025521941517903	0.00403006891398695
"160"	1000	30	0.5	1	1	-0.9	0.000895537368306264	-0.00346789668650826	0.00498070329959308	0.00150156897530355
"161"	1000	40	0.9	10	1	0	0.0971116686541171	0.0534846640569767	0.00335889463521296	0.00456639242605883
"162"	1000	40	0.9	10	1	0.5	0.0748473334834695	0.0157985723808287	0.0041381497147047	0.00441650873373075
"163"	1000	40	0.9	10	1	0.9	0.193862802816543	-0.107575840197561	0.00562106589489508	0.00550227578546748
"164"	1000	40	0.9	10	1	-0.5	0.222930141118067	0.214968842841403	0.00181480601849159	0.00310607250463195
"165"	1000	40	0.9	10	1	-0.9	0.666785290691175	0.653333760683973	0.00158860791928923	0.00254573918231205
"166"	1000	40	0.9	10	10	0	0.190421664828614	0.158690998677952	0.00576619836465373	0.00659568512960958
"167"	1000	40	0.9	10	10	0.5	0.113471136791195	0.122779109085976	0.00432111755343806	0.00459761639553487
"168"	1000	40	0.9	10	10	0.9	0.0923309524884673	0.101467760388888	0.00640541396500738	0.00444392170695717
"169"	1000	40	0.9	10	10	-0.5	0.382832231542976	0.371532998363125	0.00334584894294785	0.00329522400703217
"170"	1000	40	0.9	10	10	-0.9	1.33465878880681	1.32761668026592	0.00327597946266995	0.00333457086491986
"171"	1000	40	0.9	10	0.1	0	0.0342565977346051	-0.0278727376193219	0.00426296777606339	0.00382251985843102
"172"	1000	40	0.9	10	0.1	0.5	0.0611249162782917	-0.0719481997805234	0.00482091104180068	0.00431558276454135
"173"	1000	40	0.9	10	0.1	0.9	0.2728561897095	-0.309923840535353	0.0069295606558998	0.00742449662824818
"174"	1000	40	0.9	10	0.1	-0.5	0.0433175106735252	-0.0292530994469455	0.0033992379739297	0.00415430135647837
"175"	1000	40	0.9	10	0.1	-0.9	-0.0116429205098972	-0.020272367267131	0.00210984310938129	0.00271476823250971
"176"	1000	40	0.9	1	1	0	-0.0101507927390392	-0.0193228929911015	0.00231226159520084	0.00154077559192212
"177"	1000	40	0.9	1	1	0.5	-0.0152001547750104	-0.00586062216313679	0.00331438027978718	0.00292924978467594
"178"	1000	40	0.9	1	1	0.9	0.0125137125868806	0.0123514793938158	0.00699241405062829	0.0040637188745334
"179"	1000	40	0.9	1	1	-0.5	0.0094163729889021	-0.0110892310141633	0.00344674030621034	0.00448398830350255
"180"	1000	40	0.9	1	1	-0.9	-0.0085769395055076	0.00816380041343077	0.00337260253943077	0.00236002014836421
"181"	1000	40	0.5	10	1	0	0.0890669537953242	0.00943217771618418	0.00342516227649927	0.00301825970919256
"182"	1000	40	0.5	10	1	0.5	0.114234597987153	-0.0165255452061693	0.00611231667537997	0.00732272035198464
"183"	1000	40	0.5	10	1	0.9	0.342688926811641	-0.231993459202028	0.0061950977486782	0.00697984150921298
"184"	1000	40	0.5	10	1	-0.5	0.164117511331244	0.124002343291461	0.00467054896782089	0.00464783343452886
"185"	1000	40	0.5	10	1	-0.9	0.614322745119896	0.573881961296825	0.00284345697520783	0.00367240667730212
"186"	1000	40	0.5	10	10	0	0.163902966038216	0.164502524410716	0.0044968887074126	0.00443499550620477
"187"	1000	40	0.5	10	10	0.5	0.102125367852888	0.111985196983373	0.00760764599383598	0.00411054702324227
"188"	1000	40	0.5	10	10	0.9	0.088816942300375	0.0634641627011976	0.00376347454923775	0.00491430616310321
"189"	1000	40	0.5	10	10	-0.5	0.314408216101814	0.294712470048545	0.00461526390023254	0.00556208750400601
"190"	1000	40	0.5	10	10	-0.9	1.15722253226048	1.16414487798438	0.00274342292696618	0.00323813510619751
"191"	1000	40	0.5	10	0.1	0	0.0637246782745755	-0.0866027845088472	0.00461545638088899	0.00399969388816776
"192"	1000	40	0.5	10	0.1	0.5	0.154108746668972	-0.135237599714303	0.00672578942289714	0.00692617705155413
"193"	1000	40	0.5	10	0.1	0.9	0.593638890062986	-0.595659098906709	0.0035966769603204	0.00514872064665503
"194"	1000	40	0.5	10	0.1	-0.5	0.042113013662497	-0.0523300381467346	0.00360893185269199	0.004880011684654
"195"	1000	40	0.5	10	0.1	-0.9	0.0299760378539354	-0.0347337761195592	0.00263120945811258	0.00221107974953215
"196"	1000	40	0.5	1	1	0	0.00235981580796658	-0.00156998840681837	0.00629599630771416	0.00618692305447295
"197"	1000	40	0.5	1	1	0.5	-0.00397917108181286	-0.00632392680018346	0.0061238672413253	0.00691025320724771
"198"	1000	40	0.5	1	1	0.9	0.0293099733684013	0.0305297891415184	0.0076541261598779	0.00927268283414664
"199"	1000	40	0.5	1	1	-0.5	-0.0121063914777926	0.0187815735144277	0.00315723705259071	0.00366533113681893
"200"	1000	40	0.5	1	1	-0.9	0.00824424207187024	-0.00463050311446316	0.00332938108068726	0.00213967209519131
"201"	1000	50	0.9	10	1	0	0.126596241001881	0.116387533917723	0.00396253970591318	0.00406632502697456
"202"	1000	50	0.9	10	1	0.5	0.070224679406347	0.0459428186016572	0.00400560650705669	0.00501745472565922
"203"	1000	50	0.9	10	1	0.9	0.10365736098225	-0.00596141138844774	0.00398082234155535	0.00372472147002747
"204"	1000	50	0.9	10	1	-0.5	0.207158297769767	0.200343273974097	0.00379874465809113	0.00400360209822661
"205"	1000	50	0.9	10	1	-0.9	0.717598242230714	0.719427461828947	0.0022036201354586	0.00171245456228697
"206"	1000	50	0.9	10	10	0	0.214197247655329	0.201317499798337	0.00432887137087274	0.00346965880641803
"207"	1000	50	0.9	10	10	0.5	0.161492992103711	0.152843544938595	0.00544500669015544	0.00555789755114212
"208"	1000	50	0.9	10	10	0.9	0.138585918463971	0.138106699205038	0.00574705519923165	0.0074435870826046
"209"	1000	50	0.9	10	10	-0.5	0.379718496843476	0.386281103617932	0.00325187299532258	0.00320413609910826
"210"	1000	50	0.9	10	10	-0.9	1.43190449108815	1.43406709524325	0.00191352539084063	0.00177257503750913
"211"	1000	50	0.9	10	0.1	0	0.0126888198402102	-0.006651983258773	0.00505444511959093	0.00524052410023454
"212"	1000	50	0.9	10	0.1	0.5	0.0233292090843479	-0.0192764488262388	0.00283163856461025	0.00384797273475328
"213"	1000	50	0.9	10	0.1	0.9	0.110035305005813	-0.109929611899236	0.00306213979492139	0.0043788336074331
"214"	1000	50	0.9	10	0.1	-0.5	-0.00716679021441464	-0.0123407776351858	0.00449004269909253	0.0038804156096825
"215"	1000	50	0.9	10	0.1	-0.9	-0.00283351647348838	-0.00441905765876144	0.00333111185100279	0.0022515809796141
"216"	1000	50	0.9	1	1	0	-0.00828107397978107	-0.00884510560766799	0.00350353523184543	0.004138661474327
"217"	1000	50	0.9	1	1	0.5	-0.0173728983186128	-0.023339762275136	0.00357511970832537	0.00389004774756261
"218"	1000	50	0.9	1	1	0.9	-0.0111569315558637	-0.0150705552357691	0.00380959685998566	0.00400386911983107
"219"	1000	50	0.9	1	1	-0.5	-0.0119038378582367	-0.00837346688852164	0.0028882440812731	0.0031322050035247
"220"	1000	50	0.9	1	1	-0.9	0.0186913567827671	0.0189111857298438	0.00176425880618407	0.00201871109090258
"221"	1000	50	0.5	10	1	0	0.109163935874336	0.0326442141801788	0.003775203466463	0.00602783773439084
"222"	1000	50	0.5	10	1	0.5	0.117235611096892	0.0158116490102144	0.00384637919261119	0.00362804303084472
"223"	1000	50	0.5	10	1	0.9	0.298964507529458	-0.194765986368135	0.00650304420866319	0.00422441220937543
"224"	1000	50	0.5	10	1	-0.5	0.156243947078475	0.110592596379564	0.00336769380680122	0.003806486614514
"225"	1000	50	0.5	10	1	-0.9	0.65253616016348	0.625721936366687	0.00273880709785023	0.00375693025369087
"226"	1000	50	0.5	10	10	0	0.178070240531417	0.170442712967859	0.00277991616993146	0.00297704789589202
"227"	1000	50	0.5	10	10	0.5	0.10378955854167	0.131963496035271	0.00247991915676196	0.00247920377559088
"228"	1000	50	0.5	10	10	0.9	0.125995686968039	0.133926855607128	0.00317148807590241	0.00564875421651913
"229"	1000	50	0.5	10	10	-0.5	0.330682276080228	0.311746860682239	0.00641319240558302	0.00353654550775933
"230"	1000	50	0.5	10	10	-0.9	1.24139652909593	1.22817098372158	0.00689586302702214	0.00316087677987085
"231"	1000	50	0.5	10	0.1	0	0.0579011220578655	-0.0554968667948028	0.00569106494397536	0.0034147635377809
"232"	1000	50	0.5	10	0.1	0.5	0.121762430739103	-0.10618230270712	0.00921487731947004	0.00499002079406715
"233"	1000	50	0.5	10	0.1	0.9	0.522676696103623	-0.516668960310782	0.00434994078791628	0.00295587464268242
"234"	1000	50	0.5	10	0.1	-0.5	0.0235047343690332	-0.0604092511313975	0.00333469991469306	0.00357060462807903
"235"	1000	50	0.5	10	0.1	-0.9	0.0472426623237894	-0.0352993121719767	0.00374312497075522	0.00347226993871319
"236"	1000	50	0.5	1	1	0	-0.000642872828108018	0.00479109818790879	0.00629952283433643	0.00417755150395321
"237"	1000	50	0.5	1	1	0.5	0.00337364242579784	0.002547305287978	0.0058029236302623	0.00568758225327889
"238"	1000	50	0.5	1	1	0.9	-0.000138724922997552	-0.0135653412469985	0.00413178151354476	0.00536707809704222
"239"	1000	50	0.5	1	1	-0.5	0.00221246732246296	0.00168454463100998	0.00208351451633251	0.0034964784346477
"240"	1000	50	0.5	1	1	-0.9	-0.00653872210334274	0.00562301066991175	0.00302000372816017	0.00369429939567228
"241"	10000	0	0.9	10	1	0	0.898494936823046	0.0178431507044916	0.00238437163880935	0.00202245448967702
"242"	10000	0	0.9	10	1	0.5	1.03716285637642	-0.387472227238858	0.00379592039320938	0.00283211098920226
"243"	10000	0	0.9	10	1	0.9	1.41296542285479	-0.881010302888137	0.00154088158209489	0.00203350475974002
"244"	10000	0	0.9	10	1	-0.5	1.05149109657262	0.398881369281215	0.00484274344172908	0.00310279413042554
"245"	10000	0	0.9	10	1	-0.9	1.40960337922169	0.872200523372245	0.00350454720711143	0.00257900912792654
"246"	10000	0	0.9	10	10	0	0.889399209693279	0.913129043328842	0.00232243594433078	0.00345997607035635
"247"	10000	0	0.9	10	10	0.5	0.641303789221114	0.645315807188396	0.00408817538390266	0.00409815525715295
"248"	10000	0	0.9	10	10	0.9	0.542621869875117	0.536445816302555	0.00166921008953136	0.00164795660148976
"249"	10000	0	0.9	10	10	-0.5	1.44510658436715	1.45792421154127	0.00243679012336029	0.00270498113363748
"250"	10000	0	0.9	10	10	-0.9	2.28128335387394	2.28457211235773	0.002319209459011	0.0025713855690333
"251"	10000	0	0.9	10	0.1	0	0.914434092847764	-0.907987602681983	0.00314689511299915	0.00502906144048475
"252"	10000	0	0.9	10	0.1	0.5	1.47026063326643	-1.46478629944425	0.000956618387460656	0.00315736267825052
"253"	10000	0	0.9	10	0.1	0.9	2.26820068054248	-2.2978578036889	0.00186041432515267	0.00185548651273803
"254"	10000	0	0.9	10	0.1	-0.5	0.659237842431695	-0.66209062877262	0.00593725451837178	0.00198705082268899
"255"	10000	0	0.9	10	0.1	-0.9	0.540244324815158	-0.538636231246161	0.00128780261488524	0.000850594096162535
"256"	10000	0	0.9	1	1	0	0.0110541861073553	-0.0153817396944098	0.00337987233654782	0.00288910776407464
"257"	10000	0	0.9	1	1	0.5	-0.0182729715947482	-0.0231634395219022	0.00316174522535158	0.00377550192816876
"258"	10000	0	0.9	1	1	0.9	-0.0050612112363123	-0.00490011471064347	0.0016176773206126	0.00128518092735429
"259"	10000	0	0.9	1	1	-0.5	0.010322638212317	-0.00991547415226895	0.00297798512429475	0.00172058209233432
"260"	10000	0	0.9	1	1	-0.9	0.00388335240435116	-0.00695685406557632	0.00328063795091608	0.00270783591131086
"261"	10000	0	0.5	10	1	0	0.922287592814543	-0.0171131923853317	0.00230781691392111	0.00262912065938431
"262"	10000	0	0.5	10	1	0.5	1.04656859823079	-0.419627903842807	0.00250890908472326	0.0035408455508279
"263"	10000	0	0.5	10	1	0.9	1.43377756359577	-0.868133840970084	0.00180522141416467	0.00183497704718095
"264"	10000	0	0.5	10	1	-0.5	1.05751268845195	0.386635198878719	0.00315217290827283	0.00235536031435975
"265"	10000	0	0.5	10	1	-0.9	1.41270942154571	0.879129530794139	0.00267145455479742	0.00296736087501063
"266"	10000	0	0.5	10	10	0	0.926131814335066	0.912645431084937	0.00306736146980939	0.0038784250391618
"267"	10000	0	0.5	10	10	0.5	0.66651535688545	0.6572897834674	0.00227712989044805	0.00234902398986356
"268"	10000	0	0.5	10	10	0.9	0.514227802287547	0.520001438404181	0.00135662109452082	0.00172245922858191
"269"	10000	0	0.5	10	10	-0.5	1.43843210062822	1.45958269194758	0.00471905582826723	0.00474596634031011
"270"	10000	0	0.5	10	10	-0.9	2.28646566017878	2.29205294657869	0.00182129680099694	0.00129652261894701
"271"	10000	0	0.5	10	0.1	0	0.919883059522486	-0.910848745813212	0.004624077163601	0.00605930260131115
"272"	10000	0	0.5	10	0.1	0.5	1.44236991765105	-1.46153412423564	0.00418149067247915	0.00487131207722015
"273"	10000	0	0.5	10	0.1	0.9	2.30404802307503	-2.28538007757691	0.00220404929337098	0.0019402453706001
"274"	10000	0	0.5	10	0.1	-0.5	0.644658986598584	-0.676638415214467	0.00246610681186931	0.00250399273654527
"275"	10000	0	0.5	10	0.1	-0.9	0.54885555329156	-0.549886975219937	0.00226007962502835	0.00201768404743952
"276"	10000	0	0.5	1	1	0	0.00310567372413032	-0.00666777586005148	0.00233949105416442	0.00234313805029583
"277"	10000	0	0.5	1	1	0.5	-0.000385900501334768	-0.0204934220161445	0.00424403740722993	0.00298087786450425
"278"	10000	0	0.5	1	1	0.9	-0.00206789381911033	0.00509954397984609	0.00143690411695262	0.00129891331703006
"279"	10000	0	0.5	1	1	-0.5	0.00215120925241781	-0.00279996770041637	0.00403204836140094	0.00259049431954479
"280"	10000	0	0.5	1	1	-0.9	0.00565245725905407	-0.00351168478995029	0.00301924980752788	0.00246020064113496
"281"	10000	10	0.9	10	1	0	0.896550821835808	0.148856781124485	0.00503389957108514	0.00266196411925183
"282"	10000	10	0.9	10	1	0.5	1.01946389921589	-0.269723783914638	0.00352317310724945	0.00182196782901742
"283"	10000	10	0.9	10	1	0.9	1.42493789991098	-0.840664821180109	0.00151004298946265	0.00159535144281972
"284"	10000	10	0.9	10	1	-0.5	1.07207187442477	0.531771289288532	0.00323400612748973	0.00292278718990267
"285"	10000	10	0.9	10	1	-0.9	1.36174140732421	0.934170116028927	0.00176991879519641	0.0014678648947644
"286"	10000	10	0.9	10	10	0	1.01214608175345	1.04659042569961	0.00286582327609137	0.00242010995989744
"287"	10000	10	0.9	10	10	0.5	0.742374882060014	0.745231628184982	0.00405118418250654	0.00239585694844751
"288"	10000	10	0.9	10	10	0.9	0.607741798518166	0.612437112937055	0.00121591387213741	0.000973208977003618
"289"	10000	10	0.9	10	10	-0.5	1.59996693486939	1.62466874203687	0.00306081755866809	0.00204377524587045
"290"	10000	10	0.9	10	10	-0.9	2.27963084240667	2.31311205956343	0.00177898431003941	0.00112887318368413
"291"	10000	10	0.9	10	0.1	0	0.757955290467799	-0.779652927943514	0.00264500314631025	0.00257664642037702
"292"	10000	10	0.9	10	0.1	0.5	1.29393017840239	-1.29464461955366	0.00277407709907524	0.00397072392850465
"293"	10000	10	0.9	10	0.1	0.9	2.25066044954319	-2.27786166651692	0.00197017443589218	0.00174417055877499
"294"	10000	10	0.9	10	0.1	-0.5	0.539825998090101	-0.528075611128422	0.00339460197065868	0.00225331424348247
"295"	10000	10	0.9	10	0.1	-0.9	0.440752386630373	-0.442062317335418	0.00102394342555049	0.000771924328893249
"296"	10000	10	0.9	1	1	0	-0.00270254274110181	-3.802314214005e-05	0.00213927490214484	0.00140784990898936
"297"	10000	10	0.9	1	1	0.5	-0.0115147835967265	-0.0179904654938222	0.00269193045164622	0.00102046427677906
"298"	10000	10	0.9	1	1	0.9	-0.00476617019157369	-0.00627322852091779	0.00325880977824726	0.00297197001176974
"299"	10000	10	0.9	1	1	-0.5	0.0104700986245132	-0.00122730622999983	0.00243004238400977	0.00531780084354749
"300"	10000	10	0.9	1	1	-0.9	-0.00558831676502266	0.00171955197054769	0.0022496092514953	0.00129172744914331
"301"	10000	10	0.5	10	1	0	0.893846358414512	0.0626558698785791	0.00479861133557635	0.00342846152039475
"302"	10000	10	0.5	10	1	0.5	1.03831931757427	-0.369104513105511	0.00404661150370584	0.00644528962505373
"303"	10000	10	0.5	10	1	0.9	1.42046711873929	-0.852478683104508	0.0015730133533575	0.00125442351846642
"304"	10000	10	0.5	10	1	-0.5	1.07032178213603	0.459203167471259	0.00368950088505475	0.00270768194712653
"305"	10000	10	0.5	10	1	-0.9	1.39829782607652	0.904203469513324	0.0029433967550188	0.00210119848185854
"306"	10000	10	0.5	10	10	0	1.0074444286813	0.960638354330683	0.00267895207278863	0.00301026085442569
"307"	10000	10	0.5	10	10	0.5	0.710929333621974	0.72010102393386	0.00330360918116511	0.00338239781893269
"308"	10000	10	0.5	10	10	0.9	0.562046703217114	0.571167140418877	0.00276619752606745	0.00301693027212867
"309"	10000	10	0.5	10	10	-0.5	1.53310651493916	1.53063142149411	0.00435281045739549	0.00379289905834611
"310"	10000	10	0.5	10	10	-0.9	2.2882870905786	2.30696271608265	0.00226723214934484	0.00163400315602964
"311"	10000	10	0.5	10	0.1	0	0.840508275013966	-0.828022203271601	0.00336622392647985	0.00352705332226456
"312"	10000	10	0.5	10	0.1	0.5	1.36966615299809	-1.37305581057723	0.00241832736886944	0.00239076135088241
"313"	10000	10	0.5	10	0.1	0.9	2.2928175098917	-2.27900561311401	0.00234674747514391	0.00317248513336372
"314"	10000	10	0.5	10	0.1	-0.5	0.595688382185578	-0.604296217103497	0.00182914370112319	0.00197645999643418
"315"	10000	10	0.5	10	0.1	-0.9	0.478665747362204	-0.48854585298884	0.00153404524720255	0.00136870726192228
"316"	10000	10	0.5	1	1	0	-0.00538769053952335	0.0310337538652456	0.00471591066198397	0.00221490275822369
"317"	10000	10	0.5	1	1	0.5	-0.00720085250143507	-0.0060263515236078	0.00169160105032994	0.00306785923539588
"318"	10000	10	0.5	1	1	0.9	-0.00222187207714568	-0.0167647746430736	0.00188188085367601	0.00176152618861744
"319"	10000	10	0.5	1	1	-0.5	-0.00732409362059767	0.0141670114596353	0.00333505772327815	0.00304296946417176
"320"	10000	10	0.5	1	1	-0.9	0.00899485257337434	0.00164185606557503	0.00179556935530445	0.00104715795040733
"321"	10000	20	0.9	10	1	0	0.876276063829785	0.26854556566529	0.00206384356037745	0.00431022212216918
"322"	10000	20	0.9	10	1	0.5	0.95275734922107	-0.137603002594612	0.00273118113546741	0.00306794048139474
"323"	10000	20	0.9	10	1	0.9	1.44534808225024	-0.767901615590882	0.00159668746824198	0.00289251522881699
"324"	10000	20	0.9	10	1	-0.5	1.06757079103609	0.650699076548043	0.00266844475792146	0.000968521649362705
"325"	10000	20	0.9	10	1	-0.9	1.31379921018682	0.983904418094536	0.00161534803311038	0.00178855523650368
"326"	10000	20	0.9	10	10	0	1.13245133433562	1.13553926246557	0.0031942664058184	0.00188931845074137
"327"	10000	20	0.9	10	10	0.5	0.851698892144107	0.842756332885178	0.00340036086354041	0.00541075424463469
"328"	10000	20	0.9	10	10	0.9	0.708962810591535	0.696213393534784	0.0017203271628389	0.00240822625513292
"329"	10000	20	0.9	10	10	-0.5	1.71447747031839	1.72853532346046	0.00170613643766553	0.00345807875230931
"330"	10000	20	0.9	10	10	-0.9	2.30286753046675	2.2876510500189	0.00173265157011382	0.00165743320682648
"331"	10000	20	0.9	10	0.1	0	0.629054612828598	-0.636499199883339	0.0027457513472028	0.00375130790958938
"332"	10000	20	0.9	10	0.1	0.5	1.09897830604697	-1.07608613544332	0.00281944729869504	0.00373572535996038
"333"	10000	20	0.9	10	0.1	0.9	2.20730901536856	-2.21414964011391	0.0014047706510768	0.00120122404632425
"334"	10000	20	0.9	10	0.1	-0.5	0.442691705594758	-0.450313674589288	0.00399470814994072	0.00351004239877274
"335"	10000	20	0.9	10	0.1	-0.9	0.368162685294534	-0.373512172028219	0.00146200216678962	0.00090790861305625
"336"	10000	20	0.9	1	1	0	-0.0060806720315162	-0.00186526123318354	0.00307182637299152	0.00336251347736119
"337"	10000	20	0.9	1	1	0.5	0.00525344209796316	-0.0108266195648076	0.00194619843694247	0.00341760801262897
"338"	10000	20	0.9	1	1	0.9	0.0157965380483555	0.00817062003793318	0.00229475402751171	0.00255461960398339
"339"	10000	20	0.9	1	1	-0.5	0.0103705113119493	0.0062280387750179	0.00228332812654653	0.00241880804825202
"340"	10000	20	0.9	1	1	-0.9	-0.00275268092100506	-0.00378707367915094	0.00174857048204833	0.0013296704505141
"341"	10000	20	0.5	10	1	0	0.908641887025276	0.136222380596483	0.00299739238448288	0.0032767470544208
"342"	10000	20	0.5	10	1	0.5	1.01171894558035	-0.267894509705971	0.00442148625532447	0.00375547740094111
"343"	10000	20	0.5	10	1	0.9	1.44789305684572	-0.826857895279817	0.0035303212257342	0.00157099176993584
"344"	10000	20	0.5	10	1	-0.5	1.07892721272581	0.537870219791273	0.00332695104085842	0.00201138106199075
"345"	10000	20	0.5	10	1	-0.9	1.39342289763762	0.909243403979158	0.00186615376399901	0.00318940517443529
"346"	10000	20	0.5	10	10	0	1.02829128333174	1.06439863266181	0.0050224375890759	0.00238371935170218
"347"	10000	20	0.5	10	10	0.5	0.752475588888724	0.754553644166847	0.0027513063564652	0.0026568092212029
"348"	10000	20	0.5	10	10	0.9	0.640666930421179	0.624975699884007	0.00214818717981852	0.00169156640425693
"349"	10000	20	0.5	10	10	-0.5	1.58813901215026	1.60674946015835	0.00244155686273459	0.00293124053131099
"350"	10000	20	0.5	10	10	-0.9	2.30068749464667	2.29770140135733	0.00212460043686979	0.00315048124448652
"351"	10000	20	0.5	10	0.1	0	0.759038323329961	-0.774941467780665	0.00497260855322249	0.00216778632463069
"352"	10000	20	0.5	10	0.1	0.5	1.26443569089197	-1.2570462542782	0.00319078244833295	0.00237729730010623
"353"	10000	20	0.5	10	0.1	0.9	2.26272279265226	-2.25387207830571	0.00183681954408684	0.00205371425215516
"354"	10000	20	0.5	10	0.1	-0.5	0.541802846646154	-0.532750977293011	0.00212485952974721	0.00435998178476878
"355"	10000	20	0.5	10	0.1	-0.9	0.452844798566981	-0.456301569394237	0.00158820686286908	0.0022171373333326
"356"	10000	20	0.5	1	1	0	0.0126324287416643	0.00841073858316802	0.00191548396928652	0.00438873555280574
"357"	10000	20	0.5	1	1	0.5	-0.00252514399977274	0.00595068093010191	0.00307992757392204	0.00327606250566363
"358"	10000	20	0.5	1	1	0.9	0.000112926120344827	0.00331003058683276	0.00224285435558334	0.00270850764070187
"359"	10000	20	0.5	1	1	-0.5	-0.00432508402921544	0.00245533936773392	0.000898090930708483	0.00333218151974036
"360"	10000	20	0.5	1	1	-0.9	0.00234026475121062	0.000194274294110837	0.00209165318434399	0.0024676602912169
"361"	10000	30	0.9	10	1	0	0.854766652727013	0.371817516396969	0.00136480091479124	0.00235322118683903
"362"	10000	30	0.9	10	1	0.5	0.879031925374412	0.0276725168277611	0.00256470433730031	0.00160756728972564
"363"	10000	30	0.9	10	1	0.9	1.43072339371931	-0.646855409893078	0.00250405631588328	0.00263470322337809
"364"	10000	30	0.9	10	1	-0.5	1.06516246144532	0.745776171730632	0.001838714985419	0.00173693993167361
"365"	10000	30	0.9	10	1	-0.9	1.28426596321263	1.03303520405843	0.00105515945442833	0.000916550664341427
"366"	10000	30	0.9	10	10	0	1.23881979951826	1.24002284617947	0.00232890751126217	0.00543813876448533
"367"	10000	30	0.9	10	10	0.5	0.93863954403283	0.925233165003387	0.00248930765293856	0.00226164994577904
"368"	10000	30	0.9	10	10	0.9	0.754967253476101	0.764723569154069	0.00150508472977806	0.000842153999958486
"369"	10000	30	0.9	10	10	-0.5	1.81901167487982	1.80938858876187	0.00241271758710727	0.00117848666361566
"370"	10000	30	0.9	10	10	-0.9	2.30594238121596	2.30347882204737	0.00121766293765132	0.00162045106945043
"371"	10000	30	0.9	10	0.1	0	0.497214619807498	-0.45468368476717	0.00172603731869944	0.00366694758766945
"372"	10000	30	0.9	10	0.1	0.5	0.825111774333619	-0.871133932659502	0.00252473622976591	0.00200081022197973
"373"	10000	30	0.9	10	0.1	0.9	2.0845205247659	-2.07676890220685	0.00373520173666978	0.00358494934886925
"374"	10000	30	0.9	10	0.1	-0.5	0.322555916498998	-0.323258186447401	0.00419591724746985	0.00276313271556504
"375"	10000	30	0.9	10	0.1	-0.9	0.251762818300081	-0.26109345413443	0.00125559187928492	0.000648701088292999
"376"	10000	30	0.9	1	1	0	-0.0159565485737214	-0.000146603465438042	0.00221115228857461	0.002728050605042
"377"	10000	30	0.9	1	1	0.5	0.00702323586990567	0.00694207821205031	0.00339918665940426	0.00330141972620042
"378"	10000	30	0.9	1	1	0.9	0.0103825271283552	0.00570089219872339	0.00217130488112334	0.00379253107098664
"379"	10000	30	0.9	1	1	-0.5	0.0186791858737957	0.0129520650612595	0.00224542338857169	0.00202563070373851
"380"	10000	30	0.9	1	1	-0.9	0.00552316418095885	-0.00154558298732024	0.000919615885043063	0.000737817563627922
"381"	10000	30	0.5	10	1	0	0.884995961742093	0.202221078964267	0.00223345934711893	0.00190359887571258
"382"	10000	30	0.5	10	1	0.5	0.987255637457318	-0.151543274595479	0.00535227273346183	0.0029804116298834
"383"	10000	30	0.5	10	1	0.9	1.46253305740215	-0.777668450342065	0.00438260630634515	0.0032863974580077
"384"	10000	30	0.5	10	1	-0.5	1.0786430511012	0.613085319748976	0.00386896944389928	0.00323365323130599
"385"	10000	30	0.5	10	1	-0.9	1.34988058641576	0.956092348839129	0.00186910114397495	0.00193804646817067
"386"	10000	30	0.5	10	10	0	1.08946385138305	1.09997183162661	0.00251304492648389	0.00331042799284609
"387"	10000	30	0.5	10	10	0.5	0.800652701362983	0.810795708322939	0.00419744527795021	0.00608402546388362
"388"	10000	30	0.5	10	10	0.9	0.661742066199754	0.665117188969611	0.00191477768276749	0.00310275784979068
"389"	10000	30	0.5	10	10	-0.5	1.68108434468992	1.68375669569431	0.00287952957560044	0.00170075774420486
"390"	10000	30	0.5	10	10	-0.9	2.3030354481739	2.28613021704151	0.00184289877318779	0.00143514632592548
"391"	10000	30	0.5	10	0.1	0	0.695107818607031	-0.694423780026456	0.00325535601952009	0.00299566914296139
"392"	10000	30	0.5	10	0.1	0.5	1.1487646912248	-1.17869693189256	0.00386545627410737	0.00278704286139513
"393"	10000	30	0.5	10	0.1	0.9	2.24229581684628	-2.22972729498163	0.00221100151174816	0.00219888514787119
"394"	10000	30	0.5	10	0.1	-0.5	0.479222601681876	-0.467063073980837	0.00280273044597837	0.00300141024675924
"395"	10000	30	0.5	10	0.1	-0.9	0.381021741285137	-0.369624903251235	0.00140337513390426	0.00146189921829686
"396"	10000	30	0.5	1	1	0	-0.0176207568901513	0.00435182621164522	0.0022596240224163	0.0029023973442482
"397"	10000	30	0.5	1	1	0.5	0.0258675172622369	0.0101423184275406	0.00287765598412252	0.00252741327243778
"398"	10000	30	0.5	1	1	0.9	-0.00676412284539627	-0.000955932291618087	0.001686157426193	0.00201484121410401
"399"	10000	30	0.5	1	1	-0.5	-4.75482073626754e-05	-0.00357797375942647	0.00120810973124735	0.00225094555443996
"400"	10000	30	0.5	1	1	-0.9	-0.0111749579627772	0.00401839042053478	0.00176413038806684	0.00182340424499036
"401"	10000	40	0.9	10	1	0	0.821889461703403	0.520091323988839	0.0023770507855989	0.00213114108282762
"402"	10000	40	0.9	10	1	0.5	0.792095795338848	0.228266010875867	0.00406457156086015	0.00511854232755876
"403"	10000	40	0.9	10	1	0.9	1.2958440940429	-0.447229122128054	0.00509245487355896	0.00606373324928521
"404"	10000	40	0.9	10	1	-0.5	1.05727664535029	0.848731445899754	0.00149110182295125	0.00122088969772578
"405"	10000	40	0.9	10	1	-0.9	1.22662173633131	1.07335638360844	0.00104149735593459	0.00100559294039251
"406"	10000	40	0.9	10	10	0	1.33582381266721	1.32657415233897	0.00203575201203357	0.00298750714210968
"407"	10000	40	0.9	10	10	0.5	0.972836197710663	0.972843455820818	0.00471403124142971	0.00556983322565343
"408"	10000	40	0.9	10	10	0.9	0.838401346238207	0.838331574124905	0.0022611387498856	0.00254973751788285
"409"	10000	40	0.9	10	10	-0.5	1.90789737577428	1.89266071832209	0.00192564795953429	0.00208341108594429
"410"	10000	40	0.9	10	10	-0.9	2.31804745378246	2.29822826910098	0.00086838142881098	0.000798146105882885
"411"	10000	40	0.9	10	0.1	0	0.317524343677126	-0.286504973626616	0.00330148904197205	0.00188742622937005
"412"	10000	40	0.9	10	0.1	0.5	0.583015433184118	-0.53981800668627	0.0031065368360441	0.00380051479609256
"413"	10000	40	0.9	10	0.1	0.9	1.74893471305348	-1.74393195017172	0.00325203481008414	0.0033506864608096
"414"	10000	40	0.9	10	0.1	-0.5	0.198184029909954	-0.201964933579586	0.00134412240600159	0.0017206729451071
"415"	10000	40	0.9	10	0.1	-0.9	0.164179977834343	-0.159333125945564	0.000743711948599503	0.000797396159227176
"416"	10000	40	0.9	1	1	0	-0.0206894919917569	-0.01437492116897	0.00277477967954294	0.00305509421074869
"417"	10000	40	0.9	1	1	0.5	-0.000999958483628774	0.0133594628094756	0.00298787410359302	0.00175288826814211
"418"	10000	40	0.9	1	1	0.9	-0.0114443114936788	-0.0130199257658877	0.00241986028988943	0.00206422515912291
"419"	10000	40	0.9	1	1	-0.5	-0.000407593237821777	0.00953373284601179	0.00237440533476985	0.00299756932055489
"420"	10000	40	0.9	1	1	-0.9	-0.00900647119634097	-0.00168834785619822	0.000915307556594428	0.000868758154759999
"421"	10000	40	0.5	10	1	0	0.888904221626011	0.286526450422737	0.00201478730200252	0.00231161197332672
"422"	10000	40	0.5	10	1	0.5	0.951489380180352	-0.106011182275955	0.00357005376493932	0.00277563284281734
"423"	10000	40	0.5	10	1	0.9	1.4657939126679	-0.725898583387416	0.00341245904885788	0.00432938322352494
"424"	10000	40	0.5	10	1	-0.5	1.07535321210816	0.6806552980794	0.0019972686474154	0.00184588988121515
"425"	10000	40	0.5	10	1	-0.9	1.32000114275503	0.979584971286162	0.00125324343264849	0.00159328711022832
"426"	10000	40	0.5	10	10	0	1.15512298597119	1.14667443975253	0.00347851341543301	0.00361893337655334
"427"	10000	40	0.5	10	10	0.5	0.855418822195059	0.879434680782389	0.00285294764603828	0.00397895825117464
"428"	10000	40	0.5	10	10	0.9	0.721879955373452	0.725421016086304	0.00251344744901402	0.00322698197577417
"429"	10000	40	0.5	10	10	-0.5	1.75116437544599	1.73573982877671	0.00249339232588534	0.00164614314295851
"430"	10000	40	0.5	10	10	-0.9	2.29550665357307	2.30032593630485	0.0012427516534838	0.00144157767366551
"431"	10000	40	0.5	10	0.1	0	0.591740364802967	-0.622060434312262	0.00397964816807845	0.00298402916240328
"432"	10000	40	0.5	10	0.1	0.5	1.0355578255563	-1.04416174736547	0.00332921637102066	0.00330526114917549
"433"	10000	40	0.5	10	0.1	0.9	2.18865881455195	-2.1994845003242	0.00196088803457926	0.00139515016506741
"434"	10000	40	0.5	10	0.1	-0.5	0.418367286885089	-0.421813186362744	0.00179085279973194	0.00205615809292594
"435"	10000	40	0.5	10	0.1	-0.9	0.325898846614443	-0.321351161877923	0.00141260277782641	0.00171978255270474
"436"	10000	40	0.5	1	1	0	-0.0116808174520665	-0.00556259789372041	0.00475444287486254	0.0023687456926122
"437"	10000	40	0.5	1	1	0.5	-0.0106755413125857	-0.0117807492018953	0.00355437812609666	0.00413127683051096
"438"	10000	40	0.5	1	1	0.9	0.00165762858159048	-0.00268280612699088	0.00265980870010981	0.00204902072840008
"439"	10000	40	0.5	1	1	-0.5	-0.000780452485688443	0.0089943062413691	0.00206058768947809	0.00306659846395453
"440"	10000	40	0.5	1	1	-0.9	-0.0059431827177902	0.000960234602256531	0.000922299790162194	0.00120005926938951
"441"	10000	50	0.9	10	1	0	0.76120071577261	0.65868814700302	0.00127255003444182	0.00107043142417409
"442"	10000	50	0.9	10	1	0.5	0.662085032847725	0.437546173395194	0.00273870135632529	0.00318340038751557
"443"	10000	50	0.9	10	1	0.9	0.920361776391156	0.0185075268949358	0.00314560295210048	0.00389724651276683
"444"	10000	50	0.9	10	1	-0.5	1.01941273410716	0.940872999154119	0.0012639875317364	0.0011292655591439
"445"	10000	50	0.9	10	1	-0.9	1.17994577300869	1.12120715352969	0.000513506938142605	0.000330482248977786
"446"	10000	50	0.9	10	10	0	1.42737541858012	1.42226078199006	0.00228361306195066	0.00365028494152561
"447"	10000	50	0.9	10	10	0.5	1.08136104001729	1.09047192077698	0.00172572187419494	0.00226411840453246
"448"	10000	50	0.9	10	10	0.9	0.913438137531686	0.910809962955904	0.00388772102505477	0.00361377987957078
"449"	10000	50	0.9	10	10	-0.5	1.96189374201423	1.95968010901447	0.00117455536213459	0.00156802145640537
"450"	10000	50	0.9	10	10	-0.9	2.30820379488115	2.29519927352885	0.000489281238041074	0.000369383088715427
"451"	10000	50	0.9	10	0.1	0	0.12986861720292	-0.0915676207183625	0.00265314947956487	0.0022693864039599
"452"	10000	50	0.9	10	0.1	0.5	0.218523660034531	-0.221723404194724	0.00460872991847269	0.0035806260477014
"453"	10000	50	0.9	10	0.1	0.9	0.910259009169772	-0.898407931449483	0.00363889229427395	0.0038349226276027
"454"	10000	50	0.9	10	0.1	-0.5	0.078061003275154	-0.0762953803835691	0.00132802896881925	0.000956623468454298
"455"	10000	50	0.9	10	0.1	-0.9	0.0547889949538189	-0.0657157212360441	0.000312727240141871	0.000444368717213931
"456"	10000	50	0.9	1	1	0	-0.00594412339224369	-0.001357759932388	0.00145573717772246	0.00253104711450105
"457"	10000	50	0.9	1	1	0.5	-0.0128109368744122	-0.0042357388867779	0.00348317668264822	0.00289172424417232
"458"	10000	50	0.9	1	1	0.9	-0.00696303310162863	0.00183688726389988	0.00512534398597691	0.00359230441797732
"459"	10000	50	0.9	1	1	-0.5	-0.0183591774528315	-0.0060663569442835	0.00156004451718274	0.00134044508866004
"460"	10000	50	0.9	1	1	-0.9	-0.00491968097534789	-0.0114082309685819	0.00071850108147164	0.000656338682664391
"461"	10000	50	0.5	10	1	0	0.884807311904989	0.358505921883425	0.00208097071838237	0.00285652570433756
"462"	10000	50	0.5	10	1	0.5	0.90870169601586	-0.0048223927911154	0.00159765509788088	0.0019070003034521
"463"	10000	50	0.5	10	1	0.9	1.45820008696035	-0.668091442959844	0.00180499242298422	0.00165787327073507
"464"	10000	50	0.5	10	1	-0.5	1.07869756776107	0.740868761207059	0.00394859283928904	0.00286177217662803
"465"	10000	50	0.5	10	1	-0.9	1.30519712597221	1.00368193087202	0.000682393922972622	0.00100978883535867
"466"	10000	50	0.5	10	10	0	1.21472963864666	1.20842817626217	0.00335390562188717	0.00317404850639425
"467"	10000	50	0.5	10	10	0.5	0.893371288745572	0.915706051106551	0.00340279450218867	0.00328436304724924
"468"	10000	50	0.5	10	10	0.9	0.769649350532634	0.770518024713907	0.00212903315691234	0.00245940747300979
"469"	10000	50	0.5	10	10	-0.5	1.80307093997879	1.78791837121957	0.00216657694585125	0.0018670723402103
"470"	10000	50	0.5	10	10	-0.9	2.28386159943834	2.30145670143612	0.00169809477448804	0.00136959284826552
"471"	10000	50	0.5	10	0.1	0	0.506565698195648	-0.50877401950451	0.00325493757257992	0.00373344863158663
"472"	10000	50	0.5	10	0.1	0.5	0.926604000473061	-0.88864437418296	0.00271359469712198	0.00434902423704237
"473"	10000	50	0.5	10	0.1	0.9	2.12080599595763	-2.12410433214693	0.00360112075584042	0.00370089750016552
"474"	10000	50	0.5	10	0.1	-0.5	0.3500373216027	-0.362446626765832	0.00155352976019597	0.00178931743092716
"475"	10000	50	0.5	10	0.1	-0.9	0.271819467673922	-0.276647101216561	0.000703962352674581	0.00187680805459175
"476"	10000	50	0.5	1	1	0	0.0113177589169216	-0.00176359006169503	0.00324925199053782	0.00247319247104619
"477"	10000	50	0.5	1	1	0.5	-0.00553446313182863	0.00113412191268791	0.00381753624931365	0.00438715242868145
"478"	10000	50	0.5	1	1	0.9	0.00220534620366278	0.00150025218131819	0.00210159508019581	0.00245180776862267
"479"	10000	50	0.5	1	1	-0.5	-0.00113808269233636	-0.00505805368087607	0.00148084329650988	0.00158603930914448
"480"	10000	50	0.5	1	1	-0.9	0.0152854481073223	-0.0097257394804682	0.000678046732078243	0.000556026764861043
"481"	1e+05	0	0.9	10	1	0	2.28900844142864	0.000804597697580467	0.000449694665237457	0.000917335220973538
"482"	1e+05	0	0.9	10	1	0.5	2.26271028939699	-0.0462925863420251	0.000848423045682115	0.000396472449963274
"483"	1e+05	0	0.9	10	1	0.9	2.23627370011579	-0.0676243567691943	0.000694665751470722	0.000823328773729183
"484"	1e+05	0	0.9	10	1	-0.5	2.26633637005804	0.0431620507025282	0.000549428837102681	0.000662482021367599
"485"	1e+05	0	0.9	10	1	-0.9	2.22852894738644	0.0759135056119511	0.000502553867634115	0.000658459675180062
"486"	1e+05	0	0.9	10	10	0	2.28543320200964	2.28394106654532	0.000786101109031134	0.000567129854277592
"487"	1e+05	0	0.9	10	10	0.5	2.22190971719903	2.22083936216861	0.00077256906364687	0.000440276852586766
"488"	1e+05	0	0.9	10	10	0.9	2.14216319610505	2.14373381306019	0.00040688915386464	0.000373645126527157
"489"	1e+05	0	0.9	10	10	-0.5	2.30342921896184	2.30176284833552	0.000416471821866886	0.000395006575378986
"490"	1e+05	0	0.9	10	10	-0.9	2.31423063829262	2.29360183661931	0.000309783622344068	0.000418498392237785
"491"	1e+05	0	0.9	10	0.1	0	2.28068204736043	-2.30012958233168	0.000366657239758669	0.000375516273839063
"492"	1e+05	0	0.9	10	0.1	0.5	2.29390771711628	-2.30847529599186	0.000543525238568255	0.000579329281411789
"493"	1e+05	0	0.9	10	0.1	0.9	2.30524458920216	-2.29944156901527	0.000411379124097986	0.000529947516711495
"494"	1e+05	0	0.9	10	0.1	-0.5	2.21368065670278	-2.22192601902696	0.000639144677432637	0.000382690676393182
"495"	1e+05	0	0.9	10	0.1	-0.9	2.13346966548957	-2.14030492753474	0.000572925941292011	0.00049259606721452
"496"	1e+05	0	0.9	1	1	0	-0.00706531533552976	0.00639752358015907	0.00039856102378356	0.000530884430970206
"497"	1e+05	0	0.9	1	1	0.5	-0.00780774729886649	-0.00572414644584459	0.000683141537632685	0.000565294742309113
"498"	1e+05	0	0.9	1	1	0.9	0.00398073732604916	-0.00108858738671962	0.000506257330771515	0.000484318222085287
"499"	1e+05	0	0.9	1	1	-0.5	0.00685368745004804	-0.00572238237014228	0.000536726218988673	0.000375842438801478
"500"	1e+05	0	0.9	1	1	-0.9	-0.00282785121301933	0.0026272454677037	0.00031696902823352	0.000342721437512688
"501"	1e+05	0	0.5	10	1	0	2.29850747661548	0.00884668876159133	0.000527783972974395	0.000574882647442361
"502"	1e+05	0	0.5	10	1	0.5	2.26978407210971	-0.0333513440390816	0.00037475712860583	0.000702300197342656
"503"	1e+05	0	0.5	10	1	0.9	2.2157266155457	-0.0914485497798861	0.000797792124289405	0.000657801652249886
"504"	1e+05	0	0.5	10	1	-0.5	2.26396326261242	0.0438134470135239	0.000559102322252443	0.000810377785256699
"505"	1e+05	0	0.5	10	1	-0.9	2.22602906393624	0.0771176646598086	0.000461293317986237	0.000383947626337479
"506"	1e+05	0	0.5	10	10	0	2.28760938794882	2.28287794405397	0.000539592853389764	0.000787060796427598
"507"	1e+05	0	0.5	10	10	0.5	2.22250239126866	2.21826133928935	0.00054805229152237	0.000580675306423874
"508"	1e+05	0	0.5	10	10	0.9	2.1363876268904	2.13323003972164	0.000620730811999626	0.000790386415567335
"509"	1e+05	0	0.5	10	10	-0.5	2.31460726667927	2.30650930528866	0.00090054859762991	0.000579747298616118
"510"	1e+05	0	0.5	10	10	-0.9	2.30701246066932	2.3007261845915	0.000473635352824697	0.000440862434769636
"511"	1e+05	0	0.5	10	0.1	0	2.2884583849583	-2.29184704986371	0.000413269474390479	0.000780627643336541
"512"	1e+05	0	0.5	10	0.1	0.5	2.30819732147469	-2.30095085095668	0.000582671559528623	0.000524010315954429
"513"	1e+05	0	0.5	10	0.1	0.9	2.30773639960404	-2.29674027621976	0.000200723582973435	0.000279907713341342
"514"	1e+05	0	0.5	10	0.1	-0.5	2.23063330803925	-2.23013297213303	0.000721949378822111	0.000507523077072892
"515"	1e+05	0	0.5	10	0.1	-0.9	2.14902322436867	-2.144841527234	0.000594070929844304	0.000499836403602072
"516"	1e+05	0	0.5	1	1	0	0.000843536574521194	0.00962326826860836	0.000788072992686251	0.000541320837615471
"517"	1e+05	0	0.5	1	1	0.5	-0.0036826539279965	0.0105885731631727	0.000488687201328783	0.000805944115081382
"518"	1e+05	0	0.5	1	1	0.9	-0.00421683293465441	-0.00609865357491276	0.000645322005563691	0.000559020128552621
"519"	1e+05	0	0.5	1	1	-0.5	0.00370144967998991	-0.00144961231066595	0.000600750226186675	0.000879966044546137
"520"	1e+05	0	0.5	1	1	-0.9	-0.00970359998597284	0.010026569038341	0.000649843551310245	0.000610034808506875
"521"	1e+05	10	0.9	10	1	0	2.28267218104097	0.0131400735965707	0.000407458803149793	0.000416469985519828
"522"	1e+05	10	0.9	10	1	0.5	2.28581559322499	-0.0175940212871575	0.000757749511942295	0.000316377498726802
"523"	1e+05	10	0.9	10	1	0.9	2.25238179962335	-0.049480096495494	0.00036374777657428	0.000430774005523216
"524"	1e+05	10	0.9	10	1	-0.5	2.22742536046759	0.0724634959546608	0.000584361148838732	0.000296416165830639
"525"	1e+05	10	0.9	10	1	-0.9	2.17394033779329	0.13063788786579	0.000434012575409676	0.000276748455907782
"526"	1e+05	10	0.9	10	10	0	2.30256068077181	2.30838120003895	0.000737361956944172	0.000437602759633062
"527"	1e+05	10	0.9	10	10	0.5	2.2515761375502	2.25666860032797	0.000588414969686768	0.000517704053971263
"528"	1e+05	10	0.9	10	10	0.9	2.19704317103029	2.19811962650255	0.000450589632569992	0.000340369898334765
"529"	1e+05	10	0.9	10	10	-0.5	2.29756144052811	2.30964753183685	0.00064572568857192	0.000473186586931588
"530"	1e+05	10	0.9	10	10	-0.9	2.30866162961029	2.29314793446298	0.000586107138389697	0.000353705752582629
"531"	1e+05	10	0.9	10	0.1	0	2.27453008426822	-2.26786861070504	0.000434656623446646	0.000426329077530141
"532"	1e+05	10	0.9	10	0.1	0.5	2.29551635824515	-2.30425358249941	0.000324368139085208	0.000506628917188217
"533"	1e+05	10	0.9	10	0.1	0.9	2.3082584575947	-2.30042848999167	0.000361725431798397	0.000469523441358914
"534"	1e+05	10	0.9	10	0.1	-0.5	2.1673554354337	-2.16473514293186	0.000404949981436164	0.00088274462370451
"535"	1e+05	10	0.9	10	0.1	-0.9	2.04623708250574	-2.04644477020295	0.000545976865343782	0.000552902747594017
"536"	1e+05	10	0.9	1	1	0	0.000547816029616861	0.0095014153230695	0.000444703894501471	0.000361322680062491
"537"	1e+05	10	0.9	1	1	0.5	-0.00131192002560474	0.0045088863748476	0.000454880922480214	0.000662527011380714
"538"	1e+05	10	0.9	1	1	0.9	0.00757500071441385	0.00529273795049121	0.00049082967553633	0.000545316826628134
"539"	1e+05	10	0.9	1	1	-0.5	0.00266431788811079	0.000544803387628206	0.000434564832602866	0.000479640339544406
"540"	1e+05	10	0.9	1	1	-0.9	-0.0011927275159246	-0.00388946621949678	0.000578344441839438	0.000546524385646604
"541"	1e+05	10	0.5	10	1	0	2.28590525020017	0.00553414520437886	0.00041152412803788	0.000630664701277391
"542"	1e+05	10	0.5	10	1	0.5	2.26954285108507	-0.0257304004145611	0.00082655739862011	0.000600088182954206
"543"	1e+05	10	0.5	10	1	0.9	2.24481154014328	-0.0550723804098412	0.00052761983644228	0.000660861295959415
"544"	1e+05	10	0.5	10	1	-0.5	2.24912943676119	0.0477423556303196	0.000601007238259356	0.000656637899420673
"545"	1e+05	10	0.5	10	1	-0.9	2.19873388790373	0.101680018284316	0.000700295038342652	0.000646180880157576
"546"	1e+05	10	0.5	10	10	0	2.29184663825194	2.29384108472007	0.000379895055847722	0.000420997402149258
"547"	1e+05	10	0.5	10	10	0.5	2.2430167961366	2.24670155407874	0.000468517393505486	0.000526860600478982
"548"	1e+05	10	0.5	10	10	0.9	2.18653556390808	2.18739321873118	0.000470116580148751	0.000590484762651848
"549"	1e+05	10	0.5	10	10	-0.5	2.29858321081247	2.30294338524239	0.000392891914362072	0.000417533898850229
"550"	1e+05	10	0.5	10	10	-0.9	2.30579569964346	2.29846596662721	0.000431016914215089	0.000555053605751179
"551"	1e+05	10	0.5	10	0.1	0	2.28072645881919	-2.27109533651698	0.000354414320060167	0.000503795655261235
"552"	1e+05	10	0.5	10	0.1	0.5	2.29944508030948	-2.30050689323828	0.0010357008213837	0.000659209718130863
"553"	1e+05	10	0.5	10	0.1	0.9	2.29952366267021	-2.30235982146646	0.000677512035708263	0.000665955726270906
"554"	1e+05	10	0.5	10	0.1	-0.5	2.18856178720428	-2.19037595763467	0.0005889574705632	0.00063148556550132
"555"	1e+05	10	0.5	10	0.1	-0.9	2.08835826867719	-2.08872997818517	0.000270488780376939	0.000357218603974374
"556"	1e+05	10	0.5	1	1	0	-0.000522763724880105	0.00572829979485101	0.000812273686002129	0.000591381294705144
"557"	1e+05	10	0.5	1	1	0.5	-9.4227016542534e-05	0.0110598205913818	0.000244646632889685	0.000224875303968735
"558"	1e+05	10	0.5	1	1	0.9	0.00153645925230807	0.00156634143959599	0.000669376298033006	0.000788218179627176
"559"	1e+05	10	0.5	1	1	-0.5	-0.0104224216489656	0.0124968842938106	0.000563408914703521	0.000260093668072677
"560"	1e+05	10	0.5	1	1	-0.9	-0.000740355219617147	-0.00059481359662115	0.000331329992023053	0.000318768099486342
"561"	1e+05	20	0.9	10	1	0	2.25668267844703	0.0505336201878722	0.000647575656251101	0.000586695416088825
"562"	1e+05	20	0.9	10	1	0.5	2.28353438649897	-0.00739568099134794	0.000853249897381703	0.000403001407081644
"563"	1e+05	20	0.9	10	1	0.9	2.27720397625889	-0.0259927684692231	0.000356033977010803	0.000369741867874083
"564"	1e+05	20	0.9	10	1	-0.5	2.17213101404685	0.132282239152216	0.00036907009058291	0.000405261021465214
"565"	1e+05	20	0.9	10	1	-0.9	2.08679097564452	0.21159085783624	0.000381350308191868	0.000381367077851406
"566"	1e+05	20	0.9	10	10	0	2.29782650437413	2.30203718660917	0.000489054688487592	0.000258008195772118
"567"	1e+05	20	0.9	10	10	0.5	2.2801375005802	2.26869838020326	0.000384151156019911	0.000551135357310957
"568"	1e+05	20	0.9	10	10	0.9	2.24443473515993	2.24529991850345	0.000427043418422622	0.000406630483337204
"569"	1e+05	20	0.9	10	10	-0.5	2.3039031227031	2.30396721407789	0.000489209228768753	0.000644462786763665
"570"	1e+05	20	0.9	10	10	-0.9	2.30488858135181	2.29993127121945	0.000537605060300856	0.000673743489251203
"571"	1e+05	20	0.9	10	0.1	0	2.2098012045143	-2.20694851113938	0.000673342378105394	0.000710199945119938
"572"	1e+05	20	0.9	10	0.1	0.5	2.2940748560145	-2.30576715093062	0.000638304288830012	0.000645714572647925
"573"	1e+05	20	0.9	10	0.1	0.9	2.30180921061416	-2.3007814921585	0.000537814820433255	0.000510099339800416
"574"	1e+05	20	0.9	10	0.1	-0.5	2.03423797580539	-2.04266898392967	0.000574345868676534	0.000592337682764909
"575"	1e+05	20	0.9	10	0.1	-0.9	1.88619505711713	-1.88339301600071	0.000545460540844189	0.000338442825934695
"576"	1e+05	20	0.9	1	1	0	0.0104176116228646	0.00976328546376492	0.000458539254189364	0.000283051787085037
"577"	1e+05	20	0.9	1	1	0.5	-0.00170300367170719	0.00229495971494899	0.000491987880275503	0.000457136025240585
"578"	1e+05	20	0.9	1	1	0.9	-0.006755292611533	-0.00200714406710704	0.000435579158954246	0.000544307941450669
"579"	1e+05	20	0.9	1	1	-0.5	0.00703525249259331	0.00262653442579881	0.000406537184090883	0.000896404680815223
"580"	1e+05	20	0.9	1	1	-0.9	-0.00701651535189925	0.00567128462441722	0.000625964812819848	0.000829374053189481
"581"	1e+05	20	0.5	10	1	0	2.27718495364364	0.0117995970417278	0.000309883821795472	0.000558548615997169
"582"	1e+05	20	0.5	10	1	0.5	2.28372967521173	-0.0181820375222636	0.000543635395500414	0.00063164891249873
"583"	1e+05	20	0.5	10	1	0.9	2.26037142052693	-0.0435915722641392	0.000831066553559423	0.000824266634137946
"584"	1e+05	20	0.5	10	1	-0.5	2.22270164073801	0.0820133310517457	0.000665060301780807	0.000770345267547355
"585"	1e+05	20	0.5	10	1	-0.9	2.16264751233772	0.141175756820965	0.000238554914632824	0.00028333482897285
"586"	1e+05	20	0.5	10	10	0	2.29060396256626	2.30005025278584	0.000391395975698473	0.00021219490566759
"587"	1e+05	20	0.5	10	10	0.5	2.26614554805706	2.26446312125783	0.000361476550485024	0.000628981556129597
"588"	1e+05	20	0.5	10	10	0.9	2.20619042476865	2.20955362095968	0.000531500817477723	0.000579763756644555
"589"	1e+05	20	0.5	10	10	-0.5	2.31108086669451	2.29739915128737	0.000360515741515638	0.000510675800250339
"590"	1e+05	20	0.5	10	10	-0.9	2.30320569648137	2.30053718709275	0.000450839220194741	0.000208752579014807
"591"	1e+05	20	0.5	10	0.1	0	2.26365850862855	-2.26111996571872	0.000351981942490932	0.000584959732304455
"592"	1e+05	20	0.5	10	0.1	0.5	2.29454885782945	-2.3108180336449	0.000403740548561415	0.000620198830374535
"593"	1e+05	20	0.5	10	0.1	0.9	2.3076308730264	-2.2965605811896	0.000474641773960264	0.000576577625414254
"594"	1e+05	20	0.5	10	0.1	-0.5	2.15064467947569	-2.15373635367971	0.000341192067912038	0.000487532014666627
"595"	1e+05	20	0.5	10	0.1	-0.9	2.02581528046045	-2.02416989287388	0.000554085079920577	0.000572054566819406
"596"	1e+05	20	0.5	1	1	0	0.00132449291813586	-0.0051834997409173	0.000605592576654663	0.00020333348667222
"597"	1e+05	20	0.5	1	1	0.5	0.00158759810325514	0.00476773127520038	0.000733095926849508	0.000527956722472785
"598"	1e+05	20	0.5	1	1	0.9	0.000790498560674843	-0.000861822812711018	0.000714273235500584	0.00109381497844027
"599"	1e+05	20	0.5	1	1	-0.5	-0.00475001230149393	0.00435549371897528	0.000634366727741876	0.000626121781235257
"600"	1e+05	20	0.5	1	1	-0.9	0.00197334820169043	-0.00375951604939226	0.000747784564890677	0.000798845393705655
"601"	1e+05	30	0.9	10	1	0	2.1939913301135	0.105963303814909	0.000630451458855741	0.000459745222382633
"602"	1e+05	30	0.9	10	1	0.5	2.28904413989611	0.00374045448490597	0.00027574655669509	0.000340109716066369
"603"	1e+05	30	0.9	10	1	0.9	2.28621562914424	-0.0172392060573877	0.000731115603940609	0.00046104905233689
"604"	1e+05	30	0.9	10	1	-0.5	2.05771600898989	0.237964514801393	0.000261500043616486	0.000549848203770505
"605"	1e+05	30	0.9	10	1	-0.9	1.96513846435074	0.338974068725688	0.000429466776178646	0.000887890365070202
"606"	1e+05	30	0.9	10	10	0	2.29787161610264	2.30149311588132	0.000320591612771448	0.000634348346051599
"607"	1e+05	30	0.9	10	10	0.5	2.2878029011862	2.28991072208221	0.000403703688005511	0.000340883233618654
"608"	1e+05	30	0.9	10	10	0.9	2.26448472363837	2.26204075437869	0.000530475334421637	0.000567849699132707
"609"	1e+05	30	0.9	10	10	-0.5	2.29918610579449	2.29765797926903	0.000540324967353669	0.000844527584389148
"610"	1e+05	30	0.9	10	10	-0.9	2.30035128431283	2.30220214825896	0.000366285346539508	0.000351650610855987
"611"	1e+05	30	0.9	10	0.1	0	2.07766416158555	-2.06988306603061	0.00041468457009264	0.000328441472130272
"612"	1e+05	30	0.9	10	0.1	0.5	2.27841346809065	-2.27904097117418	0.000289690817546747	0.000615229208079478
"613"	1e+05	30	0.9	10	0.1	0.9	2.30013955830655	-2.30650387554729	0.000877198904453566	0.00095605383483993
"614"	1e+05	30	0.9	10	0.1	-0.5	1.82081410181568	-1.81253791466205	0.00041660705095727	0.000562115970936159
"615"	1e+05	30	0.9	10	0.1	-0.9	1.6172122546706	-1.61690259409855	0.000587200889591559	0.000775683369804641
"616"	1e+05	30	0.9	1	1	0	0.00421544360604934	0.011317718673335	0.000827725790172384	0.000363141170279746
"617"	1e+05	30	0.9	1	1	0.5	-0.0029126224564583	0.00210681822259781	0.000383442384710188	0.000321341325404578
"618"	1e+05	30	0.9	1	1	0.9	0.00650411829693234	0.00639055454807904	0.00051722917928744	0.000388653689231381
"619"	1e+05	30	0.9	1	1	-0.5	0.00582761319200964	0.00305030523332786	0.000868553868475532	0.000703610489999561
"620"	1e+05	30	0.9	1	1	-0.9	0.00914210865455789	-0.00731740930372416	0.000304014820839712	0.000320176554782055
"621"	1e+05	30	0.5	10	1	0	2.28137177717799	0.0302857719234494	0.000532798920268505	0.000413198468267244
"622"	1e+05	30	0.5	10	1	0.5	2.2840392830024	-0.0201326495382236	0.00025893427998812	0.000300256155556928
"623"	1e+05	30	0.5	10	1	0.9	2.27022725990532	-0.0300817280368447	0.000450191907762255	0.000393537773746971
"624"	1e+05	30	0.5	10	1	-0.5	2.19611424846515	0.109157634053998	0.000522282180939166	0.000862658395652892
"625"	1e+05	30	0.5	10	1	-0.9	2.12726128428164	0.176546296954454	0.000471718651476894	0.000514445885152339
"626"	1e+05	30	0.5	10	10	0	2.29953477475156	2.29924838287705	0.0002887653281436	0.00100722593349493
"627"	1e+05	30	0.5	10	10	0.5	2.26900275841219	2.27444683442676	0.000727327977640442	0.00038051565125936
"628"	1e+05	30	0.5	10	10	0.9	2.22586816920019	2.22658364137458	0.000428251366783814	0.000468548331024264
"629"	1e+05	30	0.5	10	10	-0.5	2.31249388295692	2.29771093328772	0.000447239589293207	0.000617991077774221
"630"	1e+05	30	0.5	10	10	-0.9	2.30013314189788	2.30556988860449	0.000226510070208829	0.000263039034849997
"631"	1e+05	30	0.5	10	0.1	0	2.25083517572068	-2.23936347682956	0.000712459570898526	0.000597481187108052
"632"	1e+05	30	0.5	10	0.1	0.5	2.30084647471322	-2.3066624783604	0.000408921718885192	0.00044167809468881
"633"	1e+05	30	0.5	10	0.1	0.9	2.30009636685219	-2.3031523733036	0.000363047546622056	0.000598745511627785
"634"	1e+05	30	0.5	10	0.1	-0.5	2.0898394062338	-2.09544822684786	0.000601423710401914	0.000641126334719984
"635"	1e+05	30	0.5	10	0.1	-0.9	1.93899961420418	-1.93547815172513	0.000408859234947361	0.000482452093021692
"636"	1e+05	30	0.5	1	1	0	-0.00465945971019976	-0.000451687024854587	0.000685813720426078	0.000527896322672998
"637"	1e+05	30	0.5	1	1	0.5	0.000243615899831985	0.000514492857103152	0.000455504791559557	0.000489885421213176
"638"	1e+05	30	0.5	1	1	0.9	0.00425697248822066	0.0035501499466452	0.000764638438924006	0.000829468227527012
"639"	1e+05	30	0.5	1	1	-0.5	0.00914738445537887	0.00147147978627407	0.000423562022963423	0.000700367790733739
"640"	1e+05	30	0.5	1	1	-0.9	3.00063628983719e-05	0.00270408135564577	0.000374419266509478	0.000391638590214884
"641"	1e+05	40	0.9	10	1	0	2.02257935936719	0.28194420051083	0.000387190623206776	0.000360527370542162
"642"	1e+05	40	0.9	10	1	0.5	2.22994969069111	0.0579589964007375	0.000511885828389078	0.000398315382201762
"643"	1e+05	40	0.9	10	1	0.9	2.29363526684055	-0.00854325140447533	0.000586427197389772	0.000604934126633389
"644"	1e+05	40	0.9	10	1	-0.5	1.8551766906411	0.448442323031658	0.000464529648482569	0.000451907483461169
"645"	1e+05	40	0.9	10	1	-0.9	1.75152664869996	0.548474059516413	0.000403705639856501	0.000438800099388078
"646"	1e+05	40	0.9	10	10	0	2.3133783439465	2.29020350650135	0.00055916959966013	0.000729796482062727
"647"	1e+05	40	0.9	10	10	0.5	2.29306863637007	2.29104727741031	0.000357170370020563	0.00044683248439107
"648"	1e+05	40	0.9	10	10	0.9	2.28242559319825	2.28292877098316	0.000591728555503164	0.000600753618547551
"649"	1e+05	40	0.9	10	10	-0.5	2.2989022795074	2.30646899840881	0.000364210622431721	0.000576423316140866
"650"	1e+05	40	0.9	10	10	-0.9	2.30816594271746	2.30394870090964	0.000343526254388032	0.000205984982664896
"651"	1e+05	40	0.9	10	0.1	0	1.7247753782518	-1.74279815323643	0.000568785748080264	0.000375945132650481
"652"	1e+05	40	0.9	10	0.1	0.5	2.16986431093622	-2.16025259595253	0.00048901872463068	0.000436311896977175
"653"	1e+05	40	0.9	10	0.1	0.9	2.30600604263268	-2.29885489192469	0.000583336969226311	0.000608342296311371
"654"	1e+05	40	0.9	10	0.1	-0.5	1.39421158386053	-1.39469400246134	0.000271044997294588	0.000428791357051972
"655"	1e+05	40	0.9	10	0.1	-0.9	1.20639010848797	-1.20928645074837	0.000388242078153617	0.000550762685616383
"656"	1e+05	40	0.9	1	1	0	0.008686548030439	0.002258668850376	0.000549760481553738	0.000579917035468762
"657"	1e+05	40	0.9	1	1	0.5	0.00493523731461503	-0.00110943079047995	0.000562721162587903	0.00047444881854124
"658"	1e+05	40	0.9	1	1	0.9	-0.0108565380569656	-0.00935964797683019	0.00031602055666228	0.000416435623441856
"659"	1e+05	40	0.9	1	1	-0.5	0.0028748069593293	-0.00221878891317603	0.000419485490245509	0.000426152649562427
"660"	1e+05	40	0.9	1	1	-0.9	-0.0049787129120385	0.00463958785278097	0.000336533861838005	0.000374932562436463
"661"	1e+05	40	0.5	10	1	0	2.24040564833074	0.0639092059945387	0.000824822595637306	0.000624877501262494
"662"	1e+05	40	0.5	10	1	0.5	2.29790514263519	-0.00193561833654426	0.000646828387113552	0.000553914974559531
"663"	1e+05	40	0.5	10	1	0.9	2.27924453231998	-0.0250922270253437	0.00035156229376903	0.00029764068382416
"664"	1e+05	40	0.5	10	1	-0.5	2.14846218554154	0.154499379201215	0.000363229656562439	0.000320499425571577
"665"	1e+05	40	0.5	10	1	-0.9	2.07442311654915	0.229824129522035	0.000551467274863227	0.000561522823894781
"666"	1e+05	40	0.5	10	10	0	2.30534602057038	2.30462509349111	0.000536207694781973	0.000533669335013686
"667"	1e+05	40	0.5	10	10	0.5	2.27946780762315	2.28706502317457	0.000600153215472946	0.000548278229270338
"668"	1e+05	40	0.5	10	10	0.9	2.24747452430211	2.24840930841488	0.000366276069067656	0.000477129836783498
"669"	1e+05	40	0.5	10	10	-0.5	2.30094231055831	2.30238030851456	0.000497409622468976	0.000564373365799674
"670"	1e+05	40	0.5	10	10	-0.9	2.29788335328167	2.30433840397571	0.000332409045469168	0.000318515487444909
"671"	1e+05	40	0.5	10	0.1	0	2.20020017875212	-2.19662384689958	0.000430592032477437	0.000456159892500404
"672"	1e+05	40	0.5	10	0.1	0.5	2.29604052228498	-2.29809574213088	0.000287968204698134	0.00034386665837497
"673"	1e+05	40	0.5	10	0.1	0.9	2.31528122126223	-2.29235783529477	0.000672644352408758	0.00067743887772802
"674"	1e+05	40	0.5	10	0.1	-0.5	1.99690448156752	-2.00477191639764	0.000331831705757197	0.000576554823955599
"675"	1e+05	40	0.5	10	0.1	-0.9	1.83563696832731	-1.83495362416681	0.000412484541192927	0.000404486561213312
"676"	1e+05	40	0.5	1	1	0	0.00174863569027846	0.00229533222404533	0.000598968219687351	0.000570279733099009
"677"	1e+05	40	0.5	1	1	0.5	-0.00276675983975137	-0.00531795807509926	0.000874810738032635	0.00118650112157862
"678"	1e+05	40	0.5	1	1	0.9	-0.000721633532956982	-0.00251618396377306	0.000375307996779061	0.000378989833416037
"679"	1e+05	40	0.5	1	1	-0.5	-0.00531068081855817	-0.000580601904019697	0.000261983206059158	0.000527173234535985
"680"	1e+05	40	0.5	1	1	-0.9	0.000718753122799599	-0.00338769616435906	0.0003275959814893	0.000372214287017438
"681"	1e+05	50	0.9	10	1	0	1.60074788800191	0.700083445644643	0.000609606881047627	0.000610376890307471
"682"	1e+05	50	0.9	10	1	0.5	1.88319578322254	0.420607852477502	0.00054423845116229	0.000350055638080752
"683"	1e+05	50	0.9	10	1	0.9	2.2892350319916	-0.00366382736610807	0.000960144674621597	0.00108982827718728
"684"	1e+05	50	0.9	10	1	-0.5	1.48217268458238	0.821229379962851	0.000305627758352837	0.0002742419879084
"685"	1e+05	50	0.9	10	1	-0.9	1.42103692016621	0.885512309518346	0.000347118881185676	0.000242335585118416
"686"	1e+05	50	0.9	10	10	0	2.30350598844461	2.30155880039718	0.000274646310945078	0.000487532308762324
"687"	1e+05	50	0.9	10	10	0.5	2.2943284031799	2.29008995977164	0.000272470042997828	0.000520221818502112
"688"	1e+05	50	0.9	10	10	0.9	2.28899305593293	2.28919099463962	0.000530626901866215	0.000449302275250444
"689"	1e+05	50	0.9	10	10	-0.5	2.29476703461262	2.30189059249317	0.000160292392745554	0.000376749334996521
"690"	1e+05	50	0.9	10	10	-0.9	2.30321422469609	2.30001545736154	0.000210506194573704	0.00018721696892988
"691"	1e+05	50	0.9	10	0.1	0	0.91004376117404	-0.907090819156396	0.000387098466297684	0.000328810212234306
"692"	1e+05	50	0.9	10	0.1	0.5	1.45901916279464	-1.45811819391461	0.000398180973556667	0.000254454354571528
"693"	1e+05	50	0.9	10	0.1	0.9	2.28462740340571	-2.29513617334426	0.000282778263648969	0.000331928356979167
"694"	1e+05	50	0.9	10	0.1	-0.5	0.655429754166798	-0.658727461120561	0.000274068001584662	0.000146840521790329
"695"	1e+05	50	0.9	10	0.1	-0.9	0.532949721476694	-0.535393986668045	0.000143859731438725	0.000182019025455904
"696"	1e+05	50	0.9	1	1	0	0.00224913966137817	0.00133367020276657	0.000104833321152457	0.000204097343385815
"697"	1e+05	50	0.9	1	1	0.5	-0.00486473610109133	-0.001599025122935	0.000404470665361406	0.000503144546974109
"698"	1e+05	50	0.9	1	1	0.9	-0.00403319236473954	-0.00477974832503133	0.000564085762963474	0.00043495705692633
"699"	1e+05	50	0.9	1	1	-0.5	-0.0019844269263161	-0.00375154423196157	0.000331695178590227	0.00023398296421767
"700"	1e+05	50	0.9	1	1	-0.9	0.00101415848294295	0.00052480764356621	0.000151657425316473	0.00022155796954086
"701"	1e+05	50	0.5	10	1	0	2.21441829301779	0.0877587578099776	0.000492660646232601	0.000633843704380571
"702"	1e+05	50	0.5	10	1	0.5	2.28881914934135	-0.00656577156427162	0.000474828322425519	0.000698398889782259
"703"	1e+05	50	0.5	10	1	0.9	2.27906271956491	-0.022248734559237	0.000570104465031722	0.000415393062971568
"704"	1e+05	50	0.5	10	1	-0.5	2.09043814247238	0.212828492375772	0.000313993468827156	0.000512830468054255
"705"	1e+05	50	0.5	10	1	-0.9	1.9966910832372	0.305186164790675	0.000414864795774176	0.000366406649638111
"706"	1e+05	50	0.5	10	10	0	2.29594275523563	2.3066847757191	0.000394777121947363	0.000557853948883434
"707"	1e+05	50	0.5	10	10	0.5	2.28298883854037	2.29058166733476	0.000464054886275354	0.000501096229463852
"708"	1e+05	50	0.5	10	10	0.9	2.26404835567329	2.26078867470509	0.000619678470749384	0.000625694080398461
"709"	1e+05	50	0.5	10	10	-0.5	2.3003103511402	2.30762537899729	0.000447762355194359	0.000629573854233825
"710"	1e+05	50	0.5	10	10	-0.9	2.30062251066548	2.30705336873406	0.000312331540370986	0.000331324860090996
"711"	1e+05	50	0.5	10	0.1	0	2.11162985690529	-2.11724523639738	0.000462165353902845	0.000410749156664342
"712"	1e+05	50	0.5	10	0.1	0.5	2.28504808445712	-2.28808054901668	0.000403776340971786	0.00047056860427432
"713"	1e+05	50	0.5	10	0.1	0.9	2.29740672514963	-2.30888753958859	0.000425968570919789	0.00043567078312897
"714"	1e+05	50	0.5	10	0.1	-0.5	1.87346450060747	-1.87636579245048	0.00033463141803452	0.000403057715108584
"715"	1e+05	50	0.5	10	0.1	-0.9	1.69307407462793	-1.69916926355925	0.000234592975716953	0.000347183127975455
"716"	1e+05	50	0.5	1	1	0	-0.000273274785509661	-0.000854603246804752	0.000643945352590358	0.000391016617926406
"717"	1e+05	50	0.5	1	1	0.5	-0.00944884410353901	0.00439843746214635	0.000273861594958942	0.000339669607226426
"718"	1e+05	50	0.5	1	1	0.9	-0.00248979724011552	0.00410096930170605	0.000397331511127232	0.000457621164685572
"719"	1e+05	50	0.5	1	1	-0.5	-0.000841623513804838	-0.00312703048942451	0.000671460405819326	0.000677491454103502
"720"	1e+05	50	0.5	1	1	-0.9	0.00600027203982102	-0.00695469790073641	0.000614141921716373	0.000582915769567444
