// Initial random seed:
639280773662821783

// RunInitializeCallbacks():
initializeMutationRate(1e-07);
initializeMutationType(1, 0.5, "n", 0, 0.5);
initializeMutationType(2, 0.5, "n", 0, 0.5);
initializeMutationType(3, 0.5, "n", 0, 0.5);
initializeGenomicElementType(1, m1, 1);
initializeGenomicElementType(2, m2, 1);
initializeGenomicElementType(3, m3, 1);
initializeGenomicElement(g3, 0, 9);
initializeGenomicElement(g1, 10, 49);
initializeGenomicElement(g2, 50, 89);
initializeRecombinationRate(0.5);

// Starting run at tick <start>:
1 

0.0
0.0
4.60517 -4.60517
100	1	0.163203	0.0	3.67141e-30	0.0	NAN
100	2	0.0	0.0	0.0	0.0	NAN
100	3	0.0	0.0	0.0	0.0	NAN
100	4	0.0	0.0	0.0	0.0	NAN
100	5	0.0	-0.202832	0.0	0.00356114	NAN
100	6	0.0	-0.20138	0.0	6.04576e-31	NAN
100	7	0.0	0.0	0.0	0.0	NAN
100	8	0.0	0.0	0.0	0.0	NAN
100	9	0.0	0.0	0.0	0.0	NAN
100	10	0.0	0.0	0.0	0.0	NAN
200	1	0.163203	0.0	3.67141e-30	0.0	NAN
200	2	0.0	0.0	0.0	0.0	NAN
200	3	0.0	0.0	0.0	0.0	NAN
200	4	0.0	-0.000328192	0.0	2.14558e-05	NAN
200	5	0.0	-0.238205	0.0	8.18106e-30	NAN
200	6	-0.231908	-0.4148	4.8127e-30	5.78943e-29	-1.0
200	7	0.0	0.0	0.0	0.0	NAN
200	8	0.0	0.0	0.0	0.0	NAN
200	9	0.165727	0.0	0.00590811	0.0	NAN
200	10	0.0	-7.63591e-05	0.0	5.83072e-06	NAN
300	1	0.163203	0.0	3.67141e-30	0.0	NAN
300	2	0.0	0.0	0.0	0.0	NAN
300	3	0.0	0.0	0.0	0.0	NAN
300	4	0.0	0.0	0.0	0.0	NAN
300	5	0.0	-0.238205	0.0	8.18106e-30	NAN
300	6	-0.418138	-0.585782	7.81096e-05	4.44178e-31	6.14689e-13
300	7	0.0	0.0	0.0	0.0	NAN
300	8	0.0	0.0	0.0	0.0	NAN
300	9	0.601257	0.0	1.97413e-31	0.0	NAN
300	10	0.0	0.0	0.0	0.0	NAN
400	1	0.163203	-0.333157	3.67141e-30	1.78165e-29	1.0
400	2	0.0	0.0	0.0	0.0	NAN
400	3	-0.26362	-0.223242	0.00562644	0.00403485	1.0
400	4	0.0	0.0	0.0	0.0	NAN
400	5	0.0	-0.238205	0.0	8.18106e-30	NAN
400	6	-0.418979	-0.585782	3.02319e-29	4.44178e-31	1.0
400	7	0.0	-0.0200716	0.0	0.000466126	NAN
400	8	0.0	0.0	0.0	0.0	NAN
400	9	0.601257	-0.519852	1.97413e-31	2.61078e-29	1.0
400	10	0.00599654	-4.78602e-05	0.000385629	1.14415e-06	0.0136767
500	1	0.163203	-0.333157	3.67141e-30	1.78165e-29	1.0
500	2	0.0	-0.000326416	0.0	2.12242e-05	NAN
500	3	-0.426891	-0.480045	1.4157e-05	4.81182e-05	1.0
500	4	0.0	0.0	0.0	0.0	NAN
500	5	0.0	-0.238205	0.0	8.18106e-30	NAN
500	6	-0.418979	-0.585782	3.02319e-29	4.44178e-31	1.0
500	7	-0.000172316	-0.0676186	7.40088e-06	1.02977e-05	0.00603927
500	8	0.0	0.0	0.0	0.0	NAN
500	9	0.601257	-0.519852	1.97413e-31	2.61078e-29	1.0
500	10	0.131792	-0.0478602	3.73233e-31	3.73233e-31	1.0
600	1	0.163203	-0.333157	3.67141e-30	1.78165e-29	1.0
600	2	0.0	0.0	0.0	0.0	NAN
600	3	-0.427129	-0.480485	5.9597e-29	5.21293e-29	-1.0
600	4	0.0	0.0	0.0	0.0	NAN
600	5	0.0	-0.238205	0.0	8.18106e-30	NAN
600	6	-0.418979	-0.585782	3.02319e-29	4.44178e-31	1.0
600	7	0.0	-0.0679242	0.0	3.25808e-32	NAN
600	8	0.0	0.0	0.0	0.0	NAN
600	9	0.601257	-0.519852	1.97413e-31	2.61078e-29	1.0
600	10	0.170046	-0.0478602	0.00166978	3.73233e-31	-5.13586e-14
700	1	0.802412	-0.357939	7.50662e-29	5.62163e-29	-1.0
700	2	0.0	0.0580525	0.0	0.00012479	NAN
700	3	-0.427129	-0.480485	5.9597e-29	5.21293e-29	-1.0
700	4	-0.121633	-0.111865	9.93406e-30	0.00043645	-4.50927e-14
700	5	0.0	-0.238205	0.0	8.18106e-30	NAN
700	6	-0.418979	-0.585782	3.02319e-29	4.44178e-31	1.0
700	7	0.0	-0.0679242	0.0	3.25808e-32	NAN
700	8	0.0	0.0	0.0	0.0	NAN
700	9	0.601257	-0.519852	1.97413e-31	2.61078e-29	1.0
700	10	0.255994	-0.0478602	4.44178e-31	3.73233e-31	-1.0
800	1	0.802412	-0.40392	7.50662e-29	0.000485615	2.57555e-13
800	2	0.354744	0.0574128	1.68911e-29	1.3281e-30	1.0
800	3	-0.427129	-0.480485	5.9597e-29	5.21293e-29	-1.0
800	4	-0.148158	-0.119259	4.69163e-30	2.2072e-30	-1.0
800	5	0.0	-0.238205	0.0	8.18106e-30	NAN
800	6	-0.418979	-0.939894	3.02319e-29	2.81325e-28	-1.0
800	7	0.0	-0.0679242	0.0	3.25808e-32	NAN
800	8	0.080484	0.119206	2.12546e-30	7.03302e-30	1.0
800	9	0.751013	-0.519852	6.41443e-06	2.61078e-29	-4.70118e-12
800	10	0.255994	-0.0478602	4.44178e-31	3.73233e-31	-1.0
900	1	0.802412	-0.425559	7.50662e-29	3.86929e-29	1.0
900	2	0.354744	0.0574118	1.68911e-29	1.02183e-09	3.61946e-11
900	3	-0.427129	-0.480485	5.9597e-29	5.21293e-29	-1.0
900	4	-0.148158	-0.119259	4.69163e-30	2.2072e-30	-1.0
900	5	0.0	-0.238205	0.0	8.18106e-30	NAN
900	6	-0.418979	-0.940347	3.02319e-29	5.72498e-07	-5.99979e-12
900	7	0.0	-0.0679242	0.0	3.25808e-32	NAN
900	8	0.080484	0.119206	2.12546e-30	7.03302e-30	1.0
900	9	0.757029	-0.644153	0.00483748	0.00562805	1.0
900	10	0.255994	-0.0478602	4.44178e-31	3.73233e-31	-1.0
1000	1	0.802412	-0.425559	7.50662e-29	3.86929e-29	1.0
1000	2	0.354744	0.0338481	1.68911e-29	0.00029148	5.38453e-15
1000	3	-0.427129	-0.834027	5.9597e-29	6.25587e-05	-4.84083e-13
1000	4	-0.148158	-0.119259	4.69163e-30	2.2072e-30	-1.0
1000	5	0.0	-0.238205	0.0	8.18106e-30	NAN
1000	6	-0.418979	-0.942809	3.02319e-29	1.06315e-08	1.52755e-10
1000	7	0.0	-0.0679242	0.0	3.25808e-32	NAN
1000	8	0.080484	-0.0951038	2.12546e-30	6.89614e-05	-1.77129e-13
1000	9	0.611405	-0.801226	9.67322e-30	2.72553e-29	-1.0
1000	10	0.35366	0.0390718	9.67322e-30	1.85267e-31	1.0
1100	1	0.802412	-0.425559	7.50662e-29	3.86929e-29	1.0
1100	2	0.354744	0.00941946	1.68911e-29	4.63168e-32	1.0
1100	3	-0.427129	-0.834381	5.9597e-29	1.34364e-29	-1.0
1100	4	-0.148158	-0.119259	4.69163e-30	2.2072e-30	-1.0
1100	5	0.0	-0.238205	0.0	8.18106e-30	NAN
1100	6	-0.347276	-0.838685	0.00870039	0.00668546	0.904742
1100	7	0.0	-0.0679242	0.0	3.25808e-32	NAN
1100	8	0.080484	-0.0957487	2.12546e-30	2.33271e-30	-1.0
1100	9	0.611405	-0.801226	9.67322e-30	2.72553e-29	-1.0
1100	10	0.35366	0.0390718	9.67322e-30	1.85267e-31	1.0
1200	1	0.802412	-0.425559	7.50662e-29	3.86929e-29	1.0
1200	2	0.313557	-0.426732	0.0017864	5.4563e-29	1.17472e-13
1200	3	-0.427129	-1.21484	5.9597e-29	2.4183e-30	-1.0
1200	4	-0.148158	-0.119259	4.69163e-30	2.2072e-30	-1.0
1200	5	0.0	-0.238205	0.0	8.18106e-30	NAN
1200	6	-0.148811	-0.62271	0.0065813	0.00438586	1.0
1200	7	0.0	-0.0679242	0.0	3.25808e-32	NAN
1200	8	0.080484	-0.0957487	2.12546e-30	2.33271e-30	-1.0
1200	9	0.498625	-0.818836	0.00253086	6.17045e-05	1.0
1200	10	0.35366	0.0390718	9.67322e-30	1.85267e-31	1.0
1300	1	0.802412	-0.425559	7.50662e-29	3.86929e-29	1.0
1300	2	0.227428	-0.426732	3.99761e-30	5.4563e-29	-1.0
1300	3	-0.426814	-1.21479	8.92285e-06	2.17682e-06	-0.00333669
1300	4	-0.0279705	-0.0814173	9.39964e-05	1.51144e-31	2.61136e-14
1300	5	0.0	-0.238205	0.0	8.18106e-30	NAN
1300	6	-0.0988742	-0.581944	7.71143e-32	1.23383e-32	1.0
1300	7	0.0	-0.0679242	0.0	3.25808e-32	NAN
1300	8	0.080484	-0.0957487	2.12546e-30	2.33271e-30	-1.0
1300	9	0.45433	-0.825752	8.29627e-29	1.68899e-28	-1.0
1300	10	0.35366	0.0390718	9.67322e-30	1.85267e-31	1.0
1400	1	0.802412	-0.425559	7.50662e-29	3.86929e-29	1.0
1400	2	0.227428	-0.914822	3.99761e-30	3.65016e-28	1.0
1400	3	-0.36988	-1.45728	7.40606e-30	2.4183e-28	-1.0
1400	4	0.166882	-0.0814173	0.000166027	1.51144e-31	1.84421e-13
1400	5	0.0	-0.238205	0.0	8.18106e-30	NAN
1400	6	-0.0988742	-0.581944	7.71143e-32	1.23383e-32	1.0
1400	7	0.0	-0.0679242	0.0	3.25808e-32	NAN
1400	8	0.080484	-0.0957487	2.12546e-30	2.33271e-30	-1.0
1400	9	0.45433	-0.825752	8.29627e-29	1.68899e-28	-1.0
1400	10	0.35366	0.0390718	9.67322e-30	1.85267e-31	1.0
1500	1	1.11642	-0.425559	1.11045e-29	3.86929e-29	1.0
1500	2	0.472057	-0.914822	2.33471e-29	3.65016e-28	-1.0
1500	3	-0.25417	-1.45728	0.000719589	2.4183e-28	1.65229e-13
1500	4	0.143406	-0.0814173	0.000878769	1.51144e-31	7.03451e-14
1500	5	0.0	-0.238205	0.0	8.18106e-30	NAN
1500	6	-0.0988742	-0.661487	7.71143e-32	1.5202e-28	-1.0
1500	7	0.0	-0.0679242	0.0	3.25808e-32	NAN
1500	8	0.080484	-0.470147	2.12546e-30	9.33885e-29	1.0
1500	9	0.45433	-0.825752	8.29627e-29	1.68899e-28	-1.0
1500	10	0.35366	0.0390718	9.67322e-30	1.85267e-31	1.0
1600	1	1.11642	-0.425559	1.11045e-29	3.86929e-29	1.0
1600	2	0.472057	-0.914822	2.33471e-29	3.65016e-28	-1.0
1600	3	-0.242024	-1.45728	3.43321e-29	2.4183e-28	1.0
1600	4	0.095298	-0.0814173	0.000478887	1.51144e-31	-4.01197e-14
1600	5	0.42071	-0.238205	7.60316e-29	8.18106e-30	-1.0
1600	6	-0.0988742	-0.661487	7.71143e-32	1.5202e-28	-1.0
1600	7	0.0	-0.0679242	0.0	3.25808e-32	NAN
1600	8	0.080484	-0.470147	2.12546e-30	9.33885e-29	1.0
1600	9	0.45433	-0.825752	8.29627e-29	1.68899e-28	-1.0
1600	10	0.336297	0.0390718	9.5463e-05	1.85267e-31	-7.19434e-14
1700	1	1.11642	-0.425559	1.11045e-29	3.86929e-29	1.0
1700	2	0.472057	-0.914822	2.33471e-29	3.65016e-28	-1.0
1700	3	0.0324189	-1.4643	1.97413e-31	0.000161138	1.21659e-12
1700	4	0.0854718	-0.0814356	0.000143981	1.67459e-07	0.0131109
1700	5	0.420705	-0.238205	2.53015e-08	8.18106e-30	-5.48813e-11
1700	6	-0.0988742	-0.90471	7.71143e-32	0.000444023	6.61875e-13
1700	7	0.0	-0.0679242	0.0	3.25808e-32	NAN
1700	8	0.080484	-0.470065	2.12546e-30	6.7471e-06	3.71349e-12
1700	9	0.45433	-0.825752	8.29627e-29	1.68899e-28	-1.0
1700	10	0.325656	0.0390718	7.71143e-30	1.85267e-31	-1.0
1800	1	1.11642	-0.425559	1.11045e-29	3.86929e-29	1.0
1800	2	0.472057	-0.914822	2.33471e-29	3.65016e-28	-1.0
1800	3	0.0324189	-1.51278	1.97413e-31	7.50662e-29	1.0
1800	4	0.082315	-0.0815912	1.57043e-05	1.56376e-06	0.0124977
1800	5	0.42071	-0.238205	7.60316e-29	8.18106e-30	-1.0
1800	6	-0.0988742	-0.908414	7.71143e-32	1.95883e-28	1.0
1800	7	0.0	-0.0679242	0.0	3.25808e-32	NAN
1800	8	0.080484	-0.470147	2.12546e-30	9.33885e-29	1.0
1800	9	0.45433	-0.825752	8.29627e-29	1.68899e-28	-1.0
1800	10	0.325656	0.0390718	7.71143e-30	1.85267e-31	-1.0
1900	1	1.11642	-0.425559	1.11045e-29	3.86929e-29	1.0
1900	2	0.472057	-0.914822	2.33471e-29	3.65016e-28	-1.0
1900	3	0.0324189	-1.51278	1.97413e-31	7.50662e-29	1.0
1900	4	0.0819593	-0.0814173	1.05569e-30	1.51144e-31	-1.0
1900	5	0.42071	-0.238205	7.60316e-29	8.18106e-30	-1.0
1900	6	0.276704	-0.908414	0.00082373	1.95883e-28	2.6425e-14
1900	7	0.0	-0.0679242	0.0	3.25808e-32	NAN
1900	8	0.0808542	-0.66178	8.43575e-06	4.66319e-06	1.0
1900	9	0.45433	-0.825854	8.29627e-29	5.14162e-06	-5.75503e-12
1900	10	0.325424	0.0390718	1.33403e-05	1.85267e-31	-7.59978e-13
2000	1	1.11642	-0.681257	1.11045e-29	1.28368e-28	1.0
2000	2	0.472057	-0.914822	2.33471e-29	3.65016e-28	-1.0
2000	3	0.0324189	-1.51278	1.97413e-31	7.50662e-29	1.0
2000	4	0.0819593	-0.0814173	1.05569e-30	1.51144e-31	-1.0
2000	5	0.42071	-0.238205	7.60316e-29	8.18106e-30	-1.0
2000	6	0.561892	-0.908414	6.21973e-29	1.95883e-28	-1.0
2000	7	0.0	-0.0679242	0.0	3.25808e-32	NAN
2000	8	0.126756	-0.627652	2.59413e-30	1.11045e-29	-1.0
2000	9	0.45433	-0.858552	8.29627e-29	1.68899e-28	-1.0
2000	10	0.325656	0.0390718	7.71143e-30	1.85267e-31	-1.0
2100	1	1.11642	-0.681257	1.11045e-29	1.28368e-28	1.0
2100	2	0.841315	-0.914822	8.99461e-30	3.65016e-28	-1.0
2100	3	0.0324189	-1.51283	1.97413e-31	2.08571e-06	5.98508e-12
2100	4	0.0819593	-0.0814173	1.05569e-30	1.51144e-31	-1.0
2100	5	0.42071	-0.238205	7.60316e-29	8.18106e-30	-1.0
2100	6	0.562461	-0.908414	6.46631e-05	1.95883e-28	-9.69113e-13
2100	7	0.0	-0.101902	0.0	0.000310352	NAN
2100	8	0.126756	-0.627652	2.59413e-30	1.11045e-29	-1.0
2100	9	0.552494	-0.858552	7.31537e-29	1.68899e-28	1.0
2100	10	0.325656	0.0390718	7.71143e-30	1.85267e-31	-1.0
2200	1	1.11642	-0.681257	1.11045e-29	1.28368e-28	1.0
2200	2	0.841315	-0.914822	8.99461e-30	3.65016e-28	-1.0
2200	3	0.0324189	-1.51278	1.97413e-31	7.50662e-29	1.0
2200	4	0.0819593	-0.335524	1.05569e-30	3.99761e-30	-1.0
2200	5	0.42071	-0.238205	7.60316e-29	8.18106e-30	-1.0
2200	6	0.787513	-0.908414	0.000280748	1.95883e-28	3.23277e-13
2200	7	0.0	-0.119918	0.0	3.1586e-30	NAN
2200	8	0.126756	-0.610968	2.59413e-30	0.00180947	-5.5911e-14
2200	9	0.552494	-0.882188	7.31537e-29	0.00161926	2.92931e-13
2200	10	0.325656	0.0390718	7.71143e-30	1.85267e-31	-1.0
2300	1	1.11642	-0.681257	1.11045e-29	1.28368e-28	1.0
2300	2	0.841315	-0.914822	8.99461e-30	3.65016e-28	-1.0
2300	3	0.0324189	-1.51278	1.97413e-31	7.50662e-29	1.0
2300	4	0.0819593	-0.335524	1.05569e-30	3.99761e-30	-1.0
2300	5	0.42071	-0.238205	7.60316e-29	8.18106e-30	-1.0
2300	6	0.789792	-0.908214	3.08457e-29	1.33577e-06	1.11896e-11
2300	7	0.0	-0.119918	0.0	3.1586e-30	NAN
2300	8	0.126756	-0.392665	2.59413e-30	0.000193449	3.33479e-14
2300	9	0.552494	-0.886015	7.31537e-29	0.000202087	-6.3179e-13
2300	10	0.325656	0.0390718	7.71143e-30	1.85267e-31	-1.0
2400	1	1.11642	-0.681257	1.11045e-29	1.28368e-28	1.0
2400	2	0.841315	-0.914822	8.99461e-30	3.65016e-28	-1.0
2400	3	0.0324189	-1.51278	1.97413e-31	7.50662e-29	1.0
2400	4	0.0819593	-0.335524	1.05569e-30	3.99761e-30	-1.0
2400	5	0.42071	-0.432636	7.60316e-29	2.78383e-29	1.0
2400	6	0.759991	-0.896843	0.000104288	7.59423e-06	0.0131853
2400	7	0.0	-0.119918	0.0	3.1586e-30	NAN
2400	8	0.126756	-0.391009	2.59413e-30	1.51144e-31	1.0
2400	9	0.552494	-0.882775	7.31537e-29	1.16295e-05	-2.94977e-12
2400	10	0.325656	0.0390718	7.71143e-30	1.85267e-31	-1.0
2500	1	1.11642	-0.681257	1.11045e-29	1.28368e-28	1.0
2500	2	0.841315	-0.914822	8.99461e-30	3.65016e-28	-1.0
2500	3	0.0324189	-1.78188	1.97413e-31	0.00308247	5.57362e-13
2500	4	0.0819593	-0.335524	1.05569e-30	3.99761e-30	-1.0
2500	5	0.42071	-0.432636	7.60316e-29	2.78383e-29	1.0
2500	6	0.752842	-0.895507	1.11353e-28	2.55847e-28	1.0
2500	7	0.0	-0.119918	0.0	3.1586e-30	NAN
2500	8	0.126732	-0.391009	2.76289e-07	1.51144e-31	3.05414e-12
2500	9	0.552494	-0.882588	7.31537e-29	1.04431e-28	-1.0
2500	10	0.495152	0.0390718	0.000604093	1.85267e-31	2.11383e-13
2600	1	1.11642	-0.681257	1.11045e-29	1.28368e-28	1.0
2600	2	0.810033	-0.914822	0.000198407	3.65016e-28	-7.93186e-13
2600	3	0.0324189	-1.66562	1.97413e-31	0.00663653	4.90153e-14
2600	4	0.0819593	-0.411442	1.05569e-30	0.00136593	-6.64557e-14
2600	5	0.42071	-0.432636	7.60316e-29	2.78383e-29	1.0
2600	6	0.752842	-0.895507	1.11353e-28	2.55847e-28	1.0
2600	7	0.0	-0.119918	0.0	3.1586e-30	NAN
2600	8	0.126756	-0.558668	2.59413e-30	0.00462962	4.39553e-14
2600	9	0.552494	-0.882588	7.31537e-29	1.04431e-28	-1.0
2600	10	0.502313	0.0389827	7.30493e-06	7.93729e-06	1.0
2700	1	1.11642	-0.681257	1.11045e-29	1.28368e-28	1.0
2700	2	0.797194	-0.914822	9.99401e-29	3.65016e-28	-1.0
2700	3	0.0324189	-1.59422	1.97413e-31	0.00238927	1.80474e-13
2700	4	0.0819593	-0.447995	1.05569e-30	1.38633e-28	-1.0
2700	5	0.42071	-0.432636	7.60316e-29	2.78383e-29	1.0
2700	6	0.752842	-0.895507	1.11353e-28	2.55847e-28	1.0
2700	7	0.124994	-0.119918	2.4985e-31	3.1586e-30	-1.0
2700	8	0.368781	-0.610434	0.0195322	0.000144582	0.0094592
2700	9	0.552494	-0.892648	7.31537e-29	0.000755274	-4.05555e-13
2700	10	0.502399	0.0390718	2.17647e-29	1.85267e-31	1.0
2800	1	0.841826	-1.11878	0.00902404	0.0229089	1.0
2800	2	0.797194	-0.914822	9.99401e-29	3.65016e-28	-1.0
2800	3	0.0324189	-1.58634	1.97413e-31	0.00158746	2.96453e-13
2800	4	0.168857	-0.447995	1.30323e-31	1.38633e-28	1.0
2800	5	0.42071	-0.432636	7.60316e-29	2.78383e-29	1.0
2800	6	0.752842	-0.895507	1.11353e-28	2.55847e-28	1.0
2800	7	0.124994	-0.119918	2.4985e-31	3.1586e-30	-1.0
2800	8	0.617684	-0.611758	9.67322e-30	1.23383e-28	-1.0
2800	9	0.552494	-1.04485	7.31537e-29	3.86929e-29	-1.0
2800	10	0.502399	-0.215822	2.17647e-29	2.17647e-29	1.0
2900	1	0.775308	-1.22476	3.46583e-29	1.49293e-28	-1.0
2900	2	0.797194	-0.915316	9.99401e-29	4.86608e-05	-2.70758e-12
2900	3	0.0324189	-1.58175	1.97413e-31	0.00110483	3.61389e-13
2900	4	0.168857	-0.447995	1.30323e-31	1.38633e-28	1.0
2900	5	0.42071	-0.432636	7.60316e-29	2.78383e-29	1.0
2900	6	0.752842	-0.895507	1.11353e-28	2.55847e-28	1.0
2900	7	0.124994	-0.119918	2.4985e-31	3.1586e-30	-1.0
2900	8	0.617684	-0.611758	9.67322e-30	1.23383e-28	-1.0
2900	9	0.562412	-1.04257	0.00150968	7.97772e-05	1.0
2900	10	0.502399	-0.291523	2.17647e-29	0.000189794	9.53024e-15
3000	1	0.775308	-1.22476	3.46583e-29	1.49293e-28	-1.0
3000	2	0.797194	-0.914822	9.99401e-29	3.65016e-28	-1.0
3000	3	0.0324189	-1.57375	1.97413e-31	0.000231436	8.88082e-13
3000	4	0.169103	-0.447995	1.51029e-05	1.38633e-28	7.87856e-14
3000	5	0.42071	-0.432636	7.60316e-29	2.78383e-29	1.0
3000	6	0.752842	-0.895507	1.11353e-28	2.55847e-28	1.0
3000	7	0.124994	-0.119918	2.4985e-31	3.1586e-30	-1.0
3000	8	0.617684	-0.611758	9.67322e-30	1.23383e-28	-1.0
3000	9	0.857671	-0.9747	2.52306e-28	2.81325e-28	-1.0
3000	10	0.502399	-0.296227	2.17647e-29	2.4985e-31	-1.0
3100	1	0.775308	-1.22476	3.46583e-29	1.49293e-28	-1.0
3100	2	0.797194	-0.914822	9.99401e-29	3.65016e-28	-1.0
3100	3	0.0324189	-1.57175	1.97413e-31	2.02151e-28	1.0
3100	4	0.168857	-0.447995	1.30323e-31	1.38633e-28	1.0
3100	5	0.42071	-0.432636	7.60316e-29	2.78383e-29	1.0
3100	6	0.752842	-0.895507	1.11353e-28	2.55847e-28	1.0
3100	7	0.124994	-0.119918	2.4985e-31	3.1586e-30	-1.0
3100	8	0.617684	-0.611758	9.67322e-30	1.23383e-28	-1.0
3100	9	0.857671	-0.9747	2.52306e-28	2.81325e-28	-1.0
3100	10	0.502399	-0.296227	2.17647e-29	2.4985e-31	-1.0
3200	1	0.775308	-1.22476	3.46583e-29	1.49293e-28	-1.0
3200	2	0.797194	-0.914822	9.99401e-29	3.65016e-28	-1.0
3200	3	0.0324189	-1.57175	1.97413e-31	2.02151e-28	1.0
3200	4	0.168857	-0.447995	1.30323e-31	1.38633e-28	1.0
3200	5	0.752381	-0.444475	5.21293e-29	0.000339335	-4.97838e-14
3200	6	0.752842	-0.895507	1.11353e-28	2.55847e-28	1.0
3200	7	0.124994	-0.119918	2.4985e-31	3.1586e-30	-1.0
3200	8	0.617684	-0.611758	9.67322e-30	1.23383e-28	-1.0
3200	9	0.846792	-0.986787	5.80544e-05	7.1666e-05	1.0
3200	10	0.502399	-0.296227	2.17647e-29	2.4985e-31	-1.0
3300	1	0.746505	-1.22504	0.000670148	2.58925e-05	0.00362837
3300	2	0.797194	-0.914822	9.99401e-29	3.65016e-28	-1.0
3300	3	0.0324189	-1.57175	1.97413e-31	2.02151e-28	1.0
3300	4	0.168857	-0.447995	1.30323e-31	1.38633e-28	1.0
3300	5	0.752381	-0.487273	5.21293e-29	0.000353084	-1.3944e-13
3300	6	0.752842	-0.895507	1.11353e-28	2.55847e-28	1.0
3300	7	0.124994	-0.119918	2.4985e-31	3.1586e-30	-1.0
3300	8	0.617684	-0.611758	9.67322e-30	1.23383e-28	-1.0
3300	9	0.836065	-0.998706	1.46591e-28	2.48789e-28	-1.0
3300	10	0.502399	-0.296227	2.17647e-29	2.4985e-31	-1.0
3400	1	0.942248	-1.41075	0.000140993	4.44178e-29	9.55236e-13
3400	2	0.797194	-0.914822	9.99401e-29	3.65016e-28	-1.0
3400	3	0.0324189	-1.57175	1.97413e-31	2.02151e-28	1.0
3400	4	0.168857	-0.447995	1.30323e-31	1.38633e-28	1.0
3400	5	0.752381	-0.500303	5.21293e-29	1.26039e-05	-2.54147e-12
3400	6	0.752842	-0.895507	1.11353e-28	2.55847e-28	1.0
3400	7	0.124994	-0.119918	2.4985e-31	3.1586e-30	-1.0
3400	8	0.617684	-0.611758	9.67322e-30	1.23383e-28	-1.0
3400	9	0.836065	-1.01867	1.46591e-28	2.21546e-28	1.0
3400	10	0.502399	-0.296227	2.17647e-29	2.4985e-31	-1.0
3500	1	0.983529	-1.26705	1.68899e-28	1.33451e-28	-1.0
3500	2	0.797194	-0.914822	9.99401e-29	3.65016e-28	-1.0
3500	3	0.0324189	-1.57175	1.97413e-31	2.02151e-28	1.0
3500	4	0.168857	-0.447995	1.30323e-31	1.38633e-28	1.0
3500	5	0.752319	-0.50066	3.93848e-06	2.8622e-07	0.001001
3500	6	0.752842	-0.895507	1.11353e-28	2.55847e-28	1.0
3500	7	0.124994	-0.119918	2.4985e-31	3.1586e-30	-1.0
3500	8	0.617684	-0.611758	9.67322e-30	1.23383e-28	-1.0
3500	9	0.836065	-1.01867	1.46591e-28	2.21546e-28	1.0
3500	10	0.502399	-0.296227	2.17647e-29	2.4985e-31	-1.0
3600	1	0.983529	-1.26705	1.68899e-28	1.33451e-28	-1.0
3600	2	0.797194	-1.18183	9.99401e-29	0.00270773	1.34975e-13
3600	3	0.0324189	-1.5744	1.97413e-31	0.000471286	6.63568e-13
3600	4	0.168857	-0.447898	1.30323e-31	2.34308e-06	7.65442e-12
3600	5	0.752381	-0.500677	5.21293e-29	8.7059e-29	-1.0
3600	6	0.752842	-1.04565	1.11353e-28	3.56577e-28	1.0
3600	7	0.124994	-0.119918	2.4985e-31	3.1586e-30	-1.0
3600	8	0.617684	-0.611758	9.67322e-30	1.23383e-28	-1.0
3600	9	0.836065	-1.01867	1.46591e-28	2.21546e-28	1.0
3600	10	0.502399	-0.296227	2.17647e-29	2.4985e-31	-1.0
3700	1	0.983529	-1.64632	1.68899e-28	4.73988e-28	-1.0
3700	2	0.797194	-1.20209	9.99401e-29	9.99401e-29	1.0
3700	3	-0.0501448	-1.8817	3.00794e-31	1.95236e-06	3.56297e-11
3700	4	0.168857	-0.447995	1.30323e-31	1.38633e-28	1.0
3700	5	1.08876	-0.500677	0.000198205	8.7059e-29	-3.91905e-13
3700	6	0.752842	-1.12769	1.11353e-28	7.89651e-31	1.0
3700	7	0.124994	-0.119918	2.4985e-31	3.1586e-30	-1.0
3700	8	0.617684	-0.611758	9.67322e-30	1.23383e-28	-1.0
3700	9	0.91612	-1.01867	1.59904e-29	2.21546e-28	1.0
3700	10	0.496958	-0.296227	0.000103116	2.4985e-31	-2.84118e-13
3800	1	0.983529	-1.64632	1.68899e-28	4.73988e-28	-1.0
3800	2	0.797194	-1.20209	9.99401e-29	9.99401e-29	1.0
3800	3	-0.0501448	-1.88154	3.00794e-31	2.54312e-27	1.0
3800	4	0.168857	-0.447995	1.30323e-31	1.38633e-28	1.0
3800	5	1.08994	-0.500677	3.86929e-29	8.7059e-29	-1.0
3800	6	0.752842	-1.12759	1.11353e-28	9.96291e-06	2.42604e-13
3800	7	0.123397	-0.119418	1.42871e-05	8.30869e-05	0.0231866
3800	8	0.61457	-0.614466	0.000302202	0.000228566	1.0
3800	9	0.915865	-1.01867	5.81648e-06	2.21546e-28	1.65363e-12
3800	10	0.458873	-0.296227	5.87426e-29	2.4985e-31	1.0
3900	1	0.983529	-1.64632	1.68899e-28	4.73988e-28	-1.0
3900	2	0.797194	-1.30188	9.99401e-29	4.98441e-06	4.97232e-12
3900	3	0.163799	-1.88154	1.63174e-30	2.54312e-27	1.0
3900	4	0.168857	-0.447995	1.30323e-31	1.38633e-28	1.0
3900	5	1.08994	-0.500677	3.86929e-29	8.7059e-29	-1.0
3900	6	0.752842	-1.12769	1.11353e-28	7.89651e-31	1.0
3900	7	0.105156	-0.119918	3.01228e-30	3.1586e-30	-1.0
3900	8	0.604002	-0.623657	0.00121176	0.000916495	1.0
3900	9	0.869898	-1.01867	5.97173e-30	2.21546e-28	-1.0
3900	10	0.458873	-0.400131	5.87426e-29	0.000231876	-2.88813e-13
4000	1	0.983529	-1.64632	1.68899e-28	4.73988e-28	-1.0
4000	2	0.797194	-1.33659	9.99401e-29	0.00466548	1.45307e-13
4000	3	0.163799	-1.88154	1.63174e-30	2.54312e-27	1.0
4000	4	0.168857	-0.447995	1.30323e-31	1.38633e-28	1.0
4000	5	1.08994	-0.500677	3.86929e-29	8.7059e-29	-1.0
4000	6	0.752842	-1.12769	1.11353e-28	7.89651e-31	1.0
4000	7	0.139693	-0.119918	1.73507e-31	3.1586e-30	1.0
4000	8	0.615325	-0.932432	0.000217221	0.000164292	1.0
4000	9	0.869898	-1.01867	5.97173e-30	2.21546e-28	-1.0
4000	10	0.458873	-0.404799	5.87426e-29	1.78165e-29	-1.0
4100	1	0.983529	-1.64632	1.68899e-28	4.73988e-28	-1.0
4100	2	0.800614	-1.60163	0.000126673	5.54532e-28	-7.59644e-13
4100	3	0.163799	-1.88154	1.63174e-30	2.54312e-27	1.0
4100	4	0.168857	-0.443426	1.30323e-31	8.16999e-05	8.49099e-13
4100	5	1.08994	-0.500677	3.86929e-29	8.7059e-29	-1.0
4100	6	0.752842	-1.12769	1.11353e-28	7.89651e-31	1.0
4100	7	0.139693	-0.119918	1.73507e-31	3.1586e-30	1.0
4100	8	0.617684	-0.970262	9.67322e-30	7.55892e-05	-2.61012e-13
4100	9	0.827731	-0.900863	3.33934e-05	0.00843364	0.00848601
4100	10	0.458873	-0.581319	5.87426e-29	0.0118119	1.74063e-14
4200	1	0.983529	-1.64632	1.68899e-28	4.73988e-28	-1.0
4200	2	1.41316	-1.60163	0.00200257	5.54532e-28	-1.81684e-13
4200	3	0.163799	-1.88154	1.63174e-30	2.54312e-27	1.0
4200	4	0.168857	-0.406836	1.30323e-31	2.61078e-29	1.0
4200	5	1.08994	-0.500677	3.86929e-29	8.7059e-29	-1.0
4200	6	0.752842	-1.12769	1.11353e-28	7.89651e-31	1.0
4200	7	0.139693	-0.119804	1.73507e-31	3.38396e-05	3.04496e-13
4200	8	0.617684	-0.991478	9.67322e-30	1.89714e-28	-1.0
4200	9	1.22787	-0.751968	0.000444745	1.78006e-05	-0.00336954
4200	10	0.458873	-0.708097	5.87426e-29	3.33627e-29	1.0
4300	1	0.983529	-1.64632	1.68899e-28	4.73988e-28	-1.0
4300	2	1.42987	-1.60163	1.49293e-28	5.54532e-28	-1.0
4300	3	0.163799	-1.88154	1.63174e-30	2.54312e-27	1.0
4300	4	0.168857	-0.406836	1.30323e-31	2.61078e-29	1.0
4300	5	1.08994	-0.500677	3.86929e-29	8.7059e-29	-1.0
4300	6	0.752842	-1.12769	1.11353e-28	7.89651e-31	1.0
4300	7	0.139693	-0.321282	1.73507e-31	0.000406528	1.38448e-13
4300	8	0.617684	-0.991234	9.67322e-30	2.96751e-05	-2.50693e-12
4300	9	1.23012	-0.751834	4.1506e-29	1.87665e-29	-1.0
4300	10	0.458677	-0.708097	9.55317e-06	3.33627e-29	2.49783e-12
4400	1	0.983529	-1.64632	1.68899e-28	4.73988e-28	-1.0
4400	2	1.54555	-1.60163	9.95157e-28	5.54532e-28	-1.0
4400	3	0.163799	-1.88193	1.63174e-30	4.9735e-05	7.145e-12
4400	4	0.168857	-0.406836	1.30323e-31	2.61078e-29	1.0
4400	5	1.08994	-0.500677	3.86929e-29	8.7059e-29	-1.0
4400	6	0.752842	-1.12769	1.11353e-28	7.89651e-31	1.0
4400	7	0.139693	-0.325182	1.73507e-31	1.03765e-29	1.0
4400	8	0.617684	-0.991478	9.67322e-30	1.89714e-28	-1.0
4400	9	0.850762	-1.13516	0.0237484	0.024248	1.0
4400	10	0.458873	-0.708097	5.87426e-29	3.33627e-29	1.0
4500	1	0.983529	-1.64632	1.68899e-28	4.73988e-28	-1.0
4500	2	1.55942	-1.59524	0.000398544	8.44079e-05	1.0
4500	3	0.164041	-2.13931	1.94251e-05	1.85746e-27	-2.91615e-13
4500	4	0.168857	-0.406836	1.30323e-31	2.61078e-29	1.0
4500	5	1.08994	-0.500677	3.86929e-29	8.7059e-29	-1.0
4500	6	0.752842	-1.12769	1.11353e-28	7.89651e-31	1.0
4500	7	0.139693	-0.325182	1.73507e-31	1.03765e-29	1.0
4500	8	0.617684	-0.991478	9.67322e-30	1.89714e-28	-1.0
4500	9	0.722279	-1.46993	3.99761e-30	6.75645e-29	-1.0
4500	10	0.734767	-0.708097	3.00265e-28	3.33627e-29	1.0
4600	1	0.983529	-1.64632	1.68899e-28	4.73988e-28	-1.0
4600	2	1.61706	-1.56872	4.45412e-28	2.77612e-28	1.0
4600	3	0.236454	-2.23001	0.00324983	3.49907e-05	0.0400898
4600	4	0.168857	-0.623807	1.30323e-31	1.99004e-28	1.0
4600	5	1.08994	-0.661181	3.86929e-29	0.00621152	-2.64382e-14
4600	6	0.83746	-1.12769	0.00535765	7.89651e-31	6.5406e-16
4600	7	0.139693	-0.325182	1.73507e-31	1.03765e-29	1.0
4600	8	0.617684	-1.04715	9.67322e-30	1.83643e-28	-1.0
4600	9	0.722279	-1.46993	3.99761e-30	6.75645e-29	-1.0
4600	10	0.734767	-0.708097	3.00265e-28	3.33627e-29	1.0
4700	1	0.983529	-1.64632	1.68899e-28	4.73988e-28	-1.0
4700	2	1.61706	-1.56872	4.45412e-28	2.77612e-28	1.0
4700	3	0.323687	-2.21532	9.59565e-05	3.1586e-30	-3.53917e-13
4700	4	0.168857	-0.623807	1.30323e-31	1.99004e-28	1.0
4700	5	1.08985	-0.659002	5.94332e-07	8.55827e-05	-0.0279076
4700	6	0.96386	-1.12769	2.05321e-28	7.89651e-31	1.0
4700	7	0.139693	-0.325182	1.73507e-31	1.03765e-29	1.0
4700	8	0.617684	-1.0468	9.67322e-30	5.85574e-06	-5.41099e-12
4700	9	0.722279	-1.46993	3.99761e-30	6.75645e-29	-1.0
4700	10	0.734767	-0.708097	3.00265e-28	3.33627e-29	1.0
4800	1	0.983529	-1.64632	1.68899e-28	4.73988e-28	-1.0
4800	2	1.61706	-1.56872	4.45412e-28	2.77612e-28	1.0
4800	3	0.324896	-2.21532	1.30323e-29	3.1586e-30	-1.0
4800	4	0.168857	-0.623807	1.30323e-31	1.99004e-28	1.0
4800	5	1.08989	-0.656836	2.99276e-07	1.59904e-29	-1.10176e-11
4800	6	0.96386	-1.12769	2.05321e-28	7.89651e-31	1.0
4800	7	0.139693	-0.325182	1.73507e-31	1.03765e-29	1.0
4800	8	0.617684	-1.0126	9.67322e-30	4.08694e-28	1.0
4800	9	0.722485	-1.46993	4.69617e-06	6.75645e-29	-1.0437e-12
4800	10	0.734767	-0.708097	3.00265e-28	3.33627e-29	1.0
4900	1	0.983529	-1.64632	1.68899e-28	4.73988e-28	-1.0
4900	2	1.61706	-1.61272	4.45412e-28	1.93794e-06	1.82225e-11
4900	3	0.324896	-2.21532	1.30323e-29	3.1586e-30	-1.0
4900	4	0.168857	-0.623807	1.30323e-31	1.99004e-28	1.0
4900	5	1.08994	-0.656836	3.86929e-29	1.59904e-29	-1.0
4900	6	1.14864	-1.09727	1.49293e-28	1.66024e-28	-1.0
4900	7	0.139693	-0.325182	1.73507e-31	1.03765e-29	1.0
4900	8	0.617684	-1.0126	9.67322e-30	4.08694e-28	1.0
4900	9	0.768617	-1.46993	0.000109578	6.75645e-29	-9.30447e-13
4900	10	0.734767	-0.708097	3.00265e-28	3.33627e-29	1.0
5000	1	0.983529	-1.64632	1.68899e-28	4.73988e-28	-1.0
5000	2	1.61706	-1.6128	4.45412e-28	6.64096e-28	1.0
5000	3	0.336485	-2.21532	1.82884e-29	3.1586e-30	1.0
5000	4	0.168803	-0.623807	2.89169e-06	1.99004e-28	2.17553e-13
5000	5	1.08994	-0.656836	3.86929e-29	1.59904e-29	-1.0
5000	6	1.14864	-1.13399	1.49293e-28	0.00124088	-3.40531e-13
5000	7	0.139693	-0.325182	1.73507e-31	1.03765e-29	1.0
5000	8	0.617684	-1.0126	9.67322e-30	4.08694e-28	1.0
5000	9	1.23652	-1.47091	8.7059e-29	0.000117677	-7.6557e-13
5000	10	0.734767	-0.92204	3.00265e-28	3.65016e-28	-1.0
5100	1	0.983529	-1.64632	1.68899e-28	4.73988e-28	-1.0
5100	2	1.61706	-1.6128	4.45412e-28	6.64096e-28	1.0
5100	3	0.336485	-2.21532	1.82884e-29	3.1586e-30	1.0
5100	4	0.168857	-0.623807	1.30323e-31	1.99004e-28	1.0
5100	5	1.08994	-0.656836	3.86929e-29	1.59904e-29	-1.0
5100	6	1.21949	-1.20101	0.000352301	1.1371e-28	-6.74172e-14
5100	7	0.139693	-0.325182	1.73507e-31	1.03765e-29	1.0
5100	8	0.870656	-1.0126	1.77671e-28	4.08694e-28	1.0
5100	9	1.23652	-1.46993	8.7059e-29	6.75645e-29	-1.0
5100	10	0.613358	-0.92204	2.21321e-05	3.65016e-28	8.43955e-13
5200	1	1.00916	-1.64632	0.00377233	4.73988e-28	-2.33864e-13
5200	2	1.61706	-1.6128	4.45412e-28	6.64096e-28	1.0
5200	3	0.336485	-2.21513	1.82884e-29	3.95974e-05	3.08166e-13
5200	4	0.168857	-0.623807	1.30323e-31	1.99004e-28	1.0
5200	5	1.2183	-0.656836	2.06162e-05	1.59904e-29	5.45199e-12
5200	6	1.2069	-1.20795	2.36294e-06	0.000354648	-0.0114959
5200	7	0.108992	-0.516731	9.43502e-07	0.000842778	-0.0201721
5200	8	0.870656	-1.0126	1.77671e-28	4.08694e-28	1.0
5200	9	1.61401	-1.23272	1.28368e-28	2.4183e-30	1.0
5200	10	0.612993	-0.92204	1.59904e-29	3.65016e-28	1.0
5300	1	1.298	-1.64632	7.83531e-28	4.73988e-28	1.0
5300	2	1.61706	-1.6128	4.45412e-28	6.64096e-28	1.0
5300	3	0.336485	-2.21532	1.82884e-29	3.1586e-30	1.0
5300	4	0.0517593	-0.623807	7.05644e-31	1.99004e-28	-1.0
5300	5	1.21862	-0.656836	6.3019e-28	1.59904e-29	1.0
5300	6	1.20669	-1.30863	4.36085e-28	2.48789e-28	1.0
5300	7	0.10893	-0.525967	6.95957e-30	1.18571e-29	1.0
5300	8	0.870656	-1.0126	1.77671e-28	4.08694e-28	1.0
5300	9	1.4898	-1.23272	0.00197052	2.4183e-30	-3.86653e-13
5300	10	0.613045	-0.92204	2.70397e-06	3.65016e-28	2.39351e-12
5400	1	1.298	-1.64632	7.83531e-28	4.73988e-28	1.0
5400	2	1.61706	-1.6128	4.45412e-28	6.64096e-28	1.0
5400	3	0.336485	-2.21532	1.82884e-29	3.1586e-30	1.0
5400	4	0.0517593	-0.623807	7.05644e-31	1.99004e-28	-1.0
5400	5	1.21862	-0.656836	6.3019e-28	1.59904e-29	1.0
5400	6	1.20669	-1.30863	4.36085e-28	2.48789e-28	1.0
5400	7	0.10893	-0.525967	6.95957e-30	1.18571e-29	1.0
5400	8	0.877333	-1.0126	0.00052975	4.08694e-28	5.61303e-13
5400	9	1.46005	-1.2335	6.34796e-05	1.95891e-05	-1.0
5400	10	0.612993	-0.92204	1.59904e-29	3.65016e-28	1.0
5500	1	1.39861	-1.59988	1.1115e-05	1.78013e-05	0.00584468
5500	2	1.61706	-2.05414	4.45412e-28	2.30262e-27	-1.0
5500	3	0.335847	-2.21599	8.11523e-05	8.88921e-05	1.0
5500	4	0.0517593	-0.623807	7.05644e-31	1.99004e-28	-1.0
5500	5	1.54866	-0.656836	4.45412e-28	1.59904e-29	1.0
5500	6	1.20669	-1.961	4.36085e-28	4.26855e-28	-1.0
5500	7	0.10893	-0.525967	6.95957e-30	1.18571e-29	1.0
5500	8	1.02775	-1.08311	2.21546e-28	0.000858911	-2.72328e-13
5500	9	1.49191	-1.2508	0.000884541	0.000310343	-0.912784
5500	10	0.612993	-0.92204	1.59904e-29	3.65016e-28	1.0
5600	1	1.39851	-1.5991	1.78165e-29	1.95883e-28	-1.0
5600	2	1.61706	-2.05414	4.45412e-28	2.30262e-27	-1.0
5600	3	0.336485	-2.21532	1.82884e-29	3.1586e-30	1.0
5600	4	0.0517593	-0.623807	7.05644e-31	1.99004e-28	-1.0
5600	5	1.54866	-0.65697	4.45412e-28	1.786e-05	9.33926e-13
5600	6	1.20669	-1.961	4.36085e-28	4.26855e-28	-1.0
5600	7	0.10893	-0.525967	6.95957e-30	1.18571e-29	1.0
5600	8	1.02775	-1.08267	2.21546e-28	3.59785e-29	-1.0
5600	9	1.70473	-1.18133	0.00236959	0.000905648	0.953278
5600	10	0.612993	-0.92204	1.59904e-29	3.65016e-28	1.0
5700	1	1.39851	-1.5991	1.78165e-29	1.95883e-28	-1.0
5700	2	1.61706	-2.05414	4.45412e-28	2.30262e-27	-1.0
5700	3	0.55751	-2.21543	8.91441e-29	1.38139e-06	-1.59681e-12
5700	4	0.0517593	-0.624094	7.05644e-31	4.12023e-05	-2.19681e-12
5700	5	1.54866	-0.656836	4.45412e-28	1.59904e-29	1.0
5700	6	1.20669	-1.961	4.36085e-28	4.26855e-28	-1.0
5700	7	0.10893	-0.525967	6.95957e-30	1.18571e-29	1.0
5700	8	1.02775	-1.08267	2.21546e-28	3.59785e-29	-1.0
5700	9	1.73231	-1.15035	1.66024e-28	2.6665e-06	9.1351e-12
5700	10	0.612993	-0.922008	1.59904e-29	1.00463e-06	1.90932e-11
5800	1	1.42131	-1.5991	0.00212661	1.95883e-28	-1.23772e-13
5800	2	1.61706	-2.05414	4.45412e-28	2.30262e-27	-1.0
5800	3	0.55751	-2.30086	8.91441e-29	4.73988e-28	-1.0
5800	4	0.0517593	-0.623807	7.05644e-31	1.99004e-28	-1.0
5800	5	1.54866	-0.656836	4.45412e-28	1.59904e-29	1.0
5800	6	1.40417	-1.961	4.54839e-28	4.26855e-28	-1.0
5800	7	0.10893	-0.525967	6.95957e-30	1.18571e-29	1.0
5800	8	1.02775	-1.08267	2.21546e-28	3.59785e-29	-1.0
5800	9	1.73231	-1.15002	1.66024e-28	2.08517e-28	1.0
5800	10	0.612993	-0.858648	1.59904e-29	5.23588e-28	-1.0
5900	1	1.60305	-1.5991	2.52195e-06	1.95883e-28	8.63518e-12
5900	2	1.61706	-2.05414	4.45412e-28	2.30262e-27	-1.0
5900	3	0.55751	-2.30086	8.91441e-29	4.73988e-28	-1.0
5900	4	0.0517593	-0.623706	7.05644e-31	1.02787e-05	-4.34913e-12
5900	5	1.54866	-1.18383	4.45412e-28	2.84274e-29	-1.0
5900	6	1.40417	-1.961	4.54839e-28	4.26855e-28	-1.0
5900	7	0.139931	-0.525967	1.34854e-05	1.18571e-29	6.09092e-13
5900	8	1.02775	-1.08267	2.21546e-28	3.59785e-29	-1.0
5900	9	1.73231	-1.14991	1.66024e-28	1.23169e-05	4.14971e-12
5900	10	0.782318	-1.26302	5.53866e-29	1.97413e-31	-1.0
6000	1	1.67403	-1.5991	1.14026e-27	1.95883e-28	-1.0
6000	2	1.91438	-2.05414	2.02151e-28	2.30262e-27	-1.0
6000	3	0.55751	-2.30086	8.91441e-29	4.73988e-28	-1.0
6000	4	0.0517593	-0.623807	7.05644e-31	1.99004e-28	-1.0
6000	5	1.54866	-1.18383	4.45412e-28	2.84274e-29	-1.0
6000	6	1.40417	-1.961	4.54839e-28	4.26855e-28	-1.0
6000	7	0.263579	-0.525967	1.64915e-07	1.18571e-29	1.68628e-11
6000	8	1.02775	-1.08267	2.21546e-28	3.59785e-29	-1.0
6000	9	1.73231	-1.15002	1.66024e-28	2.08517e-28	1.0
6000	10	0.782318	-1.26302	5.53866e-29	1.97413e-31	-1.0
6100	1	1.67403	-1.5991	1.14026e-27	1.95883e-28	-1.0
6100	2	1.91438	-2.05414	2.02151e-28	2.30262e-27	-1.0
6100	3	0.55751	-2.30086	8.91441e-29	4.73988e-28	-1.0
6100	4	0.0517593	-0.638941	7.05644e-31	1.49293e-30	1.0
6100	5	1.54866	-1.18378	4.45412e-28	1.4727e-06	-4.63896e-12
6100	6	1.78576	-1.961	0.0118936	4.26855e-28	1.0611e-13
6100	7	0.263567	-0.525967	4.66665e-29	1.18571e-29	1.0
6100	8	1.02775	-1.08267	2.21546e-28	3.59785e-29	-1.0
6100	9	1.73231	-1.15002	1.66024e-28	2.08517e-28	1.0
6100	10	0.782318	-1.26302	5.53866e-29	1.97413e-31	-1.0
6200	1	1.67403	-1.5991	1.14026e-27	1.95883e-28	-1.0
6200	2	1.91438	-2.09661	2.02151e-28	0.0029192	-5.94393e-13
6200	3	0.55751	-2.30086	8.91441e-29	4.73988e-28	-1.0
6200	4	0.0517593	-0.638941	7.05644e-31	1.49293e-30	1.0
6200	5	1.54866	-1.18383	4.45412e-28	2.84274e-29	-1.0
6200	6	1.85074	-1.961	5.33804e-28	4.26855e-28	1.0
6200	7	0.899874	-0.525967	2.45298e-28	1.18571e-29	-1.0
6200	8	1.02775	-1.08267	2.21546e-28	3.59785e-29	-1.0
6200	9	1.74395	-1.15002	4.08694e-28	2.08517e-28	1.0
6200	10	0.782318	-1.26302	5.53866e-29	1.97413e-31	-1.0
6300	1	1.71526	-1.5991	1.60348e-28	1.95883e-28	1.0
6300	2	1.91438	-2.22893	2.02151e-28	3.1586e-30	1.0
6300	3	0.55751	-2.30086	8.91441e-29	4.73988e-28	-1.0
6300	4	0.0517593	-0.638941	7.05644e-31	1.49293e-30	1.0
6300	5	1.73162	-1.18383	5.86365e-28	2.84274e-29	1.0
6300	6	1.92642	-1.961	0.00111075	4.26855e-28	5.66586e-14
6300	7	0.899874	-0.525967	2.45298e-28	1.18571e-29	-1.0
6300	8	1.34489	-1.08267	1.60348e-28	3.59785e-29	1.0
6300	9	1.74395	-1.15002	4.08694e-28	2.08517e-28	1.0
6300	10	0.782318	-1.26302	5.53866e-29	1.97413e-31	-1.0
6400	1	1.71526	-1.5991	1.60348e-28	1.95883e-28	1.0
6400	2	1.91438	-2.22893	2.02151e-28	3.1586e-30	1.0
6400	3	0.55751	-2.30086	8.91441e-29	4.73988e-28	-1.0
6400	4	0.0517593	-0.638941	7.05644e-31	1.49293e-30	1.0
6400	5	2.34399	-1.18383	5.33804e-28	2.84274e-29	1.0
6400	6	1.95442	-1.961	5.11087e-05	4.26855e-28	3.80912e-12
6400	7	0.899874	-0.525967	2.45298e-28	1.18571e-29	-1.0
6400	8	1.34482	-1.08267	4.81514e-06	3.59785e-29	5.67776e-12
6400	9	1.74395	-1.15002	4.08694e-28	2.08517e-28	1.0
6400	10	0.782318	-1.26492	5.53866e-29	0.000209315	-2.17834e-14
6500	1	1.71526	-1.5991	1.60348e-28	1.95883e-28	1.0
6500	2	2.02723	-2.22893	3.187e-06	3.1586e-30	-7.81208e-12
6500	3	0.55751	-2.30086	8.91441e-29	4.73988e-28	-1.0
6500	4	0.0517593	-0.638941	7.05644e-31	1.49293e-30	1.0
6500	5	2.34399	-1.18417	5.33804e-28	2.29497e-05	1.09047e-12
6500	6	1.95541	-1.961	8.21286e-28	4.26855e-28	1.0
6500	7	0.899874	-0.525967	2.45298e-28	1.18571e-29	-1.0
6500	8	1.34489	-1.08267	1.60348e-28	3.59785e-29	1.0
6500	9	1.74395	-1.15002	4.08694e-28	2.08517e-28	1.0
6500	10	0.782318	-1.48674	5.53866e-29	2.84274e-29	1.0
6600	1	1.71526	-1.5991	1.60348e-28	1.95883e-28	1.0
6600	2	2.11889	-2.22893	7.34808e-05	3.1586e-30	-6.55938e-12
6600	3	0.55751	-2.32235	8.91441e-29	2.4183e-28	1.0
6600	4	0.0517593	-0.638941	7.05644e-31	1.49293e-30	1.0
6600	5	2.34446	-1.18383	4.40517e-05	2.84274e-29	3.41443e-12
6600	6	1.95527	-1.961	2.4327e-06	4.26855e-28	1.81256e-11
6600	7	0.899874	-0.525967	2.45298e-28	1.18571e-29	-1.0
6600	8	1.34489	-1.08267	1.60348e-28	3.59785e-29	1.0
6600	9	1.74395	-1.15002	4.08694e-28	2.08517e-28	1.0
6600	10	0.782318	-1.48674	5.53866e-29	2.84274e-29	1.0
6700	1	1.71526	-1.5991	1.60348e-28	1.95883e-28	1.0
6700	2	2.12052	-2.22893	3.23441e-27	3.1586e-30	-1.0
6700	3	0.55751	-2.25478	8.91441e-29	0.000326931	-2.1569e-13
6700	4	0.0517593	-0.785781	7.05644e-31	2.52306e-28	-1.0
6700	5	2.34399	-1.18383	5.33804e-28	2.84274e-29	1.0
6700	6	1.92042	-1.961	1.35998e-27	4.26855e-28	1.0
6700	7	0.899874	-0.70054	2.45298e-28	0.00151086	-2.21543e-13
6700	8	1.34489	-1.09615	1.60348e-28	1.23383e-28	1.0
6700	9	1.74395	-1.15002	4.08694e-28	2.08517e-28	1.0
6700	10	0.782318	-1.48674	5.53866e-29	2.84274e-29	1.0
6800	1	1.71526	-1.5991	1.60348e-28	1.95883e-28	1.0
6800	2	2.12052	-2.22893	3.23441e-27	3.1586e-30	-1.0
6800	3	0.55751	-2.24455	8.91441e-29	6.87193e-28	-1.0
6800	4	0.0517593	-0.785781	7.05644e-31	2.52306e-28	-1.0
6800	5	2.34399	-1.18383	5.33804e-28	2.84274e-29	1.0
6800	6	1.92042	-1.961	1.35998e-27	4.26855e-28	1.0
6800	7	0.899874	-0.718122	2.45298e-28	2.08517e-28	-1.0
6800	8	1.34489	-1.09615	1.60348e-28	1.23383e-28	1.0
6800	9	1.74395	-1.15002	4.08694e-28	2.08517e-28	1.0
6800	10	0.782318	-1.48674	5.53866e-29	2.84274e-29	1.0
6900	1	1.71526	-1.5991	1.60348e-28	1.95883e-28	1.0
6900	2	2.12052	-2.55695	3.23441e-27	2.02151e-28	-1.0
6900	3	0.55751	-2.24455	8.91441e-29	6.87193e-28	-1.0
6900	4	0.0517593	-0.785781	7.05644e-31	2.52306e-28	-1.0
6900	5	2.70201	-1.18383	0.000449044	2.84274e-29	-2.64901e-12
6900	6	1.92042	-1.961	1.35998e-27	4.26855e-28	1.0
6900	7	0.899874	-0.718122	2.45298e-28	2.08517e-28	-1.0
6900	8	1.34489	-1.09615	1.60348e-28	1.23383e-28	1.0
6900	9	1.74395	-1.15002	4.08694e-28	2.08517e-28	1.0
6900	10	0.782318	-1.48674	5.53866e-29	2.84274e-29	1.0
7000	1	1.71515	-1.59922	1.68191e-06	2.13539e-06	1.0
7000	2	2.54289	-2.55695	4.17725e-28	2.02151e-28	1.0
7000	3	0.55751	-2.24455	8.91441e-29	6.87193e-28	-1.0
7000	4	0.0523654	-0.785781	0.000122195	2.52306e-28	-7.63524e-14
7000	5	2.70453	-1.18383	3.33627e-27	2.84274e-29	-1.0
7000	6	1.92042	-1.961	1.35998e-27	4.26855e-28	1.0
7000	7	0.899874	-0.718122	2.45298e-28	2.08517e-28	-1.0
7000	8	1.34489	-1.09615	1.60348e-28	1.23383e-28	1.0
7000	9	1.74395	-1.15002	4.08694e-28	2.08517e-28	1.0
7000	10	0.782318	-1.48674	5.53866e-29	2.84274e-29	1.0
7100	1	1.71526	-1.599	1.60348e-28	1.04018e-05	4.31419e-12
7100	2	2.54289	-2.55695	4.17725e-28	2.02151e-28	1.0
7100	3	0.55751	-2.24455	8.91441e-29	6.87193e-28	-1.0
7100	4	0.0501971	-1.03497	8.14527e-05	6.04576e-29	8.78625e-14
7100	5	2.70453	-1.18383	3.33627e-27	2.84274e-29	-1.0
7100	6	1.92042	-1.961	1.35998e-27	4.26855e-28	1.0
7100	7	0.876878	-0.79249	0.00144814	0.00044909	0.0300249
7100	8	1.34489	-1.21282	1.60348e-28	0.00973388	5.53449e-14
7100	9	1.74395	-1.29969	4.08694e-28	0.00117946	-2.48183e-13
7100	10	0.782318	-1.48674	5.53866e-29	2.84274e-29	1.0
7200	1	1.71526	-1.5991	1.60348e-28	1.95883e-28	1.0
7200	2	2.54289	-2.55695	4.17725e-28	2.02151e-28	1.0
7200	3	0.422657	-2.24455	2.02379e-29	6.87193e-28	1.0
7200	4	-0.0316964	-1.03497	0.000741497	6.04576e-29	-1.38914e-14
7200	5	2.70453	-1.18383	3.33627e-27	2.84274e-29	-1.0
7200	6	1.92042	-1.961	1.35998e-27	4.26855e-28	1.0
7200	7	0.901538	-0.805051	8.7059e-29	7.1266e-29	1.0
7200	8	1.34489	-1.386	1.60348e-28	2.85064e-28	1.0
7200	9	1.74395	-1.31568	4.08694e-28	1.49293e-28	-1.0
7200	10	0.782318	-1.48674	5.53866e-29	2.84274e-29	1.0
7300	1	1.88919	-1.5991	7.46664e-28	1.95883e-28	1.0
7300	2	2.54289	-2.55695	4.17725e-28	2.02151e-28	1.0
7300	3	0.422657	-2.24455	2.02379e-29	6.87193e-28	1.0
7300	4	-0.0490326	-1.3702	6.71087e-31	0.00202651	3.45878e-13
7300	5	2.70453	-1.18399	3.33627e-27	1.21557e-05	-1.51791e-12
7300	6	1.92042	-1.961	1.35998e-27	4.26855e-28	1.0
7300	7	1.1276	-0.805051	8.7059e-29	7.1266e-29	1.0
7300	8	1.34489	-1.386	1.60348e-28	2.85064e-28	1.0
7300	9	1.74395	-1.31568	4.08694e-28	1.49293e-28	-1.0
7300	10	0.782318	-1.48674	5.53866e-29	2.84274e-29	1.0
7400	1	1.88919	-1.5991	7.46664e-28	1.95883e-28	1.0
7400	2	2.54289	-2.55695	4.17725e-28	2.02151e-28	1.0
7400	3	0.422657	-2.24455	2.02379e-29	6.87193e-28	1.0
7400	4	0.140221	-1.45285	3.08457e-31	8.29627e-29	1.0
7400	5	2.70453	-1.33983	3.33627e-27	1.49293e-28	-1.0
7400	6	1.92042	-1.961	1.35998e-27	4.26855e-28	1.0
7400	7	1.1276	-0.805051	8.7059e-29	7.1266e-29	1.0
7400	8	1.40886	-1.43354	0.000582559	0.00032166	-1.0
7400	9	1.74395	-1.31568	4.08694e-28	1.49293e-28	-1.0
7400	10	0.782318	-1.48674	5.53866e-29	2.84274e-29	1.0
7500	1	2.28321	-1.5991	0.000971134	1.95883e-28	-5.8687e-13
7500	2	2.54289	-2.55695	4.17725e-28	2.02151e-28	1.0
7500	3	0.422657	-2.24455	2.02379e-29	6.87193e-28	1.0
7500	4	0.140221	-1.45285	3.08457e-31	8.29627e-29	1.0
7500	5	2.70122	-1.26191	0.000199024	0.0124718	0.0164593
7500	6	1.92042	-1.961	1.35998e-27	4.26855e-28	1.0
7500	7	1.1276	-0.805051	8.7059e-29	7.1266e-29	1.0
7500	8	1.42672	-1.79884	7.47158e-05	4.25318e-05	1.0
7500	9	1.74395	-1.31568	4.08694e-28	1.49293e-28	-1.0
7500	10	0.782318	-1.48674	5.53866e-29	2.84274e-29	1.0
7600	1	2.2882	-1.5991	3.65016e-28	1.95883e-28	-1.0
7600	2	2.54289	-2.55695	4.17725e-28	2.02151e-28	1.0
7600	3	0.422657	-2.24455	2.02379e-29	6.87193e-28	1.0
7600	4	0.140221	-1.77403	3.08457e-31	1.14026e-27	1.0
7600	5	2.58627	-1.0248	2.4183e-28	0.0129185	-1.23022e-13
7600	6	1.92042	-1.961	1.35998e-27	4.26855e-28	1.0
7600	7	1.15049	-0.805051	0.00110275	7.1266e-29	1.47856e-13
7600	8	1.81309	-1.50733	1.95883e-28	2.70258e-28	-1.0
7600	9	1.74395	-1.31568	4.08694e-28	1.49293e-28	-1.0
7600	10	0.782318	-1.48674	5.53866e-29	2.84274e-29	1.0
7700	1	2.2882	-1.5991	3.65016e-28	1.95883e-28	-1.0
7700	2	2.54289	-2.55695	4.17725e-28	2.02151e-28	1.0
7700	3	0.422399	-2.24455	3.34236e-05	6.87193e-28	7.77029e-13
7700	4	0.140221	-1.77403	3.08457e-31	1.14026e-27	1.0
7700	5	2.5862	-0.978278	4.64817e-06	0.00551628	-0.0132176
7700	6	1.92042	-2.20712	1.35998e-27	1.43914e-28	-1.0
7700	7	1.24808	-0.805051	2.02151e-28	7.1266e-29	1.0
7700	8	1.81309	-1.50733	1.95883e-28	2.70258e-28	-1.0
7700	9	1.74395	-1.31568	4.08694e-28	1.49293e-28	-1.0
7700	10	0.782318	-1.48674	5.53866e-29	2.84274e-29	1.0
7800	1	2.2882	-1.5991	3.65016e-28	1.95883e-28	-1.0
7800	2	2.54289	-2.55695	4.17725e-28	2.02151e-28	1.0
7800	3	0.422657	-2.24455	2.02379e-29	6.87193e-28	1.0
7800	4	0.140221	-1.77403	3.08457e-31	1.14026e-27	1.0
7800	5	2.58627	-0.985737	2.4183e-28	0.00684864	-1.59666e-13
7800	6	1.92026	-2.20712	2.49147e-05	1.43914e-28	-7.37988e-12
7800	7	1.24808	-0.805051	2.02151e-28	7.1266e-29	1.0
7800	8	1.81309	-1.68129	1.95883e-28	6.81531e-05	3.64158e-12
7800	9	1.74386	-1.31568	6.73698e-06	1.49293e-28	-7.77306e-12
7800	10	0.713472	-1.48674	0.000528856	2.84274e-29	4.28978e-13
7900	1	2.15694	-1.5991	0.000168426	1.95883e-28	-6.96305e-13
7900	2	2.54289	-2.55695	4.17725e-28	2.02151e-28	1.0
7900	3	0.563297	-2.24011	1.5202e-28	1.3274e-27	1.0
7900	4	0.140221	-1.77403	3.08457e-31	1.14026e-27	1.0
7900	5	2.58627	-0.947658	2.4183e-28	7.69771e-05	-1.28531e-12
7900	6	1.92042	-2.20712	1.35998e-27	1.43914e-28	-1.0
7900	7	1.24808	-0.805051	2.02151e-28	7.1266e-29	1.0
7900	8	1.87941	-1.68207	0.0139403	9.12836e-28	1.21694e-13
7900	9	1.95942	-1.31568	2.48789e-28	1.49293e-28	1.0
7900	10	0.698564	-1.48674	4.44178e-29	2.84274e-29	1.0
8000	1	2.15447	-1.5991	7.89651e-29	1.95883e-28	-1.0
8000	2	2.54289	-2.55695	4.17725e-28	2.02151e-28	1.0
8000	3	0.563297	-2.24011	1.5202e-28	1.3274e-27	1.0
8000	4	0.140221	-1.62103	3.08457e-31	3.86929e-29	-1.0
8000	5	2.58627	-0.947265	2.4183e-28	1.25863e-28	-1.0
8000	6	1.92131	-2.20712	0.00013203	1.43914e-28	-3.24613e-12
8000	7	1.24878	-0.805051	6.94391e-05	7.1266e-29	1.68215e-12
8000	8	2.30988	-1.68207	3.00265e-28	9.12836e-28	1.0
8000	9	1.95942	-1.31568	2.48789e-28	1.49293e-28	1.0
8000	10	0.698564	-1.48661	4.44178e-29	1.65194e-05	1.28929e-12
8100	1	2.30613	-1.5991	5.75628e-05	1.95883e-28	3.62422e-12
8100	2	2.54289	-2.55695	4.17725e-28	2.02151e-28	1.0
8100	3	0.562866	-2.24011	1.01667e-05	1.3274e-27	3.84401e-12
8100	4	0.178211	-1.62103	0.00315576	3.86929e-29	-1.73439e-15
8100	5	2.58627	-0.947265	2.4183e-28	1.25863e-28	-1.0
8100	6	2.21784	-2.20712	1.52876e-27	1.43914e-28	1.0
8100	7	1.24808	-0.805051	2.02151e-28	7.1266e-29	1.0
8100	8	2.30988	-1.68207	3.00265e-28	9.12836e-28	1.0
8100	9	1.95942	-1.31568	2.48789e-28	1.49293e-28	1.0
8100	10	0.698564	-1.24459	4.44178e-29	0.00172873	3.67747e-13
8200	1	2.30689	-1.5991	7.34572e-28	1.95883e-28	1.0
8200	2	2.54289	-2.55695	4.17725e-28	2.02151e-28	1.0
8200	3	0.515356	-2.24011	8.99461e-30	1.3274e-27	1.0
8200	4	0.35069	-1.62149	3.73233e-29	2.319e-05	-1.37558e-12
8200	5	2.58627	-0.947389	2.4183e-28	7.66701e-06	-4.05538e-12
8200	6	2.21784	-2.20712	1.52876e-27	1.43914e-28	1.0
8200	7	1.24808	-0.804969	2.02151e-28	6.76815e-06	3.23383e-12
8200	8	2.30988	-1.68207	3.00265e-28	9.12836e-28	1.0
8200	9	1.95927	-1.31568	2.37594e-05	1.49293e-28	3.20412e-12
8200	10	0.698564	-1.22968	4.44178e-29	3.31851e-28	1.0
8300	1	2.30689	-1.5991	7.34572e-28	1.95883e-28	1.0
8300	2	2.54289	-2.55695	4.17725e-28	2.02151e-28	1.0
8300	3	0.515356	-2.24011	8.99461e-30	1.3274e-27	1.0
8300	4	0.350503	-1.69152	3.48542e-05	0.00109284	-0.0186909
8300	5	2.58627	-0.947265	2.4183e-28	1.25863e-28	-1.0
8300	6	2.21784	-2.20712	1.52876e-27	1.43914e-28	1.0
8300	7	1.24808	-0.954247	2.02151e-28	0.0144406	-1.08944e-14
8300	8	2.30988	-1.68207	3.00265e-28	9.12836e-28	1.0
8300	9	1.95942	-1.31568	2.48789e-28	1.49293e-28	1.0
8300	10	0.698564	-1.22968	4.44178e-29	3.31851e-28	1.0
8400	1	2.30689	-1.5991	7.34572e-28	1.95883e-28	1.0
8400	2	2.54289	-2.71235	4.17725e-28	0.000205421	-2.02424e-12
8400	3	0.515356	-2.37516	8.99461e-30	1.04431e-28	-1.0
8400	4	0.35069	-1.6622	3.73233e-29	4.44178e-29	-1.0
8400	5	2.58627	-1.09593	2.4183e-28	1.65925e-05	-4.38859e-12
8400	6	2.21784	-2.20712	1.52876e-27	1.43914e-28	1.0
8400	7	1.24808	-1.14298	2.02151e-28	1.71798e-28	1.0
8400	8	2.30988	-1.68207	3.00265e-28	9.12836e-28	1.0
8400	9	1.95942	-1.31568	2.48789e-28	1.49293e-28	1.0
8400	10	0.698564	-1.22968	4.44178e-29	3.31851e-28	1.0
8500	1	2.2889	-1.5991	8.90935e-07	1.95883e-28	-3.89381e-11
8500	2	2.54289	-2.71504	4.17725e-28	8.86185e-28	-1.0
8500	3	0.515356	-2.37516	8.99461e-30	1.04431e-28	-1.0
8500	4	0.35069	-1.6622	3.73233e-29	4.44178e-29	-1.0
8500	5	2.59351	-1.08903	0.000176733	0.000171101	1.0
8500	6	2.21784	-2.20712	1.52876e-27	1.43914e-28	1.0
8500	7	1.24808	-1.40714	2.02151e-28	3.08457e-29	-1.0
8500	8	2.47706	-1.68207	2.74877e-27	9.12836e-28	-1.0
8500	9	1.95942	-1.31568	2.48789e-28	1.49293e-28	1.0
8500	10	0.698564	-1.22968	4.44178e-29	3.31851e-28	1.0
8600	1	2.2888	-1.5991	1.39294e-27	1.95883e-28	-1.0
8600	2	2.54289	-2.72098	4.17725e-28	0.000649907	-1.04863e-12
8600	3	0.515356	-2.37516	8.99461e-30	1.04431e-28	-1.0
8600	4	0.35069	-1.6622	3.73233e-29	4.44178e-29	-1.0
8600	5	2.63322	-1.04996	0.00013505	0.000130746	1.0
8600	6	2.21784	-2.20712	1.52876e-27	1.43914e-28	1.0
8600	7	1.29874	-1.4905	2.85064e-28	5.97173e-28	-1.0
8600	8	2.11422	-2.06838	0.000230626	0.000261412	1.0
8600	9	1.95984	-1.31526	2.90995e-05	2.83583e-05	1.0
8600	10	0.698564	-1.22968	4.44178e-29	3.31851e-28	1.0
8700	1	2.2888	-1.5991	1.39294e-27	1.95883e-28	-1.0
8700	2	2.54289	-2.94114	4.17725e-28	3.03116e-05	-9.16111e-12
8700	3	0.515356	-2.37516	8.99461e-30	1.04431e-28	-1.0
8700	4	0.35069	-1.6622	3.73233e-29	4.44178e-29	-1.0
8700	5	2.63911	-1.04416	1.59904e-27	2.92615e-28	1.0
8700	6	2.21784	-2.20712	1.52876e-27	1.43914e-28	1.0
8700	7	1.29874	-1.4905	2.85064e-28	5.97173e-28	-1.0
8700	8	2.11294	-2.06973	9.67322e-30	2.4183e-28	1.0
8700	9	2.09906	-1.17783	1.59904e-29	8.29627e-29	1.0
8700	10	0.698564	-1.22968	4.44178e-29	3.31851e-28	1.0
8800	1	2.2888	-1.5991	1.39294e-27	1.95883e-28	-1.0
8800	2	2.62487	-3.00195	0.00262246	0.00766288	1.0
8800	3	0.515356	-2.37516	8.99461e-30	1.04431e-28	-1.0
8800	4	0.35069	-1.6622	3.73233e-29	4.44178e-29	-1.0
8800	5	2.63911	-1.04416	1.59904e-27	2.92615e-28	1.0
8800	6	2.38144	-2.15608	0.0	2.70258e-28	NAN
8800	7	1.29874	-1.4905	2.85064e-28	5.97173e-28	-1.0
8800	8	2.11294	-2.06983	9.67322e-30	2.98891e-06	8.76572e-12
8800	9	2.09906	-1.17783	1.59904e-29	8.29627e-29	1.0
8800	10	1.15748	-1.22968	2.3497e-28	3.31851e-28	-1.0
8900	1	2.14776	-1.5991	1.52876e-27	1.95883e-28	-1.0
8900	2	2.68863	-2.89854	7.58854e-28	0.000749152	-8.16434e-13
8900	3	0.412424	-2.49134	7.40606e-30	6.41394e-28	-1.0
8900	4	0.314467	-1.6622	6.75645e-29	4.44178e-29	-1.0
8900	5	2.67254	-1.01625	0.0128631	0.00896876	1.0
8900	6	2.38144	-2.15608	0.0	2.70258e-28	NAN
8900	7	1.29874	-1.4905	2.85064e-28	5.97173e-28	-1.0
8900	8	2.33671	-2.07074	4.17725e-28	3.09543e-05	2.56764e-12
8900	9	2.2491	-1.17783	1.59904e-29	8.29627e-29	-1.0
8900	10	1.15748	-1.22968	2.3497e-28	3.31851e-28	-1.0
9000	1	2.14776	-1.5991	1.52876e-27	1.95883e-28	-1.0
9000	2	2.68863	-3.15918	7.58854e-28	2.65638e-27	1.0
9000	3	0.412286	-2.54001	1.89773e-05	0.0051526	0.0361697
9000	4	0.314467	-1.6622	6.75645e-29	4.44178e-29	-1.0
9000	5	3.10544	-0.663503	0.0861129	0.0600418	1.0
9000	6	2.38144	-2.12091	0.0	0.000294632	NAN
9000	7	1.29874	-1.72458	2.85064e-28	8.21286e-28	-1.0
9000	8	2.33671	-2.09043	4.17725e-28	0.000433671	-3.09863e-13
9000	9	2.24912	-1.17783	3.30626e-07	8.29627e-29	-6.73189e-12
9000	10	1.15748	-1.22968	2.3497e-28	3.31851e-28	-1.0
9100	1	2.14776	-1.5991	1.52876e-27	1.95883e-28	-1.0
9100	2	2.68863	-3.15918	7.58854e-28	2.65638e-27	1.0
9100	3	0.412424	-2.88047	7.40606e-30	5.97173e-28	1.0
9100	4	0.314467	-1.6622	6.75645e-29	4.44178e-29	-1.0
9100	5	3.47022	-0.358907	0.00641479	0.00447268	1.0
9100	6	2.38144	-2.11643	0.0	1.66024e-28	NAN
9100	7	1.29874	-1.72458	2.85064e-28	8.21286e-28	-1.0
9100	8	2.33671	-2.12698	4.17725e-28	0.000164541	-2.09849e-12
9100	9	2.26055	-1.17783	0.000973116	8.29627e-29	-1.40591e-13
9100	10	1.15748	-1.22968	2.3497e-28	3.31851e-28	-1.0
9200	1	2.14776	-1.59945	1.52876e-27	1.22962e-05	-3.80566e-12
9200	2	2.68863	-3.15918	7.58854e-28	2.65638e-27	1.0
9200	3	0.412424	-2.88047	7.40606e-30	5.97173e-28	1.0
9200	4	0.314467	-1.6622	6.75645e-29	4.44178e-29	-1.0
9200	5	3.48527	-0.346282	4.1506e-27	4.18152e-06	-3.52558e-12
9200	6	2.38144	-2.15535	0.0	0.000440662	NAN
9200	7	1.29874	-1.72458	2.85064e-28	8.21286e-28	-1.0
9200	8	2.33671	-2.13292	4.17725e-28	8.34068e-28	-1.0
9200	9	2.42792	-1.17783	4.17725e-28	8.29627e-29	1.0
9200	10	1.15748	-1.22968	2.3497e-28	3.31851e-28	-1.0
9300	1	2.14776	-1.66955	1.52876e-27	2.84274e-29	-1.0
9300	2	2.68863	-3.15918	7.58854e-28	2.65638e-27	1.0
9300	3	0.412424	-2.88047	7.40606e-30	5.97173e-28	1.0
9300	4	0.314467	-1.6622	6.75645e-29	4.44178e-29	-1.0
9300	5	3.48527	-0.346346	4.1506e-27	5.21293e-29	-1.0
9300	6	2.38144	-2.17734	0.0	3.48236e-28	NAN
9300	7	1.29874	-1.72458	2.85064e-28	8.21286e-28	-1.0
9300	8	2.33671	-2.13292	4.17725e-28	8.34068e-28	-1.0
9300	9	2.4189	-1.26103	4.27165e-07	3.63712e-05	1.0
9300	10	1.15748	-1.22968	2.3497e-28	3.31851e-28	-1.0
9400	1	2.14776	-1.66955	1.52876e-27	2.84274e-29	-1.0
9400	2	2.68863	-3.18015	7.58854e-28	5.47568e-06	-2.01763e-11
9400	3	0.412424	-2.88047	7.40606e-30	5.97173e-28	1.0
9400	4	0.314467	-1.6622	6.75645e-29	4.44178e-29	-1.0
9400	5	3.47999	-0.346346	9.19559e-05	5.21293e-29	-6.56411e-12
9400	6	2.38144	-2.17734	0.0	3.48236e-28	NAN
9400	7	1.29874	-1.72458	2.85064e-28	8.21286e-28	-1.0
9400	8	2.33671	-2.13292	4.17725e-28	8.34068e-28	-1.0
9400	9	2.41881	-1.42793	1.02339e-27	0.00503506	1.61354e-14
9400	10	1.15608	-1.23278	4.9388e-05	0.00024254	1.0
9500	1	2.14776	-1.66955	1.52876e-27	2.84274e-29	-1.0
9500	2	2.68863	-3.17719	7.58854e-28	3.00265e-28	-1.0
9500	3	0.380723	-2.95122	1.00551e-05	5.0096e-05	1.0
9500	4	0.314467	-1.45695	6.75645e-29	6.32503e-05	-1.41024e-12
9500	5	3.44511	-0.346346	1.6709e-27	5.21293e-29	-1.0
9500	6	2.38144	-2.17734	0.0	3.48236e-28	NAN
9500	7	1.29874	-1.7199	2.85064e-28	0.000171267	-1.85931e-12
9500	8	2.33671	-2.13292	4.17725e-28	8.34068e-28	-1.0
9500	9	2.41881	-1.48886	1.02339e-27	4.8371e-28	1.0
9500	10	1.08507	-1.39015	4.07455e-05	0.000200097	1.0
9600	1	2.14776	-1.66955	1.52876e-27	2.84274e-29	-1.0
9600	2	2.68863	-3.17719	7.58854e-28	3.00265e-28	-1.0
9600	3	0.380076	-2.95418	1.22427e-29	1.00018e-07	6.9501e-11
9600	4	0.314467	-1.45634	6.75645e-29	1.28368e-28	-1.0
9600	5	3.44511	-0.353308	1.6709e-27	0.000662766	-2.80345e-13
9600	6	2.38144	-2.11113	0.0	1.46006e-27	NAN
9600	7	1.29874	-1.64722	2.85064e-28	1.18571e-27	1.0
9600	8	2.33671	-2.13292	4.17725e-28	8.34068e-28	-1.0
9600	9	2.41881	-1.48886	1.02339e-27	4.8371e-28	1.0
9600	10	1.084	-1.39251	6.9889e-28	1.77671e-30	-1.0
9700	1	2.14776	-1.66955	1.52876e-27	2.84274e-29	-1.0
9700	2	2.68863	-3.17719	7.58854e-28	3.00265e-28	-1.0
9700	3	0.380076	-2.95431	1.22427e-29	5.97173e-28	1.0
9700	4	0.314467	-1.45634	6.75645e-29	1.28368e-28	-1.0
9700	5	3.44511	-0.539733	1.6709e-27	1.34364e-29	-1.0
9700	6	2.38144	-2.11113	0.0	1.46006e-27	NAN
9700	7	1.29874	-1.64722	2.85064e-28	1.18571e-27	1.0
9700	8	2.33671	-2.13292	4.17725e-28	8.34068e-28	-1.0
9700	9	2.41881	-1.48886	1.02339e-27	4.8371e-28	1.0
9700	10	1.084	-1.39251	6.9889e-28	1.77671e-30	-1.0
9800	1	2.14776	-1.66955	1.52876e-27	2.84274e-29	-1.0
9800	2	2.68863	-3.17719	7.58854e-28	3.00265e-28	-1.0
9800	3	0.380076	-3.09354	1.22427e-29	7.58854e-28	-1.0
9800	4	0.314467	-1.45634	6.75645e-29	1.28368e-28	-1.0
9800	5	3.44511	-0.539733	1.6709e-27	1.34364e-29	-1.0
9800	6	2.38144	-2.11113	0.0	1.46006e-27	NAN
9800	7	1.29874	-1.64722	2.85064e-28	1.18571e-27	1.0
9800	8	2.33671	-2.13292	4.17725e-28	8.34068e-28	-1.0
9800	9	2.41881	-1.48886	1.02339e-27	4.8371e-28	1.0
9800	10	1.084	-1.39251	6.9889e-28	1.77671e-30	-1.0
9900	1	2.14781	-1.66955	5.49341e-07	2.84274e-29	-5.24032e-11
9900	2	2.68863	-3.17719	7.58854e-28	3.00265e-28	-1.0
9900	3	0.380076	-3.09354	1.22427e-29	7.58854e-28	-1.0
9900	4	0.314467	-1.45634	6.75645e-29	1.28368e-28	-1.0
9900	5	3.44511	-0.539733	1.6709e-27	1.34364e-29	-1.0
9900	6	2.38161	-2.11113	1.46759e-05	1.46006e-27	-2.11085e-14
9900	7	1.29874	-1.64722	2.85064e-28	1.18571e-27	1.0
9900	8	2.60436	-2.13292	2.56557e-27	8.34068e-28	-1.0
9900	9	2.41881	-1.48886	1.02339e-27	4.8371e-28	1.0
9900	10	1.084	-1.39251	6.9889e-28	1.77671e-30	-1.0
10000	1	2.35299	-2.14283	0.0106474	4.93532e-28	-1.42492e-13
10000	2	2.68863	-3.17719	7.58854e-28	3.00265e-28	-1.0
10000	3	0.380076	-3.09354	1.22427e-29	7.58854e-28	-1.0
10000	4	0.314467	-1.45634	6.75645e-29	1.28368e-28	-1.0
10000	5	3.44511	-0.513858	1.6709e-27	2.74831e-05	-1.05833e-12
10000	6	2.38144	-2.11113	0.0	1.46006e-27	NAN
10000	7	1.29874	-1.64722	2.85064e-28	1.18571e-27	1.0
10000	8	2.60436	-2.13292	2.56557e-27	8.34068e-28	-1.0
10000	9	2.41881	-1.48886	1.02339e-27	4.8371e-28	1.0
10000	10	1.11008	-1.39251	8.59155e-05	1.77671e-30	-4.2662e-14
