// Initial random seed:
1252248069074414527

// RunInitializeCallbacks():
initializeMutationRate(1e-07);
initializeMutationType(1, 0.5, "n", 0, 0.5);
initializeMutationType(2, 0.5, "n", 0, 0.5);
initializeMutationType(3, 0.5, "n", 0, 0.5);
initializeGenomicElementType(1, m1, 1);
initializeGenomicElementType(2, m2, 1);
initializeGenomicElementType(3, m3, 1);
initializeGenomicElement(g3, 0, 29);
initializeGenomicElement(g1, 30, 49);
initializeGenomicElement(g2, 50, 69);
initializeRecombinationRate(0.5);

// Starting run at tick <start>:
1 

0.0
0.0
4.60517 4.60517
100	1	0.0	-0.0128682	0.0	3.64486e-32	NAN
100	2	0.0	0.0	0.0	0.0	NAN
100	3	0.0	0.0	0.0	0.0	NAN
100	4	0.0	0.0	0.0	0.0	NAN
100	5	0.0	0.0	0.0	0.0	NAN
100	6	0.0	0.0	0.0	0.0	NAN
100	7	0.0	0.0	0.0	0.0	NAN
100	8	0.0	0.0	0.0	0.0	NAN
100	9	0.0	0.0	0.0	0.0	NAN
100	10	0.0	0.0	0.0	0.0	NAN
200	1	0.0	-0.0128682	0.0	3.64486e-32	NAN
200	2	-5.96478e-05	-1.94613e-05	3.55786e-06	3.78742e-07	1.0
200	3	0.0	0.0	0.0	0.0	NAN
200	4	0.0	0.0	0.0	0.0	NAN
200	5	0.0	0.0	0.0	0.0	NAN
200	6	0.0	0.0	0.0	0.0	NAN
200	7	0.0	-0.000156288	0.0	2.4426e-05	NAN
200	8	0.0	0.0	0.0	0.0	NAN
200	9	0.0	0.0	0.0	0.0	NAN
200	10	-0.000193462	0.0	5.31467e-06	0.0	NAN
300	1	0.0	-0.0128682	0.0	3.64486e-32	NAN
300	2	-0.116612	-0.0380469	0.000153052	1.62927e-05	1.0
300	3	0.0	0.0	0.0	0.0	NAN
300	4	0.0	0.0	0.0	0.0	NAN
300	5	0.00169474	0.002142	0.000284628	0.000454683	1.0
300	6	0.0	0.0	0.0	0.0	NAN
300	7	0.0	0.0	0.0	0.0	NAN
300	8	-0.000182426	0.0	1.6623e-05	0.0	NAN
300	9	7.12599e-05	0.429284	2.53645e-06	7.99552e-29	1.96158e-17
300	10	-0.0530638	0.0	6.08614e-05	0.0	NAN
400	1	0.0168796	-0.0128682	4.33768e-34	3.64486e-32	1.0
400	2	-0.119296	-0.0389226	6.24626e-32	5.90406e-32	-1.0
400	3	0.0	0.0	0.0	0.0	NAN
400	4	0.0	0.0	0.0	0.0	NAN
400	5	0.338949	0.655396	3.27242e-29	2.70258e-28	-1.0
400	6	0.0	0.0	0.0	0.0	NAN
400	7	0.186032	0.598316	0.00201877	0.00285177	1.0
400	8	0.0	0.0	0.0	0.0	NAN
400	9	0.0	0.429284	0.0	7.99552e-29	NAN
400	10	-0.0552748	0.0	9.75978e-32	0.0	NAN
500	1	0.0880891	0.0520327	0.010719	0.00890391	1.0
500	2	-0.119296	-0.0389226	6.24626e-32	5.90406e-32	-1.0
500	3	0.0	0.0	0.0	0.0	NAN
500	4	0.0611529	0.0940598	1.96507e-05	4.64893e-05	1.0
500	5	0.338949	0.655396	3.27242e-29	2.70258e-28	-1.0
500	6	0.0	0.0	0.0	0.0	NAN
500	7	0.206817	0.62302	2.00574e-30	6.04576e-31	1.0
500	8	0.0	0.0	0.0	0.0	NAN
500	9	0.0	0.429284	0.0	7.99552e-29	NAN
500	10	-0.0552748	0.0	9.75978e-32	0.0	NAN
600	1	0.401796	0.337948	2.28135e-29	1.55493e-29	-1.0
600	2	-0.119296	-0.0389226	6.24626e-32	5.90406e-32	-1.0
600	3	0.0	0.0	0.0	0.0	NAN
600	4	0.0618018	0.0950579	7.7736e-31	3.67141e-30	-1.0
600	5	0.338949	0.655396	3.27242e-29	2.70258e-28	-1.0
600	6	0.29795	0.0	2.22157e-05	0.0	NAN
600	7	0.206817	0.858774	2.00574e-30	2.55847e-28	-1.0
600	8	0.319308	0.354441	0.00135203	0.000258935	1.0
600	9	0.0	0.429284	0.0	7.99552e-29	NAN
600	10	0.405278	0.349065	0.0129017	0.0074114	1.0
700	1	0.401796	0.337948	2.28135e-29	1.55493e-29	-1.0
700	2	0.167703	0.286814	0.00915114	0.0129806	0.99987
700	3	0.0	0.0	0.0	0.0	NAN
700	4	0.0537497	-0.0811947	1.74563e-06	0.000836379	1.0
700	5	0.342063	0.663591	5.2224e-05	0.000361481	1.0
700	6	0.691425	0.0	0.000503274	0.0	NAN
700	7	0.206817	0.858774	2.00574e-30	2.55847e-28	-1.0
700	8	0.397186	0.391588	0.000617394	0.00070225	1.0
700	9	0.0	0.429284	0.0	7.99552e-29	NAN
700	10	0.459597	0.390235	2.96242e-29	6.81382e-30	1.0
800	1	0.401796	0.337948	2.28135e-29	1.55493e-29	-1.0
800	2	0.503569	0.651257	1.18497e-28	9.54203e-06	-5.18075e-12
800	3	0.0	0.0	0.0	0.0	NAN
800	4	0.0533303	-0.0903735	1.02736e-30	1.92786e-30	1.0
800	5	0.376029	0.752952	4.07935e-29	3.1586e-28	-1.0
800	6	0.693998	0.0	1.11045e-29	0.0	NAN
800	7	0.206817	0.858774	2.00574e-30	2.55847e-28	-1.0
800	8	0.642294	0.652999	1.59904e-29	4.59108e-29	-1.0
800	9	0.0	0.429284	0.0	7.99552e-29	NAN
800	10	0.459597	0.390235	2.96242e-29	6.81382e-30	1.0
900	1	0.401796	0.337948	2.28135e-29	1.55493e-29	-1.0
900	2	0.503569	0.650733	1.18497e-28	2.73922e-28	-1.0
900	3	0.0	0.0	0.0	0.0	NAN
900	4	0.0533303	-0.0903735	1.02736e-30	1.92786e-30	1.0
900	5	0.376029	0.752952	4.07935e-29	3.1586e-28	-1.0
900	6	0.693998	0.0	1.11045e-29	0.0	NAN
900	7	0.206817	0.858774	2.00574e-30	2.55847e-28	-1.0
900	8	0.642294	0.652999	1.59904e-29	4.59108e-29	-1.0
900	9	0.0	0.429284	0.0	7.99552e-29	NAN
900	10	0.459597	0.390235	2.96242e-29	6.81382e-30	1.0
1000	1	0.401796	0.337948	2.28135e-29	1.55493e-29	-1.0
1000	2	0.503569	0.650733	1.18497e-28	2.73922e-28	-1.0
1000	3	0.0	0.0	0.0	0.0	NAN
1000	4	0.0533303	-0.0903735	1.02736e-30	1.92786e-30	1.0
1000	5	0.376029	0.752952	4.07935e-29	3.1586e-28	-1.0
1000	6	0.693998	0.0	1.11045e-29	0.0	NAN
1000	7	0.319267	0.858774	1.52236e-05	2.55847e-28	4.00762e-14
1000	8	0.642294	0.652999	1.59904e-29	4.59108e-29	-1.0
1000	9	1.75285e-05	0.429284	1.53471e-07	7.99552e-29	-3.98164e-16
1000	10	0.459597	0.390235	2.96242e-29	6.81382e-30	1.0
1100	1	0.401796	0.337948	2.28135e-29	1.55493e-29	-1.0
1100	2	0.66094	0.667297	1.41261e-28	1.11045e-29	-1.0
1100	3	0.0	-0.000249982	0.0	1.55758e-05	NAN
1100	4	0.0533303	-0.0867126	1.02736e-30	0.000152117	9.76266e-14
1100	5	0.376029	0.752952	4.07935e-29	3.1586e-28	-1.0
1100	6	0.693998	0.0	1.11045e-29	0.0	NAN
1100	7	0.31939	0.827689	1.23383e-32	0.00123449	3.70735e-13
1100	8	0.642294	0.652999	1.59904e-29	4.59108e-29	-1.0
1100	9	0.0	0.429284	0.0	7.99552e-29	NAN
1100	10	0.459597	0.390235	2.96242e-29	6.81382e-30	1.0
1200	1	0.401796	0.337948	2.28135e-29	1.55493e-29	-1.0
1200	2	0.66094	0.667297	1.41261e-28	1.11045e-29	-1.0
1200	3	0.0	0.0	0.0	0.0	NAN
1200	4	0.0533303	-0.00215781	1.02736e-30	6.77763e-36	-1.0
1200	5	0.376029	0.752952	4.07935e-29	3.1586e-28	-1.0
1200	6	0.693998	0.0	1.11045e-29	0.0	NAN
1200	7	0.248673	0.690392	0.000933576	0.000673705	1.0
1200	8	0.642294	0.725625	1.59904e-29	0.005549	-7.98028e-15
1200	9	0.485925	0.974692	3.66478e-29	3.90926e-28	1.0
1200	10	0.459597	0.390235	2.96242e-29	6.81382e-30	1.0
1300	1	0.401796	0.337948	2.28135e-29	1.55493e-29	-1.0
1300	2	0.895019	0.667297	1.09021e-28	1.11045e-29	-1.0
1300	3	0.0	0.0	0.0	0.0	NAN
1300	4	0.0533303	-0.00215781	1.02736e-30	6.77763e-36	-1.0
1300	5	0.376029	0.752952	4.07935e-29	3.1586e-28	-1.0
1300	6	0.949396	0.508448	1.54772e-28	0.00545341	-9.21576e-14
1300	7	0.182422	0.547802	1.23383e-32	1.51144e-29	1.0
1300	8	0.642294	0.873747	1.59904e-29	1.23383e-28	1.0
1300	9	0.485925	0.974692	3.66478e-29	3.90926e-28	1.0
1300	10	0.459597	0.390235	2.96242e-29	6.81382e-30	1.0
1400	1	0.401796	0.337948	2.28135e-29	1.55493e-29	-1.0
1400	2	0.895019	0.667297	1.09021e-28	1.11045e-29	-1.0
1400	3	0.0	0.0	0.0	0.0	NAN
1400	4	0.0533303	-0.00215781	1.02736e-30	6.77763e-36	-1.0
1400	5	0.376029	0.752952	4.07935e-29	3.1586e-28	-1.0
1400	6	0.949396	0.575784	1.54772e-28	2.77612e-30	-1.0
1400	7	-0.0160739	0.547802	3.94397e-05	1.51144e-29	-4.89641e-14
1400	8	0.669565	1.06294	0.000229122	9.23578e-08	-1.0
1400	9	0.485925	0.974692	3.66478e-29	3.90926e-28	1.0
1400	10	0.459597	0.390235	2.96242e-29	6.81382e-30	1.0
1500	1	0.911741	0.878009	2.24865e-28	1.33451e-28	-1.0
1500	2	1.20784	0.976898	7.58854e-28	4.64364e-28	1.0
1500	3	0.0476596	0.0420614	0.00388926	0.00302924	1.0
1500	4	0.0533303	-0.00215781	1.02736e-30	6.77763e-36	-1.0
1500	5	0.376029	0.861293	4.07935e-29	0.00519588	1.78615e-14
1500	6	0.949396	0.575784	1.54772e-28	2.77612e-30	-1.0
1500	7	-0.0157898	0.548088	6.60256e-05	1.16002e-05	1.0
1500	8	0.663847	1.06305	1.06714e-28	2.28209e-28	1.0
1500	9	0.485925	0.974692	3.66478e-29	3.90926e-28	1.0
1500	10	0.459597	0.390235	2.96242e-29	6.81382e-30	1.0
1600	1	1.01618	0.878009	4.1506e-29	1.33451e-28	-1.0
1600	2	1.20784	0.976898	7.58854e-28	4.64364e-28	1.0
1600	3	0.217624	0.192061	7.86643e-30	9.4465e-31	1.0
1600	4	0.0533303	-0.00215781	1.02736e-30	6.77763e-36	-1.0
1600	5	0.375956	0.962806	2.65677e-06	5.96177e-06	1.0
1600	6	0.949396	0.575784	1.54772e-28	2.77612e-30	-1.0
1600	7	0.0440216	0.573158	0.00409736	0.000719872	1.0
1600	8	0.663847	1.06305	1.06714e-28	2.28209e-28	1.0
1600	9	0.485925	0.974692	3.66478e-29	3.90926e-28	1.0
1600	10	0.459597	0.390235	2.96242e-29	6.81382e-30	1.0
1700	1	1.01618	0.878009	4.1506e-29	1.33451e-28	-1.0
1700	2	1.20784	0.976898	7.58854e-28	4.64364e-28	1.0
1700	3	0.2973	0.303497	1.3603e-30	1.97413e-29	1.0
1700	4	0.0533303	-0.00215781	1.02736e-30	6.77763e-36	-1.0
1700	5	0.376029	0.962916	4.07935e-29	6.9889e-28	1.0
1700	6	0.949396	0.575784	1.54772e-28	2.77612e-30	-1.0
1700	7	0.160332	0.621911	0.00162214	0.000284997	1.0
1700	8	0.663847	1.85684	1.06714e-28	0.00667043	1.01185e-13
1700	9	0.485925	0.974692	3.66478e-29	3.90926e-28	1.0
1700	10	0.459597	0.390235	2.96242e-29	6.81382e-30	1.0
1800	1	1.01618	0.878009	4.1506e-29	1.33451e-28	-1.0
1800	2	1.20784	0.976898	7.58854e-28	4.64364e-28	1.0
1800	3	0.297959	0.305582	1.63086e-05	0.000162941	1.0
1800	4	0.0533303	-0.00215781	1.02736e-30	6.77763e-36	-1.0
1800	5	0.376029	0.962916	4.07935e-29	6.9889e-28	1.0
1800	6	0.949396	0.575784	1.54772e-28	2.77612e-30	-1.0
1800	7	0.544646	0.983479	2.24865e-28	6.39617e-29	-1.0
1800	8	0.663847	1.88195	1.06714e-28	4.44178e-29	1.0
1800	9	0.485925	0.974692	3.66478e-29	3.90926e-28	1.0
1800	10	0.473191	0.390235	6.30764e-29	6.81382e-30	-1.0
1900	1	1.01618	0.878009	4.1506e-29	1.33451e-28	-1.0
1900	2	1.20784	0.976898	7.58854e-28	4.64364e-28	1.0
1900	3	0.348029	0.463844	1.49293e-30	6.13244e-29	-1.0
1900	4	0.0533303	-0.00215781	1.02736e-30	6.77763e-36	-1.0
1900	5	0.376029	0.962916	4.07935e-29	6.9889e-28	1.0
1900	6	0.949396	0.575784	1.54772e-28	2.77612e-30	-1.0
1900	7	0.544646	0.983479	2.24865e-28	6.39617e-29	-1.0
1900	8	0.663847	1.88195	1.06714e-28	4.44178e-29	1.0
1900	9	0.485925	0.974692	3.66478e-29	3.90926e-28	1.0
1900	10	0.497887	0.405484	0.00411249	0.00156808	1.0
2000	1	1.34046	0.865896	4.28226e-06	8.09229e-05	1.0
2000	2	1.20784	0.976898	7.58854e-28	4.64364e-28	1.0
2000	3	0.348029	0.463844	1.49293e-30	6.13244e-29	-1.0
2000	4	0.0533303	-0.00215781	1.02736e-30	6.77763e-36	-1.0
2000	5	0.376029	0.962916	4.07935e-29	6.9889e-28	1.0
2000	6	1.29611	0.575784	7.2258e-28	2.77612e-30	-1.0
2000	7	0.544646	0.983479	2.24865e-28	6.39617e-29	-1.0
2000	8	0.663847	1.88195	1.06714e-28	4.44178e-29	1.0
2000	9	0.485925	0.974692	3.66478e-29	3.90926e-28	1.0
2000	10	0.675785	0.605013	0.000549746	9.99401e-31	-4.14454e-13
2100	1	1.35159	0.914286	5.98025e-05	0.0011301	1.0
2100	2	1.20784	0.976898	7.58854e-28	4.64364e-28	1.0
2100	3	0.348029	0.463844	1.49293e-30	6.13244e-29	-1.0
2100	4	0.0533303	-0.00215781	1.02736e-30	6.77763e-36	-1.0
2100	5	0.741906	0.962916	0.000435482	6.9889e-28	3.54455e-13
2100	6	1.29611	0.575784	7.2258e-28	2.77612e-30	-1.0
2100	7	0.544646	0.983479	2.24865e-28	6.39617e-29	-1.0
2100	8	0.796127	2.03796	1.30897e-28	2.28209e-28	-1.0
2100	9	0.485925	0.974692	3.66478e-29	3.90926e-28	1.0
2100	10	0.668141	0.548202	1.30897e-28	0.00552535	-9.60157e-15
2200	1	1.36112	0.955716	5.77465e-06	0.000109125	1.0
2200	2	1.20784	0.976898	7.58854e-28	4.64364e-28	1.0
2200	3	0.348029	0.463844	1.49293e-30	6.13244e-29	-1.0
2200	4	0.0533303	-0.00215781	1.02736e-30	6.77763e-36	-1.0
2200	5	0.7443	0.962916	5.53866e-29	6.9889e-28	1.0
2200	6	1.29611	0.575784	7.2258e-28	2.77612e-30	-1.0
2200	7	0.544646	0.983479	2.24865e-28	6.39617e-29	-1.0
2200	8	0.796127	2.03796	1.30897e-28	2.28209e-28	-1.0
2200	9	0.519689	0.983768	0.00123533	8.92535e-05	1.0
2200	10	0.668141	0.357471	1.30897e-28	4.44178e-31	-1.0
2300	1	1.36161	0.957832	8.14257e-07	1.53872e-05	1.0
2300	2	1.99501	1.43697	9.95157e-28	6.39617e-29	1.0
2300	3	0.348029	0.463844	1.49293e-30	6.13244e-29	-1.0
2300	4	0.145145	-0.00215781	3.08457e-33	6.77763e-36	-1.0
2300	5	0.7443	0.962916	5.53866e-29	6.9889e-28	1.0
2300	6	1.29611	0.575784	7.2258e-28	2.77612e-30	-1.0
2300	7	0.544646	0.983479	2.24865e-28	6.39617e-29	-1.0
2300	8	0.796169	2.03799	1.78163e-06	1.5001e-06	1.0
2300	9	0.596264	1.00435	8.09515e-29	3.99761e-28	1.0
2300	10	0.668141	0.357471	1.30897e-28	4.44178e-31	-1.0
2400	1	1.36169	0.958161	6.75595e-28	7.70033e-29	-1.0
2400	2	1.99501	1.43697	9.95157e-28	6.39617e-29	1.0
2400	3	0.348029	0.463844	1.49293e-30	6.13244e-29	-1.0
2400	4	0.137384	-0.00215781	0.000373847	6.77763e-36	-5.16986e-14
2400	5	1.21395	1.48153	4.93532e-30	1.77671e-30	-1.0
2400	6	1.29611	0.575784	7.2258e-28	2.77612e-30	-1.0
2400	7	0.544646	0.983479	2.24865e-28	6.39617e-29	-1.0
2400	8	1.10047	2.32805	5.37456e-29	5.54532e-28	1.0
2400	9	0.808163	1.18438	3.7786e-28	2.3497e-28	-1.0
2400	10	0.668141	0.357471	1.30897e-28	4.44178e-31	-1.0
2500	1	1.36169	0.958161	6.75595e-28	7.70033e-29	-1.0
2500	2	1.99501	1.43697	9.95157e-28	6.39617e-29	1.0
2500	3	0.348029	0.463844	1.49293e-30	6.13244e-29	-1.0
2500	4	0.0416612	-0.00215781	5.21293e-31	6.77763e-36	-1.0
2500	5	1.23434	1.48153	0.00193606	1.77671e-30	-1.06505e-13
2500	6	1.29611	0.578898	7.2258e-28	0.000452663	-5.39623e-14
2500	7	1.03841	0.851467	2.08517e-28	7.41338e-05	-5.00261e-13
2500	8	1.10047	2.32805	5.37456e-29	5.54532e-28	1.0
2500	9	0.808163	1.18438	3.7786e-28	2.3497e-28	-1.0
2500	10	0.668141	0.357471	1.30897e-28	4.44178e-31	-1.0
2600	1	1.36169	0.958161	6.75595e-28	7.70033e-29	-1.0
2600	2	1.99501	1.43697	9.95157e-28	6.39617e-29	1.0
2600	3	0.348029	0.463844	1.49293e-30	6.13244e-29	-1.0
2600	4	0.0416612	0.268535	5.21293e-31	8.91441e-31	-1.0
2600	5	1.4179	1.48153	2.92615e-28	1.77671e-30	1.0
2600	6	1.29611	0.872403	7.2258e-28	1.20928e-28	-1.0
2600	7	1.03841	0.850335	2.08517e-28	2.07407e-29	-1.0
2600	8	1.10047	2.32805	5.37456e-29	5.54532e-28	1.0
2600	9	0.807369	1.18438	1.085e-05	2.3497e-28	-5.68031e-12
2600	10	0.668141	0.357471	1.30897e-28	4.44178e-31	-1.0
2700	1	1.36169	0.958161	6.75595e-28	7.70033e-29	-1.0
2700	2	1.99501	1.43697	9.95157e-28	6.39617e-29	1.0
2700	3	1.00601	1.17053	7.82328e-06	1.78958e-05	-1.0
2700	4	0.0416612	0.268535	5.21293e-31	8.91441e-31	-1.0
2700	5	1.70578	1.77532	0.00237167	0.00246996	1.0
2700	6	1.29611	0.872403	7.2258e-28	1.20928e-28	-1.0
2700	7	1.03841	0.850335	2.08517e-28	2.07407e-29	-1.0
2700	8	1.10047	2.32805	5.37456e-29	5.54532e-28	1.0
2700	9	0.779281	1.18438	2.08517e-30	2.3497e-28	-1.0
2700	10	0.668141	0.250838	1.30897e-28	8.53639e-06	2.81693e-13
2800	1	1.36169	0.958161	6.75595e-28	7.70033e-29	-1.0
2800	2	1.99501	1.43697	9.95157e-28	6.39617e-29	1.0
2800	3	1.15534	1.23984	3.30976e-05	7.57112e-05	-1.0
2800	4	0.0416612	0.268535	5.21293e-31	8.91441e-31	-1.0
2800	5	1.72221	1.79209	3.08013e-28	1.54772e-28	-1.0
2800	6	1.48013	0.938292	0.00135596	0.000173849	1.0
2800	7	1.03841	0.850335	2.08517e-28	2.07407e-29	-1.0
2800	8	1.2112	2.4486	1.43914e-28	2.84274e-29	1.0
2800	9	0.779281	1.18438	2.08517e-30	2.3497e-28	-1.0
2800	10	0.668141	0.250678	1.30897e-28	6.94029e-31	1.0
2900	1	1.36159	0.95806	9.20603e-06	1.01419e-05	1.0
2900	2	1.99501	1.43697	9.95157e-28	6.39617e-29	1.0
2900	3	1.15392	1.242	7.96017e-28	2.48789e-28	-1.0
2900	4	0.0416612	0.268535	5.21293e-31	8.91441e-31	-1.0
2900	5	1.72221	1.81867	3.08013e-28	0.00146261	-5.39791e-13
2900	6	2.10054	1.25546	3.3878e-27	3.1586e-28	-1.0
2900	7	1.03841	0.850335	2.08517e-28	2.07407e-29	-1.0
2900	8	1.2112	2.4486	1.43914e-28	2.84274e-29	1.0
2900	9	0.779281	1.18438	2.08517e-30	2.3497e-28	-1.0
2900	10	0.668141	0.250678	1.30897e-28	6.94029e-31	1.0
3000	1	1.36194	0.958161	4.52361e-08	7.70033e-29	-6.50315e-12
3000	2	1.99501	1.43697	9.95157e-28	6.39617e-29	1.0
3000	3	1.15392	1.242	7.96017e-28	2.48789e-28	-1.0
3000	4	0.0416612	0.268535	5.21293e-31	8.91441e-31	-1.0
3000	5	1.72221	1.92806	3.08013e-28	3.48236e-28	1.0
3000	6	2.10054	1.25546	3.3878e-27	3.1586e-28	-1.0
3000	7	1.03841	0.850335	2.08517e-28	2.07407e-29	-1.0
3000	8	1.2112	2.4486	1.43914e-28	2.84274e-29	1.0
3000	9	0.779281	1.18438	2.08517e-30	2.3497e-28	-1.0
3000	10	0.668141	0.250678	1.30897e-28	6.94029e-31	1.0
3100	1	1.36229	0.958161	6.39617e-29	7.70033e-29	1.0
3100	2	1.99501	1.43697	9.95157e-28	6.39617e-29	1.0
3100	3	1.15392	1.242	7.96017e-28	2.48789e-28	-1.0
3100	4	0.0416612	0.268535	5.21293e-31	8.91441e-31	-1.0
3100	5	1.74962	2.01977	7.02104e-05	2.73575e-05	0.841597
3100	6	2.10054	1.25546	3.3878e-27	3.1586e-28	-1.0
3100	7	1.03841	0.850335	2.08517e-28	2.07407e-29	-1.0
3100	8	1.2112	2.4486	1.43914e-28	2.84274e-29	1.0
3100	9	0.779281	1.18438	2.08517e-30	2.3497e-28	-1.0
3100	10	1.03808	0.488353	0.00254132	0.00104898	1.0
3200	1	1.36229	0.958161	6.39617e-29	7.70033e-29	1.0
3200	2	2.18353	1.55658	0.00538691	0.00219448	0.997162
3200	3	1.15392	1.242	7.96017e-28	2.48789e-28	-1.0
3200	4	0.0416612	0.268535	5.21293e-31	8.91441e-31	-1.0
3200	5	1.74999	2.02037	7.34572e-28	9.39882e-28	-1.0
3200	6	2.06192	1.25546	0.000207335	3.1586e-28	8.46218e-13
3200	7	1.03841	0.850335	2.08517e-28	2.07407e-29	-1.0
3200	8	1.2112	2.4486	1.43914e-28	2.84274e-29	1.0
3200	9	0.779281	1.18438	2.08517e-30	2.3497e-28	-1.0
3200	10	1.0515	0.496973	8.34068e-30	1.46856e-29	-1.0
3300	1	1.35066	0.94083	0.000257753	0.000572364	1.0
3300	2	2.24064	1.59297	3.86929e-29	3.82191e-28	1.0
3300	3	1.15392	1.242	7.96017e-28	2.48789e-28	-1.0
3300	4	0.40406	0.268535	5.52391e-06	8.91441e-31	-3.42776e-12
3300	5	1.74999	2.02037	7.34572e-28	9.39882e-28	-1.0
3300	6	2.05128	1.25546	1.02339e-27	3.1586e-28	1.0
3300	7	1.03841	0.850335	2.08517e-28	2.07407e-29	-1.0
3300	8	1.2112	2.4486	1.43914e-28	2.84274e-29	1.0
3300	9	0.779281	1.18438	2.08517e-30	2.3497e-28	-1.0
3300	10	1.0515	0.496973	8.34068e-30	1.46856e-29	-1.0
3400	1	1.30534	0.873296	5.68142e-06	1.26161e-05	1.0
3400	2	2.33934	1.59297	0.000302381	3.82191e-28	-7.8396e-13
3400	3	1.15392	1.242	7.96017e-28	2.48789e-28	-1.0
3400	4	0.724007	0.534488	1.38514e-06	5.37456e-29	5.475e-12
3400	5	1.74999	2.02037	7.34572e-28	9.39882e-28	-1.0
3400	6	2.05128	1.25563	1.02339e-27	1.16944e-06	1.64705e-11
3400	7	1.16389	0.850335	0.00370578	2.07407e-29	7.41163e-14
3400	8	1.2112	2.4486	1.43914e-28	2.84274e-29	1.0
3400	9	0.779281	1.18438	2.08517e-30	2.3497e-28	-1.0
3400	10	0.882434	0.440364	0.000552228	6.19134e-05	1.0
3500	1	1.32418	0.832461	0.00027657	0.00125312	-1.0
3500	2	2.34564	1.59297	2.4183e-28	3.82191e-28	-1.0
3500	3	1.15392	1.242	7.96017e-28	2.48789e-28	-1.0
3500	4	0.724044	0.534488	4.1506e-29	5.37456e-29	1.0
3500	5	1.74999	2.02037	7.34572e-28	9.39882e-28	-1.0
3500	6	2.05128	1.26931	1.02339e-27	1.77671e-30	-1.0
3500	7	1.22472	0.850335	1.26344e-29	2.07407e-29	-1.0
3500	8	1.2112	2.45263	1.43914e-28	0.000197909	1.35493e-13
3500	9	0.779281	1.18438	2.08517e-30	2.3497e-28	-1.0
3500	10	0.876029	0.43822	9.99401e-29	7.41069e-29	1.0
3600	1	1.35347	0.770113	4.73988e-28	1.28368e-28	1.0
3600	2	2.34564	1.59297	2.4183e-28	3.82191e-28	-1.0
3600	3	1.14826	1.23574	0.000140785	0.000172036	1.0
3600	4	0.724044	0.534488	4.1506e-29	5.37456e-29	1.0
3600	5	1.74999	2.02037	7.34572e-28	9.39882e-28	-1.0
3600	6	2.05128	1.27249	1.02339e-27	9.49862e-05	-2.94262e-13
3600	7	1.22472	0.850335	1.26344e-29	2.07407e-29	-1.0
3600	8	1.2112	2.54955	1.43914e-28	2.89032e-27	1.0
3600	9	0.779281	1.18438	2.08517e-30	2.3497e-28	-1.0
3600	10	0.876029	0.43822	9.99401e-29	7.41069e-29	1.0
3700	1	1.29978	0.770113	3.33627e-29	1.28368e-28	-1.0
3700	2	2.34564	1.59297	2.4183e-28	3.82191e-28	-1.0
3700	3	1.09924	1.18155	1.97413e-29	4.1506e-29	1.0
3700	4	0.724044	0.534488	4.1506e-29	5.37456e-29	1.0
3700	5	1.74999	2.02037	7.34572e-28	9.39882e-28	-1.0
3700	6	2.05128	1.33167	1.02339e-27	1.83643e-28	1.0
3700	7	1.22472	0.850335	1.26344e-29	2.07407e-29	-1.0
3700	8	1.2112	2.54955	1.43914e-28	2.89032e-27	1.0
3700	9	0.779281	1.18438	2.08517e-30	2.3497e-28	-1.0
3700	10	1.20286	0.43822	7.1266e-29	7.41069e-29	-1.0
3800	1	1.63313	1.13439	5.44119e-28	4.1506e-29	-1.0
3800	2	2.34564	1.59338	2.4183e-28	2.38953e-05	-3.98123e-12
3800	3	1.09924	1.18155	1.97413e-29	4.1506e-29	1.0
3800	4	0.724044	0.534488	4.1506e-29	5.37456e-29	1.0
3800	5	1.74999	2.02037	7.34572e-28	9.39882e-28	-1.0
3800	6	2.05128	1.33167	1.02339e-27	1.83643e-28	1.0
3800	7	1.22472	0.850335	1.26344e-29	2.07407e-29	-1.0
3800	8	1.2112	2.54955	1.43914e-28	2.89032e-27	1.0
3800	9	0.779281	1.18438	2.08517e-30	2.3497e-28	-1.0
3800	10	1.20286	0.43822	7.1266e-29	7.41069e-29	-1.0
3900	1	1.63313	1.13439	5.44119e-28	4.1506e-29	-1.0
3900	2	2.34564	1.59297	2.4183e-28	3.82191e-28	-1.0
3900	3	1.09924	1.18155	1.97413e-29	4.1506e-29	1.0
3900	4	0.724044	0.534488	4.1506e-29	5.37456e-29	1.0
3900	5	1.74999	2.02037	7.34572e-28	9.39882e-28	-1.0
3900	6	2.21682	1.48416	0.000467718	0.000396874	1.0
3900	7	1.22472	0.850335	1.26344e-29	2.07407e-29	-1.0
3900	8	1.42205	2.55283	0.00090394	0.000707457	1.0
3900	9	0.779281	1.18438	2.08517e-30	2.3497e-28	-1.0
3900	10	1.20286	0.43822	7.1266e-29	7.41069e-29	-1.0
4000	1	1.63313	1.13439	5.44119e-28	4.1506e-29	-1.0
4000	2	2.34564	1.59297	2.4183e-28	3.82191e-28	-1.0
4000	3	1.09924	1.18155	1.97413e-29	4.1506e-29	1.0
4000	4	0.724044	0.534488	4.1506e-29	5.37456e-29	1.0
4000	5	1.70682	2.22399	5.72849e-05	0.00010146	1.0
4000	6	2.2223	1.4892	1.77671e-28	2.21546e-28	1.0
4000	7	1.22472	0.857294	1.26344e-29	0.000720178	-1.18619e-13
4000	8	1.43046	2.56026	0.0029733	0.00232702	1.0
4000	9	0.779281	1.18438	2.08517e-30	2.3497e-28	-1.0
4000	10	1.20286	0.43822	7.1266e-29	7.41069e-29	-1.0
4100	1	1.63313	1.21847	5.44119e-28	3.90926e-28	-1.0
4100	2	2.34564	1.59297	2.4183e-28	3.82191e-28	-1.0
4100	3	1.31706	1.34803	0.00413138	0.00241322	1.0
4100	4	0.724044	0.534488	4.1506e-29	5.37456e-29	1.0
4100	5	1.87394	2.45701	1.44113e-05	2.79759e-05	1.0
4100	6	2.2223	1.4892	1.77671e-28	2.21546e-28	1.0
4100	7	1.22472	0.932447	1.26344e-29	0.00551489	7.22268e-14
4100	8	1.43046	2.56026	0.0029733	0.00232702	1.0
4100	9	0.779281	1.18438	2.08517e-30	2.3497e-28	-1.0
4100	10	1.20286	0.43822	7.1266e-29	7.41069e-29	-1.0
4200	1	1.63313	1.41591	5.44119e-28	1.97413e-29	-1.0
4200	2	2.69778	1.83318	2.47634e-27	5.75655e-28	1.0
4200	3	1.35571	1.37764	3.98611e-06	1.78165e-29	-9.87421e-12
4200	4	0.724044	0.534488	4.1506e-29	5.37456e-29	1.0
4200	5	1.87411	2.45724	2.1558e-27	6.19086e-28	1.0
4200	6	2.2223	1.4892	1.77671e-28	2.21546e-28	1.0
4200	7	1.22472	0.996573	1.26344e-29	0.00497951	1.50028e-13
4200	8	1.43437	2.55863	0.00396597	0.00310223	0.991862
4200	9	0.779281	1.18438	2.08517e-30	2.3497e-28	-1.0
4200	10	1.43719	0.591696	5.23588e-28	3.1586e-30	1.0
4300	1	1.63313	1.41591	5.44119e-28	1.97413e-29	-1.0
4300	2	2.61653	1.74309	7.92398e-05	9.7441e-05	1.0
4300	3	1.26704	1.37819	4.66315e-05	4.32513e-05	1.0
4300	4	0.724044	0.534488	4.1506e-29	5.37456e-29	1.0
4300	5	1.87411	2.45724	2.1558e-27	6.19086e-28	1.0
4300	6	2.2223	1.4892	1.77671e-28	2.21546e-28	1.0
4300	7	1.22472	1.0456	1.26344e-29	0.00191616	2.08418e-13
4300	8	1.43936	2.54551	0.00500302	0.00391555	1.0
4300	9	0.779281	1.16636	2.08517e-30	7.89651e-31	-1.0
4300	10	1.43719	0.591696	5.23588e-28	3.1586e-30	1.0
4400	1	1.63313	1.41591	5.44119e-28	1.97413e-29	-1.0
4400	2	2.79851	1.74087	3.08457e-27	8.4695e-28	1.0
4400	3	1.4302	1.53532	6.75595e-28	4.26855e-28	1.0
4400	4	0.723775	0.534462	8.9412e-06	2.3974e-05	0.383689
4400	5	1.87411	2.52223	2.1558e-27	1.2684e-05	1.74658e-11
4400	6	2.34666	2.06424	0.00192455	0.00690394	1.0
4400	7	1.22472	1.06177	1.26344e-29	0.000279639	2.72673e-13
4400	8	1.44381	2.54944	0.00577487	0.00451963	1.0
4400	9	1.03321	1.27687	1.1371e-28	2.63003e-28	1.0
4400	10	1.43719	0.591696	5.23588e-28	3.1586e-30	1.0
4500	1	1.63313	1.41591	5.44119e-28	1.97413e-29	-1.0
4500	2	2.79851	1.74087	3.08457e-27	8.4695e-28	1.0
4500	3	1.4302	1.53532	6.75595e-28	4.26855e-28	1.0
4500	4	0.724044	0.534488	4.1506e-29	5.37456e-29	1.0
4500	5	1.87411	2.52263	2.1558e-27	3.92476e-27	1.0
4500	6	2.37593	2.11967	3.1586e-30	8.7059e-29	-1.0
4500	7	1.22472	1.06445	1.26344e-29	1.78165e-29	1.0
4500	8	1.43614	2.54266	0.00408783	0.00319929	1.0
4500	9	1.10599	1.31087	0.00545308	0.00118996	1.0
4500	10	1.43719	0.591696	5.23588e-28	3.1586e-30	1.0
4600	1	1.63313	1.41591	5.44119e-28	1.97413e-29	-1.0
4600	2	2.81524	1.74087	6.72316e-05	8.4695e-28	-4.19337e-12
4600	3	1.4302	1.53532	6.75595e-28	4.26855e-28	1.0
4600	4	0.724044	0.534488	4.1506e-29	5.37456e-29	1.0
4600	5	1.87411	2.52263	2.1558e-27	3.92476e-27	1.0
4600	6	2.37593	2.11967	3.1586e-30	8.7059e-29	-1.0
4600	7	1.22472	1.06445	1.26344e-29	1.78165e-29	1.0
4600	8	1.43837	2.54463	0.00479893	0.00375582	1.0
4600	9	1.24982	1.37806	9.99401e-29	2.21546e-28	-1.0
4600	10	1.43719	0.591696	5.23588e-28	3.1586e-30	1.0
4700	1	1.63313	1.41591	5.44119e-28	1.97413e-29	-1.0
4700	2	2.82893	1.74087	0.000613074	8.4695e-28	-1.42599e-12
4700	3	1.51749	1.63668	2.92615e-28	6.75595e-28	-1.0
4700	4	0.724044	0.534488	4.1506e-29	5.37456e-29	1.0
4700	5	1.87411	2.52263	2.1558e-27	3.92476e-27	1.0
4700	6	2.37585	2.11967	5.67636e-06	8.7059e-29	-8.20737e-13
4700	7	1.22472	1.06445	1.26344e-29	1.78165e-29	1.0
4700	8	1.51901	2.53632	0.00475903	0.00197039	0.75753
4700	9	1.24982	1.37806	9.99401e-29	2.21546e-28	-1.0
4700	10	1.43719	0.591696	5.23588e-28	3.1586e-30	1.0
4800	1	1.55825	1.44989	5.75655e-28	3.90926e-28	1.0
4800	2	3.18737	1.74087	4.80423e-27	8.4695e-28	1.0
4800	3	1.51749	1.63668	2.92615e-28	6.75595e-28	-1.0
4800	4	0.87754	0.70923	0.000347551	0.000450425	1.0
4800	5	1.87411	2.52263	2.1558e-27	3.92476e-27	1.0
4800	6	2.37593	2.11967	3.1586e-30	8.7059e-29	-1.0
4800	7	1.22472	1.06445	1.26344e-29	1.78165e-29	1.0
4800	8	1.5691	2.71691	0.00382444	0.00328393	0.96182
4800	9	1.24982	1.37806	9.99401e-29	2.21546e-28	-1.0
4800	10	1.43719	0.591696	5.23588e-28	3.1586e-30	1.0
4900	1	1.55825	1.44989	5.75655e-28	3.90926e-28	1.0
4900	2	3.39195	2.00421	5.57177e-27	1.08103e-27	1.0
4900	3	1.51749	1.57637	2.92615e-28	3.48236e-28	-1.0
4900	4	1.36793	1.28345	1.97413e-31	4.54839e-28	1.0
4900	5	1.87411	2.52263	2.1558e-27	3.92476e-27	1.0
4900	6	2.37593	2.11967	3.1586e-30	8.7059e-29	-1.0
4900	7	1.22472	1.06445	1.26344e-29	1.78165e-29	1.0
4900	8	1.57206	2.72239	0.00457378	0.00357961	1.0
4900	9	1.29528	1.44465	4.26855e-28	4.54839e-28	-1.0
4900	10	1.43719	0.836028	5.23588e-28	1.86666e-28	-1.0
5000	1	1.55825	1.44989	5.75655e-28	3.90926e-28	1.0
5000	2	3.39195	2.00421	5.57177e-27	1.08103e-27	1.0
5000	3	1.51749	1.57637	2.92615e-28	3.48236e-28	-1.0
5000	4	1.36793	1.28345	1.97413e-31	4.54839e-28	1.0
5000	5	1.87411	2.52263	2.1558e-27	3.92476e-27	1.0
5000	6	2.37593	2.11967	3.1586e-30	8.7059e-29	-1.0
5000	7	1.22472	1.06445	1.26344e-29	1.78165e-29	1.0
5000	8	1.57058	2.72108	0.0042625	0.00333599	1.0
5000	9	1.42716	1.44465	5.33804e-28	4.54839e-28	1.0
5000	10	1.54582	0.836028	0.0194962	1.86666e-28	-7.43436e-14
5100	1	1.55825	1.44989	1.54766e-08	3.90926e-28	1.92752e-10
5100	2	3.39195	2.00421	5.57177e-27	1.08103e-27	1.0
5100	3	1.51749	1.57637	2.92615e-28	3.48236e-28	-1.0
5100	4	1.36793	1.28345	1.97413e-31	4.54839e-28	1.0
5100	5	1.87411	2.52263	2.1558e-27	3.92476e-27	1.0
5100	6	2.37484	2.11719	3.72115e-05	0.000193267	1.0
5100	7	1.22472	1.06445	1.26344e-29	1.78165e-29	1.0
5100	8	1.40917	2.52109	0.0126774	0.0159148	0.988314
5100	9	1.42716	1.44465	5.33804e-28	4.54839e-28	1.0
5100	10	1.89651	0.836028	4.44178e-29	1.86666e-28	-1.0
5200	1	1.55825	1.44989	5.75655e-28	3.90926e-28	1.0
5200	2	3.3931	2.00538	0.000145635	0.000149274	1.0
5200	3	1.29689	1.57637	4.1506e-29	3.48236e-28	1.0
5200	4	1.36793	1.28345	1.97413e-31	4.54839e-28	1.0
5200	5	1.87411	2.52263	2.1558e-27	3.92476e-27	1.0
5200	6	2.37572	2.11919	7.38805e-06	3.83717e-05	1.0
5200	7	1.22472	1.06445	1.26344e-29	1.78165e-29	1.0
5200	8	1.39349	2.49937	0.0126979	0.0147151	0.986593
5200	9	1.61446	1.44465	4.74284e-29	4.54839e-28	-1.0
5200	10	1.89651	0.836028	4.44178e-29	1.86666e-28	-1.0
5300	1	1.55825	1.44989	5.75655e-28	3.90926e-28	1.0
5300	2	3.39195	2.00421	5.57177e-27	1.08103e-27	1.0
5300	3	1.29689	1.57637	4.1506e-29	3.48236e-28	1.0
5300	4	1.36793	1.48885	1.97413e-31	6.33409e-05	4.01263e-12
5300	5	1.87411	2.52263	2.1558e-27	3.92476e-27	1.0
5300	6	2.37392	2.1151	6.65853e-05	0.000345827	1.0
5300	7	1.22472	1.06445	1.26344e-29	1.78165e-29	1.0
5300	8	1.42362	2.53373	0.0145256	0.0168205	0.983489
5300	9	2.16095	1.44465	2.01381e-27	4.54839e-28	-1.0
5300	10	1.89651	0.836028	4.44178e-29	1.86666e-28	-1.0
5400	1	1.55825	1.44989	5.75655e-28	3.90926e-28	1.0
5400	2	3.39195	2.00421	5.57177e-27	1.08103e-27	1.0
5400	3	1.29689	1.57637	4.1506e-29	3.48236e-28	1.0
5400	4	1.36793	1.48946	1.97413e-31	1.02339e-27	1.0
5400	5	1.87411	2.52263	2.1558e-27	3.92476e-27	1.0
5400	6	2.35841	2.07975	0.000450909	0.00234191	1.0
5400	7	1.22472	1.06445	1.26344e-29	1.78165e-29	1.0
5400	8	1.42599	2.54178	0.0125314	0.0157737	0.988265
5400	9	2.16095	1.44465	2.01381e-27	4.54839e-28	-1.0
5400	10	1.89651	0.836028	4.44178e-29	1.86666e-28	-1.0
5500	1	1.67122	1.44989	4.36085e-28	3.90926e-28	1.0
5500	2	3.39195	2.00421	5.57177e-27	1.08103e-27	1.0
5500	3	1.29689	1.57637	4.1506e-29	3.48236e-28	1.0
5500	4	1.74976	1.48946	0.000182428	1.02339e-27	-1.31822e-12
5500	5	1.87411	2.52263	2.1558e-27	3.92476e-27	1.0
5500	6	2.34458	2.04824	0.000620773	0.00322414	1.0
5500	7	1.22472	1.06445	1.26344e-29	1.78165e-29	1.0
5500	8	1.42518	2.54044	0.0138674	0.017266	0.988859
5500	9	2.60495	1.44465	0.00479431	4.54839e-28	2.10423e-13
5500	10	1.88309	0.817699	0.000459855	0.000857758	1.0
5600	1	1.79288	1.57642	0.000200296	0.000100672	-0.602678
5600	2	3.39195	2.00421	5.57177e-27	1.08103e-27	1.0
5600	3	1.29689	1.79647	4.1506e-29	6.87193e-28	1.0
5600	4	1.75072	1.48946	3.23806e-28	1.02339e-27	-1.0
5600	5	2.33287	2.93536	4.36085e-28	5.1347e-28	1.0
5600	6	2.94333	2.59034	0.000598674	0.00310936	1.0
5600	7	1.22472	1.06445	1.26344e-29	1.78165e-29	1.0
5600	8	1.42527	2.53907	0.0136608	0.016589	0.987762
5600	9	2.62661	1.44465	2.85064e-28	4.54839e-28	1.0
5600	10	1.73503	0.802903	0.000285281	0.000278059	-1.0
5700	1	1.87799	1.52143	3.12222e-08	1.86585e-06	1.0
5700	2	3.39195	1.99	5.57177e-27	0.00152513	6.60086e-13
5700	3	1.29689	1.79647	4.1506e-29	6.87193e-28	1.0
5700	4	1.75072	1.48946	3.23806e-28	1.02339e-27	-1.0
5700	5	2.47978	3.00814	1.89714e-28	4.62123e-27	-1.0
5700	6	2.95107	2.60798	0.00053728	0.0027905	1.0
5700	7	1.22472	1.06445	1.26344e-29	1.78165e-29	1.0
5700	8	1.393	2.50476	0.00998602	0.0135121	0.991419
5700	9	2.62661	1.44465	2.85064e-28	4.54839e-28	1.0
5700	10	1.72801	0.809834	5.1347e-28	1.66024e-28	1.0
5800	1	1.878	1.52148	8.99461e-28	1.54772e-28	-1.0
5800	2	3.39195	1.77591	5.57177e-27	0.00173608	-4.93076e-14
5800	3	1.29689	1.79647	4.1506e-29	6.87193e-28	1.0
5800	4	1.75072	1.48946	3.23806e-28	1.02339e-27	-1.0
5800	5	2.47978	3.00814	1.89714e-28	4.62123e-27	-1.0
5800	6	2.95385	2.61431	0.000468078	0.00243108	1.0
5800	7	1.22472	1.06459	1.26344e-29	9.64702e-06	1.28746e-12
5800	8	1.41565	2.52839	0.0122134	0.0153905	0.987331
5800	9	2.62661	1.44465	2.85064e-28	4.54839e-28	1.0
5800	10	1.72801	0.809834	5.1347e-28	1.66024e-28	1.0
5900	1	1.878	1.52148	8.99461e-28	1.54772e-28	-1.0
5900	2	3.39195	1.76133	5.57177e-27	4.44178e-31	1.0
5900	3	1.29689	1.79647	4.1506e-29	6.87193e-28	1.0
5900	4	1.75072	1.48946	3.23806e-28	1.02339e-27	-1.0
5900	5	2.47978	3.00814	1.89714e-28	4.62123e-27	-1.0
5900	6	2.95842	2.62473	0.000361816	0.00187918	1.0
5900	7	1.22472	1.20342	1.26344e-29	2.63003e-28	1.0
5900	8	1.48161	2.5802	0.0122051	0.0153093	0.989036
5900	9	2.7763	1.52567	2.43232e-27	5.44119e-28	-1.0
5900	10	1.72801	0.809834	5.1347e-28	1.66024e-28	1.0
6000	1	1.878	1.52148	8.99461e-28	1.54772e-28	-1.0
6000	2	3.39195	1.76133	5.57177e-27	4.44178e-31	1.0
6000	3	1.29689	1.79647	4.1506e-29	6.87193e-28	1.0
6000	4	1.75072	1.48946	3.23806e-28	1.02339e-27	-1.0
6000	5	2.47978	3.00814	1.89714e-28	4.62123e-27	-1.0
6000	6	2.94843	2.60196	0.000513403	0.00266648	1.0
6000	7	1.22472	1.20812	1.26344e-29	0.000130836	9.08541e-13
6000	8	1.48533	2.58246	0.0133193	0.016277	0.987313
6000	9	2.7763	1.52567	2.43232e-27	5.44119e-28	-1.0
6000	10	1.72801	0.809834	5.1347e-28	1.66024e-28	1.0
6100	1	1.8285	1.56099	0.00543183	0.00435655	0.642207
6100	2	3.39195	1.76133	5.57177e-27	4.44178e-31	1.0
6100	3	1.29689	1.79647	4.1506e-29	6.87193e-28	1.0
6100	4	1.75072	1.48946	3.23806e-28	1.02339e-27	-1.0
6100	5	2.82176	3.00814	8.34068e-28	4.62123e-27	-1.0
6100	6	2.9536	2.61375	0.000480197	0.00249402	1.0
6100	7	1.22472	1.26365	1.26344e-29	2.72393e-06	-2.69949e-12
6100	8	1.48355	2.58391	0.010643	0.0140104	0.989325
6100	9	2.7763	1.52567	2.43232e-27	5.44119e-28	-1.0
6100	10	1.72801	0.809834	5.1347e-28	1.66024e-28	1.0
6200	1	2.09612	1.77888	0.0020662	1.46006e-27	-5.71864e-13
6200	2	3.79922	1.76133	1.56371e-27	4.44178e-31	1.0
6200	3	1.29689	1.79647	4.1506e-29	6.87193e-28	1.0
6200	4	1.96173	1.48946	6.64096e-28	1.02339e-27	-1.0
6200	5	2.82185	3.05929	4.20766e-06	1.56371e-27	1.40402e-11
6200	6	2.95522	2.61744	0.000450011	0.00233724	1.0
6200	7	1.22473	1.66792	7.13541e-08	0.00931155	0.0670142
6200	8	1.47089	2.76794	0.010917	0.014245	0.989393
6200	9	2.7763	1.52567	2.43232e-27	5.44119e-28	-1.0
6200	10	1.72801	0.809834	5.1347e-28	1.66024e-28	1.0
6300	1	2.11819	1.93153	5.33804e-28	0.000174909	2.07941e-12
6300	2	3.79922	1.76133	1.56371e-27	4.44178e-31	1.0
6300	3	1.29689	1.79647	4.1506e-29	6.87193e-28	1.0
6300	4	1.96173	1.67912	6.64096e-28	8.86185e-28	1.0
6300	5	2.82176	3.05929	8.34068e-28	1.56371e-27	1.0
6300	6	2.94864	2.60244	0.000533168	0.00276914	1.0
6300	7	1.22472	1.71384	1.26344e-29	5.23588e-28	-1.0
6300	8	1.48342	2.7786	0.0130253	0.0153176	0.985235
6300	9	2.7763	1.52567	2.43232e-27	5.44119e-28	-1.0
6300	10	1.72801	0.809834	5.1347e-28	1.66024e-28	1.0
6400	1	2.11819	1.93386	5.33804e-28	8.4695e-28	1.0
6400	2	3.79922	1.76133	1.56371e-27	4.44178e-31	1.0
6400	3	1.29689	1.79647	4.1506e-29	6.87193e-28	1.0
6400	4	1.96173	1.67912	6.64096e-28	8.86185e-28	1.0
6400	5	2.82177	3.05929	1.11713e-07	1.56371e-27	8.53806e-11
6400	6	2.9377	2.57751	0.000624539	0.0032437	1.0
6400	7	1.22472	1.71384	1.26344e-29	5.23588e-28	-1.0
6400	8	1.53257	2.80831	0.0166915	0.0167003	0.932586
6400	9	2.7763	1.52567	2.43232e-27	5.44119e-28	-1.0
6400	10	1.72801	0.809834	5.1347e-28	1.66024e-28	1.0
6500	1	2.11819	1.93386	5.33804e-28	8.4695e-28	1.0
6500	2	3.79922	1.76739	1.56371e-27	0.00069714	-1.48115e-14
6500	3	1.29689	1.79647	4.1506e-29	6.87193e-28	1.0
6500	4	1.96173	1.67912	6.64096e-28	8.86185e-28	1.0
6500	5	2.82176	3.05929	8.34068e-28	1.56371e-27	1.0
6500	6	3.28119	2.56893	0.000629193	0.00326787	1.0
6500	7	1.22472	1.71384	1.26344e-29	5.23588e-28	-1.0
6500	8	1.70629	2.84477	0.0114831	0.0141925	0.987128
6500	9	2.7763	1.52567	2.43232e-27	5.44119e-28	-1.0
6500	10	1.74794	0.823654	0.000315372	0.000336217	0.943323
6600	1	2.32125	1.93386	1.43914e-28	8.4695e-28	1.0
6600	2	4.18539	2.20745	7.1266e-27	3.1586e-30	-1.0
6600	3	1.29689	1.79647	4.1506e-29	6.87193e-28	1.0
6600	4	1.96173	1.67912	6.64096e-28	8.86185e-28	1.0
6600	5	2.82176	3.05929	8.34068e-28	1.56371e-27	1.0
6600	6	3.28056	2.56749	0.000615403	0.00319625	1.0
6600	7	1.22472	1.71384	1.26344e-29	5.23588e-28	-1.0
6600	8	1.71309	2.85543	0.0114989	0.0149211	0.990536
6600	9	2.7763	1.52567	2.43232e-27	5.44119e-28	-1.0
6600	10	1.77814	0.839884	1.70575e-06	9.64778e-07	1.0
6700	1	2.32125	1.93386	1.43914e-28	8.4695e-28	1.0
6700	2	4.18723	2.20966	8.04593e-05	0.00011605	1.0
6700	3	1.29689	1.79647	4.1506e-29	6.87193e-28	1.0
6700	4	1.96173	1.67912	6.64096e-28	8.86185e-28	1.0
6700	5	2.82176	3.05944	8.34068e-28	1.05984e-05	1.21057e-11
6700	6	3.29463	2.59956	0.0005495	0.00285397	1.0
6700	7	1.22472	1.69325	1.26344e-29	0.000541615	-1.19587e-12
6700	8	1.70542	2.8508	0.00795262	0.0121452	1.0
6700	9	2.7763	1.52567	2.43232e-27	5.44119e-28	-1.0
6700	10	1.77928	0.84373	8.08253e-06	8.66283e-05	1.0
6800	1	2.32326	1.93386	0.000306941	8.4695e-28	6.83695e-13
6800	2	4.26893	2.30763	6.64096e-28	2.54354e-05	-7.03025e-12
6800	3	1.48751	1.99094	0.00243195	0.00253102	1.0
6800	4	1.96173	1.67912	6.64096e-28	8.86185e-28	1.0
6800	5	2.82205	3.05942	6.07858e-06	1.08633e-06	0.818159
6800	6	3.29537	2.60124	0.000559152	0.00290409	1.0
6800	7	1.22472	1.64032	1.26344e-29	2.14982e-28	-1.0
6800	8	1.69398	2.83668	0.00768783	0.0117408	1.0
6800	9	2.7763	1.52567	2.43232e-27	5.44119e-28	-1.0
6800	10	1.79389	0.891555	4.08694e-28	1.74723e-28	-1.0
6900	1	2.88296	2.28703	7.89651e-31	4.17725e-28	-1.0
6900	2	4.44859	2.45159	0.000931489	0.000596852	1.0
6900	3	1.51461	2.01859	3.00265e-28	1.02339e-27	1.0
6900	4	1.96173	1.67912	6.64096e-28	8.86185e-28	1.0
6900	5	2.8605	3.07426	1.08103e-27	1.20106e-27	1.0
6900	6	3.29509	2.6006	0.000570469	0.00296287	1.0
6900	7	1.30887	1.79352	1.28368e-28	5.54532e-28	1.0
6900	8	1.69848	2.84223	0.00770476	0.0117667	1.0
6900	9	2.7763	1.52567	2.43232e-27	5.44119e-28	-1.0
6900	10	2.0472	0.891555	1.35998e-27	1.74723e-28	1.0
7000	1	3.13621	2.60399	3.98063e-27	1.49422e-27	-1.0
7000	2	4.4591	2.46001	7.58854e-28	1.26344e-29	1.0
7000	3	1.51461	2.01859	3.00265e-28	1.02339e-27	1.0
7000	4	1.96173	1.63978	6.64096e-28	4.08694e-28	-1.0
7000	5	2.8605	3.07426	1.08103e-27	1.20106e-27	1.0
7000	6	3.28928	2.58737	0.000583334	0.00302969	1.0
7000	7	1.30887	1.79352	1.28368e-28	5.54532e-28	1.0
7000	8	1.70426	2.84938	0.00778034	0.0118821	1.0
7000	9	2.7763	1.52567	2.43232e-27	5.44119e-28	-1.0
7000	10	2.65893	0.884335	0.000468234	1.02173e-28	-1.83884e-12
7100	1	3.37674	2.60399	0.00787392	1.49422e-27	-2.41972e-13
7100	2	4.74867	2.76702	0.00203463	0.00228718	1.0
7100	3	1.51461	2.01859	3.00265e-28	1.02339e-27	1.0
7100	4	1.96358	1.6422	0.000341001	0.000580845	1.0
7100	5	2.8605	3.07426	1.08103e-27	1.20106e-27	1.0
7100	6	3.29157	2.59258	0.000604412	0.00313916	1.0
7100	7	1.30887	1.79352	1.28368e-28	5.54532e-28	1.0
7100	8	1.52951	2.85096	0.00922188	0.0115743	0.869578
7100	9	2.7763	1.52567	2.43232e-27	5.44119e-28	-1.0
7100	10	2.66065	0.884547	8.45466e-06	1.12175e-05	1.0
7200	1	3.45999	2.63858	0.00197297	0.00553718	1.0
7200	2	4.76311	2.78233	0.0	1.46006e-27	NAN
7200	3	1.51461	2.01859	3.00265e-28	1.02339e-27	1.0
7200	4	2.18451	1.93054	0.016554	0.0281973	1.0
7200	5	2.8605	3.07426	1.08103e-27	1.20106e-27	1.0
7200	6	3.2965	2.60381	0.000542027	0.00281515	1.0
7200	7	1.30887	1.79352	1.28368e-28	5.54532e-28	1.0
7200	8	1.48567	2.82858	0.007198	0.0109928	1.0
7200	9	2.7763	1.54298	2.43232e-27	0.00290024	1.92442e-13
7200	10	2.66046	0.884335	1.6709e-27	1.02173e-28	-1.0
7300	1	3.64178	2.94313	4.36085e-28	7.89651e-31	1.0
7300	2	4.76311	3.15541	0.0	0.000243821	NAN
7300	3	1.51461	2.01859	3.00265e-28	1.02339e-27	1.0
7300	4	2.18396	1.92981	0.0161475	0.0275048	1.0
7300	5	2.8605	3.07426	1.08103e-27	1.20106e-27	1.0
7300	6	3.29927	2.61014	0.000507778	0.00263727	1.0
7300	7	1.30887	1.74793	1.28368e-28	0.00347528	-1.91029e-14
7300	8	1.5061	2.85382	0.00814601	0.0124406	1.0
7300	9	2.77527	1.44518	0.00010395	3.72e-05	0.00780845
7300	10	2.66046	0.884335	1.6709e-27	1.02173e-28	-1.0
7400	1	3.64178	3.17062	4.36085e-28	0.0	NAN
7400	2	4.76311	3.15672	0.0	6.41394e-28	NAN
7400	3	1.51461	2.01859	3.00265e-28	1.02339e-27	1.0
7400	4	2.32286	2.08558	0.0155881	0.0265419	0.999977
7400	5	2.8605	3.07426	1.08103e-27	1.20106e-27	1.0
7400	6	3.53219	2.61022	0.00086216	0.00258662	0.768667
7400	7	1.30887	1.59617	1.28368e-28	2.92615e-28	-1.0
7400	8	1.48529	2.8281	0.00711598	0.0108675	1.0
7400	9	2.7763	1.4447	2.43232e-27	2.77612e-28	-1.0
7400	10	3.06916	0.884335	1.77671e-30	1.02173e-28	-1.0
7500	1	3.64178	3.17062	4.36085e-28	0.0	NAN
7500	2	4.76311	3.15672	0.0	6.41394e-28	NAN
7500	3	1.51461	2.40989	3.00265e-28	0.00183811	3.60992e-13
7500	4	2.32685	2.09075	0.0157231	0.026782	1.0
7500	5	2.8605	3.07426	1.08103e-27	1.20106e-27	1.0
7500	6	3.54441	2.62961	0.000313646	0.00190918	0.943419
7500	7	1.30887	1.59617	1.28368e-28	2.92615e-28	-1.0
7500	8	1.48824	2.83175	0.00734073	0.0112107	1.0
7500	9	2.7763	1.4447	2.43232e-27	2.77612e-28	-1.0
7500	10	3.06916	0.884335	1.77671e-30	1.02173e-28	-1.0
7600	1	3.64292	3.17062	0.000117197	0.0	NAN
7600	2	4.76311	3.15672	0.0	6.41394e-28	NAN
7600	3	1.51461	2.41951	3.00265e-28	2.4183e-28	1.0
7600	4	2.70914	2.1014	0.0155468	0.0264816	1.0
7600	5	2.8605	3.07426	1.08103e-27	1.20106e-27	1.0
7600	6	3.54296	2.34331	0.000366261	0.00285865	0.789934
7600	7	1.30887	1.59617	1.28368e-28	2.92615e-28	-1.0
7600	8	1.51008	2.85874	0.00815251	0.0124505	1.0
7600	9	2.7763	1.4447	2.43232e-27	2.77612e-28	-1.0
7600	10	3.06916	0.884335	1.77671e-30	1.02173e-28	-1.0
7700	1	3.84874	3.17062	5.35944e-05	0.0	NAN
7700	2	4.76311	3.15672	0.0	6.41394e-28	NAN
7700	3	1.51461	2.41951	3.00265e-28	2.4183e-28	1.0
7700	4	2.67808	2.06073	0.0170985	0.0290519	0.999718
7700	5	2.8605	3.07426	1.08103e-27	1.20106e-27	1.0
7700	6	3.5283	2.30274	0.000587029	0.00304888	1.0
7700	7	1.30887	1.59617	1.28368e-28	2.92615e-28	-1.0
7700	8	1.48259	2.82477	0.00759077	0.0115926	1.0
7700	9	2.7763	1.4447	2.43232e-27	2.77612e-28	-1.0
7700	10	3.06916	0.84949	1.77671e-30	5.77248e-06	-5.78977e-12
7800	1	3.84926	3.17062	4.32413e-27	0.0	NAN
7800	2	4.76311	3.37175	0.0	1.08103e-27	NAN
7800	3	1.51461	2.41951	3.00265e-28	2.4183e-28	1.0
7800	4	2.70655	2.09801	0.0153794	0.0261964	1.0
7800	5	2.8605	3.07426	1.08103e-27	1.20106e-27	1.0
7800	6	3.52302	2.29071	0.000598426	0.00310807	1.0
7800	7	1.30887	1.59617	1.28368e-28	2.92615e-28	-1.0
7800	8	1.50212	2.8489	0.00781042	0.011928	1.0
7800	9	2.7763	1.4447	2.43232e-27	2.77612e-28	-1.0
7800	10	3.06916	0.849156	1.77671e-30	2.08517e-28	-1.0
7900	1	4.24569	3.51377	0.027755	0.0207962	1.0
7900	2	4.76311	3.37175	0.0	1.08103e-27	NAN
7900	3	1.51461	2.41951	3.00265e-28	2.4183e-28	1.0
7900	4	2.68948	2.07574	0.016384	0.0279078	1.0
7900	5	2.8605	3.07426	1.08103e-27	1.20106e-27	1.0
7900	6	3.53709	2.32278	0.000458197	0.00237976	1.0
7900	7	1.30887	1.59617	1.28368e-28	2.92615e-28	-1.0
7900	8	1.50944	2.85795	0.00847654	0.0129453	1.0
7900	9	2.7763	1.4447	2.43232e-27	2.77612e-28	-1.0
7900	10	3.06916	0.849156	1.77671e-30	2.08517e-28	-1.0
8000	1	4.38715	3.63623	2.28209e-28	6.61115e-27	1.0
8000	2	4.76311	3.37175	0.0	1.08103e-27	NAN
8000	3	1.52027	2.42477	8.5725e-06	7.39983e-06	1.0
8000	4	2.7136	2.10721	0.0166093	0.0282915	1.0
8000	5	2.8605	3.07426	1.08103e-27	1.20106e-27	1.0
8000	6	3.52393	2.29279	0.000581945	0.00302248	1.0
8000	7	1.30887	1.59617	1.28368e-28	2.92615e-28	-1.0
8000	8	1.48426	2.82683	0.00696189	0.0106322	1.0
8000	9	2.86792	1.49044	0.00210263	0.000523975	1.0
8000	10	3.06916	0.849156	1.77671e-30	2.08517e-28	-1.0
8100	1	4.20416	3.63623	6.5391e-27	6.61115e-27	1.0
8100	2	4.76311	3.37175	0.0	1.08103e-27	NAN
8100	3	1.52317	2.42092	2.3497e-28	5.06522e-05	2.3442e-12
8100	4	2.68781	2.07356	0.0175458	0.0298866	1.0
8100	5	2.8605	3.07426	1.08103e-27	1.20106e-27	1.0
8100	6	3.52291	2.2913	0.000600315	0.00319239	0.986441
8100	7	1.30887	1.59617	1.28368e-28	2.92615e-28	-1.0
8100	8	1.4725	2.95113	0.00767298	0.0117181	1.0
8100	9	2.91114	1.51202	2.55847e-28	1.04431e-28	1.0
8100	10	3.06916	0.849156	1.77671e-30	2.08517e-28	-1.0
8200	1	4.20613	3.63623	0.000549727	6.61115e-27	3.43664e-12
8200	2	4.76311	3.37175	0.0	1.08103e-27	NAN
8200	3	1.52317	2.4051	2.3497e-28	6.41394e-28	1.0
8200	4	2.70543	2.09658	0.0161695	0.0275506	0.999996
8200	5	2.8605	3.07426	1.08103e-27	1.20106e-27	1.0
8200	6	3.52766	2.50938	0.000579943	0.00301208	1.0
8200	7	1.30887	1.59617	1.28368e-28	2.92615e-28	-1.0
8200	8	1.47314	2.95192	0.00727312	0.0111075	1.0
8200	9	2.91114	1.51202	2.55847e-28	1.04431e-28	1.0
8200	10	2.96885	0.849156	1.0071e-05	2.08517e-28	1.1132e-12
8300	1	4.76632	3.63623	2.21813e-27	6.61115e-27	1.0
8300	2	4.76311	3.37175	0.0	1.08103e-27	NAN
8300	3	1.62611	2.71198	0.00219932	0.00480239	1.0
8300	4	2.69968	2.08905	0.0166188	0.0283076	1.0
8300	5	2.8605	3.07426	1.08103e-27	1.20106e-27	1.0
8300	6	3.53941	2.53616	0.000424869	0.00220666	1.0
8300	7	1.30887	1.59617	1.28368e-28	2.92615e-28	-1.0
8300	8	1.48278	2.96383	0.00814742	0.0124427	1.0
8300	9	2.91114	1.51202	2.55847e-28	1.04431e-28	1.0
8300	10	2.96865	0.849156	1.26344e-29	2.08517e-28	1.0
8400	1	4.76632	3.63623	2.21813e-27	6.61115e-27	1.0
8400	2	4.76311	3.37175	0.0	1.08103e-27	NAN
8400	3	1.66734	2.77291	0.0	2.02151e-28	NAN
8400	4	2.69857	2.0876	0.017187	0.0292755	1.0
8400	5	2.8605	3.07426	1.08103e-27	1.20106e-27	1.0
8400	6	3.53107	2.51716	0.000580831	0.00301669	1.0
8400	7	1.38249	1.60325	0.00348534	4.8104e-05	0.837027
8400	8	1.46286	2.93922	0.00699691	0.0106856	1.0
8400	9	2.91114	1.51202	2.55847e-28	1.04431e-28	1.0
8400	10	3.24901	1.18571	7.1266e-29	2.61078e-29	-1.0
8500	1	4.94554	3.8331	1.29376e-26	8.05523e-27	1.0
8500	2	4.76311	3.37175	0.0	1.08103e-27	NAN
8500	3	1.66734	2.77291	0.0	2.02151e-28	NAN
8500	4	2.68985	2.07742	0.0157424	0.0269733	0.998237
8500	5	2.8605	3.07426	1.08103e-27	1.20106e-27	1.0
8500	6	3.52246	2.49751	0.000621457	0.00322769	1.0
8500	7	1.67718	1.87142	5.59509e-05	4.99726e-07	1.0
8500	8	1.49408	2.9778	0.00804513	0.0122865	1.0
8500	9	2.91114	1.51202	2.55847e-28	1.04431e-28	1.0
8500	10	3.24901	1.18571	7.1266e-29	2.61078e-29	-1.0
8600	1	4.94554	3.83293	1.29376e-26	5.50205e-06	3.80506e-11
8600	2	4.76311	3.37175	0.0	1.08103e-27	NAN
8600	3	1.66734	2.77291	0.0	2.02151e-28	NAN
8600	4	2.69894	2.3896	0.0159875	0.0271487	0.998809
8600	5	2.8605	3.07426	1.08103e-27	1.20106e-27	1.0
8600	6	3.45082	2.48942	0.000594946	0.00309609	0.999027
8600	7	1.67785	1.87148	8.7059e-29	3.48236e-28	-1.0
8600	8	1.47777	2.95764	0.00758118	0.0115779	1.0
8600	9	3.1411	1.73845	0.0322715	0.0312868	1.0
8600	10	3.31989	1.18571	0.000206559	2.61078e-29	1.04138e-12
8700	1	4.94554	3.76652	1.29376e-26	5.5878e-06	3.37829e-11
8700	2	5.06285	3.65691	4.54839e-28	6.87193e-28	1.0
8700	3	1.66734	2.77291	0.0	2.02151e-28	NAN
8700	4	2.70191	2.39439	0.0163016	0.0277674	1.0
8700	5	2.8605	3.07426	1.08103e-27	1.20106e-27	1.0
8700	6	3.45072	2.48926	0.000598452	0.00310821	1.0
8700	7	1.67785	1.87148	8.7059e-29	3.48236e-28	-1.0
8700	8	1.53558	2.96288	0.00801573	0.0122293	0.999641
8700	9	3.15881	1.75588	0.0357537	0.0346628	1.0
8700	10	3.32589	1.18571	2.85064e-28	2.61078e-29	1.0
8800	1	5.04312	3.80344	1.81935e-27	2.01381e-27	-1.0
8800	2	5.06285	3.65691	4.54839e-28	6.87193e-28	1.0
8800	3	1.66734	2.77291	0.0	2.02151e-28	NAN
8800	4	2.71341	2.4094	0.0159056	0.0270929	1.0
8800	5	2.8605	3.07426	1.08103e-27	1.20106e-27	1.0
8800	6	3.45828	2.50649	0.000593094	0.00308038	1.0
8800	7	1.67785	1.87148	8.7059e-29	3.48236e-28	-1.0
8800	8	1.52783	2.95303	0.0070225	0.0107247	1.0
8800	9	3.1484	1.74563	0.0319841	0.0310083	1.0
8800	10	3.32589	1.18571	2.85064e-28	2.61078e-29	1.0
8900	1	5.04312	3.80344	1.81935e-27	2.01381e-27	-1.0
8900	2	5.11212	3.76514	0.00125434	0.00605268	1.0
8900	3	1.66734	2.77291	0.0	2.02151e-28	NAN
8900	4	2.70154	2.39391	0.0160566	0.0273501	1.0
8900	5	3.18871	3.07426	2.28209e-28	1.20106e-27	1.0
8900	6	3.46064	2.51186	0.000600181	0.00311719	1.0
8900	7	1.67785	1.87148	8.7059e-29	3.48236e-28	-1.0
8900	8	1.53952	2.96748	0.00811046	0.0123863	1.0
8900	9	3.14267	1.73999	0.0339939	0.0329567	1.0
8900	10	3.32589	1.18571	2.85064e-28	2.61078e-29	1.0
9000	1	5.04312	3.80344	1.81935e-27	2.01381e-27	-1.0
9000	2	5.1702	3.8769	1.46006e-27	4.80423e-27	1.0
9000	3	1.66734	2.77291	0.0	2.02151e-28	NAN
9000	4	2.79827	2.55128	0.0174094	0.0299023	0.999587
9000	5	3.18871	3.07426	2.28209e-28	1.20106e-27	1.0
9000	6	3.4612	2.51315	0.000577487	0.00299932	1.0
9000	7	1.67785	1.87148	8.7059e-29	3.48236e-28	-1.0
9000	8	1.5182	3.25458	0.00746646	0.0114028	1.0
9000	9	3.13668	1.73409	0.0338149	0.0327832	1.0
9000	10	3.32589	1.18571	2.85064e-28	2.61078e-29	1.0
9100	1	5.04312	3.80344	1.81935e-27	2.01381e-27	-1.0
9100	2	5.1702	3.8769	1.46006e-27	4.80423e-27	1.0
9100	3	1.66734	2.77291	0.0	2.02151e-28	NAN
9100	4	2.79893	2.55369	0.0166965	0.02844	1.0
9100	5	3.18871	3.07426	2.28209e-28	1.20106e-27	1.0
9100	6	3.4517	2.4915	0.000656545	0.00340993	1.0
9100	7	1.67785	1.87148	8.7059e-29	3.48236e-28	-1.0
9100	8	1.52655	3.2649	0.00749331	0.0114437	1.0
9100	9	3.32921	1.83979	0.0325287	0.0315362	1.0
9100	10	3.32581	1.18557	5.41898e-06	2.03414e-05	1.0
9200	1	5.04312	3.80344	1.81935e-27	2.01381e-27	-1.0
9200	2	5.1702	3.8769	1.46006e-27	4.80423e-27	1.0
9200	3	1.66734	2.77291	0.0	2.02151e-28	NAN
9200	4	2.78761	2.53893	0.0164435	0.0280091	1.0
9200	5	3.18871	3.07426	2.28209e-28	1.20106e-27	1.0
9200	6	3.57207	2.50152	0.00061675	0.00320324	1.0
9200	7	1.67785	1.87148	8.7059e-29	3.48236e-28	-1.0
9200	8	1.53862	3.27983	0.00808478	0.012347	1.0
9200	9	3.30864	1.81953	0.032272	0.0312874	1.0
9200	10	3.29042	1.20929	6.30839e-06	2.78898e-06	-1.0
9300	1	5.0135	3.76374	4.92821e-27	9.95157e-28	-1.0
9300	2	5.02279	3.8769	7.1266e-27	4.80423e-27	1.0
9300	3	1.66734	2.96266	0.0	3.65016e-28	NAN
9300	4	2.80431	2.56072	0.0164242	0.0279762	1.0
9300	5	3.05823	3.07426	0.000669959	1.20106e-27	1.83855e-12
9300	6	3.57482	2.50778	0.000592876	0.00307925	1.0
9300	7	1.67785	1.87148	8.7059e-29	3.48236e-28	-1.0
9300	8	1.53063	3.26998	0.00779644	0.0119205	0.999938
9300	9	3.3438	1.85415	0.0331686	0.0321566	1.0
9300	10	3.29009	1.20951	1.52876e-27	1.78165e-29	1.0
9400	1	5.0135	3.76374	4.92821e-27	9.95157e-28	-1.0
9400	2	5.02279	3.8769	7.1266e-27	4.80423e-27	1.0
9400	3	1.66734	2.96266	0.0	3.65016e-28	NAN
9400	4	2.79948	2.55442	0.0159299	0.0271342	1.0
9400	5	3.32794	3.44269	5.67881e-08	2.74877e-27	9.52565e-11
9400	6	3.5758	2.51002	0.000587871	0.00305326	1.0
9400	7	1.67785	1.87148	8.7059e-29	3.48236e-28	-1.0
9400	8	1.5367	3.27744	0.00866619	0.013235	1.0
9400	9	3.61497	2.07388	0.0332134	0.0322	1.0
9400	10	3.29009	1.46303	1.52876e-27	0.000996184	6.46375e-13
9500	1	5.0135	3.76374	4.92821e-27	9.95157e-28	-1.0
9500	2	5.02729	3.87884	0.00026053	4.57288e-05	0.979199
9500	3	1.66734	2.96266	0.0	3.65016e-28	NAN
9500	4	2.90747	2.62071	0.0162959	0.0277576	1.0
9500	5	3.67662	3.76284	4.23045e-05	5.12996e-05	1.0
9500	6	3.57165	2.50056	0.000620228	0.00322131	1.0
9500	7	1.67785	1.96627	8.7059e-29	5.1347e-28	1.0
9500	8	1.52706	3.26554	0.00729877	0.0111467	1.0
9500	9	3.63841	2.09696	0.034885	0.0338206	1.0
9500	10	3.29009	1.47114	1.52876e-27	3.90926e-28	1.0
9600	1	5.0135	3.76374	4.92821e-27	9.95157e-28	-1.0
9600	2	5.14762	3.97117	9.12836e-28	1.24183e-05	-2.09278e-11
9600	3	1.66734	2.96266	0.0	3.65016e-28	NAN
9600	4	2.91711	2.6333	0.0160975	0.0274196	1.0
9600	5	3.8307	4.1469	1.85746e-27	5.05376e-27	1.0
9600	6	3.57144	2.50008	0.000654042	0.00339693	1.0
9600	7	1.67785	1.96627	8.7059e-29	5.1347e-28	1.0
9600	8	1.52282	3.2603	0.00745893	0.0113912	1.0
9600	9	3.62408	2.08285	0.0313839	0.0304264	1.0
9600	10	3.29009	1.47114	1.52876e-27	3.90926e-28	1.0
9700	1	5.01082	3.76123	0.000293717	0.000256021	1.0
9700	2	5.14762	3.97176	9.12836e-28	5.90836e-27	-1.0
9700	3	1.66734	2.96272	0.0	3.6697e-06	NAN
9700	4	2.92824	2.64782	0.0153562	0.026157	1.0
9700	5	3.8307	4.1469	1.85746e-27	5.05376e-27	1.0
9700	6	3.577	2.51275	0.000584492	0.0030357	1.0
9700	7	1.67785	1.96627	8.7059e-29	5.1347e-28	1.0
9700	8	1.53349	3.27348	0.00774645	0.0118304	1.0
9700	9	3.61158	2.07055	0.0319999	0.0310235	1.0
9700	10	3.29009	1.47114	1.52876e-27	3.90926e-28	1.0
9800	1	5.0135	3.76374	4.92821e-27	9.95157e-28	-1.0
9800	2	5.14762	3.97176	9.12836e-28	5.90836e-27	-1.0
9800	3	1.66734	3.08382	0.0	4.56102e-27	NAN
9800	4	2.88762	2.5948	0.0161115	0.0274435	1.0
9800	5	3.8307	4.1469	1.85746e-27	5.05376e-27	1.0
9800	6	3.58221	2.52461	0.00051295	0.00266413	1.0
9800	7	1.67785	1.96627	8.7059e-29	5.1347e-28	1.0
9800	8	1.53695	3.27776	0.00752303	0.0114891	1.0
9800	9	3.72703	2.21304	0.0341497	0.0331078	1.0
9800	10	3.29009	1.47114	1.52876e-27	3.90926e-28	1.0
9900	1	5.0135	3.76374	4.92821e-27	9.95157e-28	-1.0
9900	2	5.26136	4.0504	0.0133298	0.00637289	1.0
9900	3	1.66734	3.08382	0.0	4.56102e-27	NAN
9900	4	2.91749	2.63378	0.0167565	0.0285421	1.0
9900	5	3.8307	4.1469	1.85746e-27	5.05376e-27	1.0
9900	6	3.57654	2.5117	0.00058656	0.00304644	1.0
9900	7	1.6235	1.87297	4.45412e-28	1.18571e-27	1.0
9900	8	1.53361	3.27363	0.00750611	0.0114633	1.0
9900	9	3.73197	2.21791	0.0340499	0.033011	1.0
9900	10	3.29009	1.47114	1.52876e-27	3.90926e-28	1.0
10000	1	5.0135	3.76379	4.92821e-27	2.49434e-06	-1.98816e-11
10000	2	5.34831	4.11053	0.0144803	0.00692292	1.0
10000	3	1.84138	3.16232	1.49293e-28	1.42631e-27	1.0
10000	4	2.91025	2.62434	0.0165664	0.0282184	1.0
10000	5	3.8307	4.1469	1.85746e-27	5.05376e-27	1.0
10000	6	3.59241	2.54786	0.000304242	0.00158015	1.0
10000	7	1.6235	1.87297	4.45412e-28	1.18571e-27	1.0
10000	8	1.59264	3.25014	0.00690308	0.0105424	1.0
10000	9	3.73796	2.22381	0.0346424	0.0335854	1.0
10000	10	3.29009	1.47114	1.52876e-27	3.90926e-28	1.0
