100	1	0.0	0.0	0.0	0.0	NAN
100	2	0.0	0.0	0.0	0.0	NAN
100	3	0.0	0.0	0.0	0.0	NAN
100	4	0.0	0.0	0.0	0.0	NAN
100	5	0.0	0.0	0.0	0.0	NAN
100	6	-1.98852e-05	-3.10828e-05	1.97513e-07	4.82587e-07	1.0
100	7	0.0	0.0	0.0	0.0	NAN
100	8	-0.00779839	-0.0397514	4.86803e-05	0.00126488	1.0
100	9	0.0	0.0	0.0	0.0	NAN
100	10	0.0	0.0	0.0	0.0	NAN
200	1	0.0	0.0	0.0	0.0	NAN
200	2	0.0	0.0	0.0	0.0	NAN
200	3	0.0	0.0	0.0	0.0	NAN
200	4	0.0	0.0	0.0	0.0	NAN
200	5	0.0	0.0	0.0	0.0	NAN
200	6	0.0	0.0	0.0	0.0	NAN
200	7	0.0	0.0	0.0	0.0	NAN
200	8	-0.0198685	-0.101277	4.1943e-32	2.77612e-32	-1.0
200	9	0.0	0.0	0.0	0.0	NAN
200	10	0.284195	0.168535	0.0120316	0.00423129	1.0
300	1	0.0	0.0	0.0	0.0	NAN
300	2	0.0	0.0	0.0	0.0	NAN
300	3	-2.06757e-05	-2.91693e-05	4.27485e-07	8.5085e-07	1.0
300	4	0.0	0.0	0.0	0.0	NAN
300	5	0.0	0.0	0.0	0.0	NAN
300	6	0.0	0.0	0.0	0.0	NAN
300	7	0.0	0.0	0.0	0.0	NAN
300	8	-0.0198685	-0.101277	4.1943e-32	2.77612e-32	-1.0
300	9	0.037955	0.0459631	4.03286e-05	5.91419e-05	1.0
300	10	0.339545	0.0833435	8.34068e-30	2.77612e-32	-1.0
400	1	0.00389388	-0.00186612	9.25574e-05	2.12581e-05	-1.0
400	2	0.0	0.0	0.0	0.0	NAN
400	3	0.0	0.0	0.0	0.0	NAN
400	4	0.0	0.0	0.0	0.0	NAN
400	5	0.0	0.0	0.0	0.0	NAN
400	6	0.0	0.0	0.0	0.0	NAN
400	7	-0.0780471	-0.0950983	0.0033933	0.00503795	1.0
400	8	-0.0198685	-0.101277	4.1943e-32	2.77612e-32	-1.0
400	9	0.040164	0.0486382	3.00794e-31	9.85569e-31	-1.0
400	10	0.339545	0.0833435	8.34068e-30	2.77612e-32	-1.0
500	1	0.0512353	-0.0245542	2.85757e-31	1.3795e-31	1.0
500	2	0.0	0.0	0.0	0.0	NAN
500	3	0.0	0.0	0.0	0.0	NAN
500	4	0.0	0.0	0.0	0.0	NAN
500	5	0.0	0.0	0.0	0.0	NAN
500	6	0.0	0.0	0.0	0.0	NAN
500	7	-0.168588	-0.205446	0.000155519	0.000224308	0.998612
500	8	-0.0198685	-0.101277	4.1943e-32	2.77612e-32	-1.0
500	9	0.040164	0.0486382	3.00794e-31	9.85569e-31	-1.0
500	10	0.339545	0.0833435	8.34068e-30	2.77612e-32	-1.0
600	1	0.0512353	-0.0245542	2.85757e-31	1.3795e-31	1.0
600	2	0.0	0.0	0.0	0.0	NAN
600	3	0.0	0.0	0.0	0.0	NAN
600	4	0.0	0.0	0.0	0.0	NAN
600	5	0.0	0.0	0.0	0.0	NAN
600	6	0.0	0.0	0.0	0.0	NAN
600	7	-0.170409	-0.207638	3.67141e-30	2.04885e-29	1.0
600	8	-0.0198685	-0.101277	4.1943e-32	2.77612e-32	-1.0
600	9	0.0404451	0.048902	2.62819e-05	2.31514e-05	1.0
600	10	0.339545	0.0833435	8.34068e-30	2.77612e-32	-1.0
700	1	0.0512247	-0.024583	3.68941e-08	2.76361e-07	1.0
700	2	0.0	0.0	0.0	0.0	NAN
700	3	0.0	0.0	0.0	0.0	NAN
700	4	0.0	0.0	0.0	0.0	NAN
700	5	0.0	0.0	0.0	0.0	NAN
700	6	0.0	0.0	0.0	0.0	NAN
700	7	-0.170409	-0.207638	3.67141e-30	2.04885e-29	1.0
700	8	-0.0198685	-0.101277	4.1943e-32	2.77612e-32	-1.0
700	9	0.0734247	0.0798553	0.00262709	0.00231418	1.0
700	10	0.495418	0.125713	7.70033e-29	9.50125e-30	1.0
800	1	0.0512353	-0.0245542	2.85757e-31	1.3795e-31	1.0
800	2	0.0	0.0	0.0	0.0	NAN
800	3	0.0	0.0	0.0	0.0	NAN
800	4	0.0	0.0	0.0	0.0	NAN
800	5	0.0	0.0	0.0	0.0	NAN
800	6	0.0	0.0	0.0	0.0	NAN
800	7	-0.170409	-0.207638	3.67141e-30	2.04885e-29	1.0
800	8	0.0053705	-0.18193	1.73507e-33	9.50125e-30	-1.0
800	9	0.212276	0.210175	0.00132184	0.00116439	1.0
800	10	0.495418	0.125713	7.70033e-29	9.50125e-30	1.0
900	1	0.0512353	-0.0245542	2.85757e-31	1.3795e-31	1.0
900	2	0.0	0.0	0.0	0.0	NAN
900	3	0.0	0.0	0.0	0.0	NAN
900	4	0.0	0.0	0.0	0.0	NAN
900	5	0.0	0.0	0.0	0.0	NAN
900	6	-0.0772835	0.0166307	0.0017936	8.30564e-05	-1.0
900	7	-0.170409	-0.207638	3.67141e-30	2.04885e-29	1.0
900	8	0.0053705	-0.18193	1.73507e-33	9.50125e-30	-1.0
900	9	0.227548	0.224509	1.64377e-29	1.64377e-29	1.0
900	10	0.495418	0.125713	7.70033e-29	9.50125e-30	1.0
1000	1	-0.173478	-0.29734	0.00165126	0.00243333	1.0
1000	2	0.0	0.0	0.0	0.0	NAN
1000	3	0.0	0.0	0.0	0.0	NAN
1000	4	0.0	0.0	0.0	0.0	NAN
1000	5	0.0	0.0	0.0	0.0	NAN
1000	6	-0.125054	0.0269105	1.23383e-32	3.77487e-31	1.0
1000	7	-0.170409	-0.207638	3.67141e-30	2.04885e-29	1.0
1000	8	0.0053705	-0.18193	1.73507e-33	9.50125e-30	-1.0
1000	9	0.227548	0.224509	1.64377e-29	1.64377e-29	1.0
1000	10	0.495418	0.125713	7.70033e-29	9.50125e-30	1.0
1100	1	-0.188971	-0.316148	1.92786e-30	8.66456e-30	-1.0
1100	2	0.0	0.0	0.0	0.0	NAN
1100	3	0.0	0.0	0.0	0.0	NAN
1100	4	0.0	0.0	0.0	0.0	NAN
1100	5	0.0	0.0	0.0	0.0	NAN
1100	6	-0.125054	0.0269105	1.23383e-32	3.77487e-31	1.0
1100	7	-0.170409	-0.207638	3.67141e-30	2.04885e-29	1.0
1100	8	0.0053705	-0.18193	1.73507e-33	9.50125e-30	-1.0
1100	9	0.227548	0.224509	1.64377e-29	1.64377e-29	1.0
1100	10	0.495418	0.125713	7.70033e-29	9.50125e-30	1.0
1200	1	-0.188971	-0.316148	1.92786e-30	8.66456e-30	-1.0
1200	2	0.0	0.0	0.0	0.0	NAN
1200	3	-0.101733	-0.20128	2.46168e-30	1.48993e-29	1.0
1200	4	0.0	0.0	0.0	0.0	NAN
1200	5	0.0	0.0	0.0	0.0	NAN
1200	6	-0.125054	0.0269105	1.23383e-32	3.77487e-31	1.0
1200	7	-0.117834	-0.155822	0.0121338	0.0117863	1.0
1200	8	0.0053705	-0.18193	1.73507e-33	9.50125e-30	-1.0
1200	9	0.227548	0.224509	1.64377e-29	1.64377e-29	1.0
1200	10	0.495418	0.125713	7.70033e-29	9.50125e-30	1.0
1300	1	-0.360517	-0.483824	0.000103096	9.84973e-05	1.0
1300	2	0.0	0.0	0.0	0.0	NAN
1300	3	-0.110666	-0.209634	0.00201124	0.00178998	0.999582
1300	4	0.0	0.0	0.0	0.0	NAN
1300	5	0.0	0.0	0.0	0.0	NAN
1300	6	-0.125054	0.0269105	1.23383e-32	3.77487e-31	1.0
1300	7	0.154056	0.0345474	0.00180307	0.00220502	0.987097
1300	8	0.0053705	-0.18193	1.73507e-33	9.50125e-30	-1.0
1300	9	0.153829	0.240014	0.0016856	0.00101069	0.966799
1300	10	0.495468	0.125685	2.52406e-06	8.02536e-07	-1.0
1400	1	-0.381547	-0.460231	3.72697e-05	5.82315e-05	-1.0
1400	2	0.0	0.0	0.0	0.0	NAN
1400	3	-0.598934	-0.975033	0.000139117	0.00344346	0.999303
1400	4	0.0	0.0	0.0	0.0	NAN
1400	5	0.0	0.0	0.0	0.0	NAN
1400	6	-0.45982	-0.352639	0.00247846	0.00318594	1.0
1400	7	0.153783	0.0322476	9.33083e-32	8.02037e-31	1.0
1400	8	0.0053705	-0.18193	1.73507e-33	9.50125e-30	-1.0
1400	9	0.230346	0.303917	1.28326e-29	1.68911e-29	1.0
1400	10	0.495418	0.125713	7.70033e-29	9.50125e-30	1.0
1500	1	-0.286996	-0.368883	4.83058e-06	3.76512e-06	1.0
1500	2	0.0	0.0	0.0	0.0	NAN
1500	3	-0.61165	-1.0385	3.08457e-29	3.00265e-28	1.0
1500	4	0.0	0.0	0.0	0.0	NAN
1500	5	0.0	0.0	0.0	0.0	NAN
1500	6	-0.474133	-0.368866	2.66785e-29	3.59785e-29	1.0
1500	7	0.153783	0.0322476	9.33083e-32	8.02037e-31	1.0
1500	8	0.0053705	-0.18193	1.73507e-33	9.50125e-30	-1.0
1500	9	0.230346	0.303917	1.28326e-29	1.68911e-29	1.0
1500	10	0.495418	0.125713	7.70033e-29	9.50125e-30	1.0
1600	1	-0.291009	-0.378635	9.08008e-05	0.000519996	1.0
1600	2	0.0	0.0	0.0	0.0	NAN
1600	3	-0.61165	-1.0385	3.08457e-29	3.00265e-28	1.0
1600	4	-0.0809727	-0.245532	1.6674e-30	2.87243e-29	-1.0
1600	5	-0.000102506	-0.000175955	5.24848e-06	1.54647e-05	1.0
1600	6	-0.474133	-0.368866	2.66785e-29	3.59785e-29	1.0
1600	7	0.154481	0.0329801	8.09128e-05	8.89668e-05	1.0
1600	8	0.0053705	-0.18193	1.73507e-33	9.50125e-30	-1.0
1600	9	0.230346	0.303917	1.28326e-29	1.68911e-29	1.0
1600	10	0.495418	0.125713	7.70033e-29	9.50125e-30	1.0
1700	1	-0.335265	-0.484543	4.93532e-32	5.21293e-29	1.0
1700	2	0.0	0.0	0.0	0.0	NAN
1700	3	-0.61165	-1.0385	3.08457e-29	3.00265e-28	1.0
1700	4	-0.0809727	-0.245532	1.6674e-30	2.87243e-29	-1.0
1700	5	-0.102506	-0.175955	3.56577e-30	1.03765e-29	1.0
1700	6	-0.474133	-0.368866	2.66785e-29	3.59785e-29	1.0
1700	7	0.38662	0.276398	2.4985e-29	1.51144e-29	-1.0
1700	8	0.157	-0.203447	0.000143818	2.89611e-06	-1.0
1700	9	0.230346	0.303917	1.28326e-29	1.68911e-29	1.0
1700	10	0.68816	0.411797	0.000641238	0.00134701	1.0
1800	1	-0.335265	-0.484543	4.93532e-32	5.21293e-29	1.0
1800	2	0.0	0.0	0.0	0.0	NAN
1800	3	-0.61165	-1.0385	3.08457e-29	3.00265e-28	1.0
1800	4	-0.0809727	-0.245532	1.6674e-30	2.87243e-29	-1.0
1800	5	0.0372985	-0.0414699	1.25359e-31	5.41535e-31	1.0
1800	6	-0.474133	-0.368866	2.66785e-29	3.59785e-29	1.0
1800	7	0.38662	0.276398	2.4985e-29	1.51144e-29	-1.0
1800	8	0.15892	-0.20372	5.3124e-30	4.93532e-32	-1.0
1800	9	0.230346	0.303917	1.28326e-29	1.68911e-29	1.0
1800	10	0.480127	0.109977	5.32207e-05	3.33001e-05	1.0
1900	1	-0.2998	-0.294534	4.72108e-06	0.000135516	1.0
1900	2	0.0	0.0	0.0	0.0	NAN
1900	3	-0.61165	-1.0385	3.08457e-29	3.00265e-28	1.0
1900	4	-0.286903	-0.432347	7.40606e-30	1.49293e-30	1.0
1900	5	0.0372985	-0.0414699	1.25359e-31	5.41535e-31	1.0
1900	6	-0.474133	-0.368866	2.66785e-29	3.59785e-29	1.0
1900	7	0.38662	0.276398	2.4985e-29	1.51144e-29	-1.0
1900	8	0.15892	-0.20372	5.3124e-30	4.93532e-32	-1.0
1900	9	0.230346	0.303917	1.28326e-29	1.68911e-29	1.0
1900	10	0.710708	0.292369	6.21973e-29	2.61078e-29	-1.0
2000	1	-0.299532	-0.293098	9.67322e-30	2.12496e-29	1.0
2000	2	0.0	0.0	0.0	0.0	NAN
2000	3	-0.61165	-1.0385	3.08457e-29	3.00265e-28	1.0
2000	4	-0.286903	-0.432347	7.40606e-30	1.49293e-30	1.0
2000	5	0.281851	0.0601061	2.96427e-30	1.56156e-30	-1.0
2000	6	-0.474133	-0.368866	2.66785e-29	3.59785e-29	1.0
2000	7	0.38662	0.276398	2.4985e-29	1.51144e-29	-1.0
2000	8	0.15892	-0.20372	5.3124e-30	4.93532e-32	-1.0
2000	9	0.230346	0.303917	1.28326e-29	1.68911e-29	1.0
2000	10	0.710708	0.292369	6.21973e-29	2.61078e-29	-1.0
2100	1	-0.299532	-0.293098	9.67322e-30	2.12496e-29	1.0
2100	2	0.0	0.0	0.0	0.0	NAN
2100	3	-0.61165	-1.0385	3.08457e-29	3.00265e-28	1.0
2100	4	-0.532628	-0.661457	3.02205e-05	2.62719e-05	1.0
2100	5	0.281851	0.0601061	2.96427e-30	1.56156e-30	-1.0
2100	6	-0.64481	-0.535924	2.24865e-28	9.67322e-30	-1.0
2100	7	0.38662	0.276398	2.4985e-29	1.51144e-29	-1.0
2100	8	0.15892	-0.20372	5.3124e-30	4.93532e-32	-1.0
2100	9	0.352515	0.415845	9.33614e-05	7.83653e-05	1.0
2100	10	0.710708	0.292369	6.21973e-29	2.61078e-29	-1.0
2200	1	-0.299532	-0.293098	9.67322e-30	2.12496e-29	1.0
2200	2	0.0	0.0	0.0	0.0	NAN
2200	3	-0.61165	-1.0385	3.08457e-29	3.00265e-28	1.0
2200	4	-0.532874	-0.661687	8.7059e-29	1.38633e-28	-1.0
2200	5	0.281851	0.0601061	2.96427e-30	1.56156e-30	-1.0
2200	6	-0.64481	-0.535924	2.24865e-28	9.67322e-30	-1.0
2200	7	0.549622	0.415784	0.000100543	7.00131e-05	-1.0
2200	8	0.15892	-0.20372	5.3124e-30	4.93532e-32	-1.0
2200	9	0.537361	0.336018	2.72553e-29	3.86929e-29	1.0
2200	10	0.710708	0.292369	6.21973e-29	2.61078e-29	-1.0
2300	1	-0.299532	-0.293098	9.67322e-30	2.12496e-29	1.0
2300	2	0.0	0.0	0.0	0.0	NAN
2300	3	-0.61165	-1.0385	3.08457e-29	3.00265e-28	1.0
2300	4	-0.515444	-0.650996	0.00344213	0.00129484	1.0
2300	5	0.689127	0.481243	3.73233e-29	5.29343e-29	-1.0
2300	6	-0.64481	-0.535924	2.24865e-28	9.67322e-30	-1.0
2300	7	0.555793	0.410635	5.44119e-30	1.63174e-30	1.0
2300	8	0.159129	-0.203563	1.45808e-05	8.17012e-06	1.0
2300	9	0.537361	0.336018	2.72553e-29	3.86929e-29	1.0
2300	10	0.713929	0.286862	9.98688e-06	2.92029e-05	-1.0
2400	1	-0.27132	-0.2166	0.00039038	0.00287032	1.0
2400	2	0.0	0.0	0.0	0.0	NAN
2400	3	-0.61165	-1.0385	3.08457e-29	3.00265e-28	1.0
2400	4	-0.122749	-0.410145	5.12213e-30	3.99761e-30	1.0
2400	5	0.689127	0.481243	3.73233e-29	5.29343e-29	-1.0
2400	6	-0.609763	-0.492914	0.00539001	0.00957245	0.993022
2400	7	0.555793	0.410635	5.44119e-30	1.63174e-30	1.0
2400	8	0.0457586	-0.364808	1.92272e-05	3.89627e-05	1.0
2400	9	0.538885	0.332603	2.99366e-05	0.000150406	-1.0
2400	10	0.72004	0.276376	1.11573e-08	8.75536e-07	1.0
2500	1	-0.243833	-0.142066	3.25808e-30	5.70337e-30	1.0
2500	2	0.0	0.0	0.0	0.0	NAN
2500	3	-0.61165	-1.0385	3.08457e-29	3.00265e-28	1.0
2500	4	-0.122749	-0.410145	5.12213e-30	3.99761e-30	1.0
2500	5	0.689127	0.481243	3.73233e-29	5.29343e-29	-1.0
2500	6	-0.394074	-0.24102	0.0165237	0.0333154	1.0
2500	7	0.555793	0.410635	5.44119e-30	1.63174e-30	1.0
2500	8	0.0454181	-0.365293	8.91152e-32	5.21293e-29	-1.0
2500	9	0.578085	0.243461	7.07583e-05	1.93047e-05	1.0
2500	10	0.720043	0.276405	1.16091e-28	4.69163e-30	-1.0
2600	1	-0.243833	-0.142066	3.25808e-30	5.70337e-30	1.0
2600	2	0.0	0.0	0.0	0.0	NAN
2600	3	-0.61165	-1.0385	3.08457e-29	3.00265e-28	1.0
2600	4	-0.122749	-0.410145	5.12213e-30	3.99761e-30	1.0
2600	5	0.773857	0.561547	3.33627e-29	8.34068e-30	-1.0
2600	6	-0.248721	-0.0346271	0.0376515	0.0759137	1.0
2600	7	0.555793	0.410635	5.44119e-30	1.63174e-30	1.0
2600	8	0.0454181	-0.365293	8.91152e-32	5.21293e-29	-1.0
2600	9	0.578546	0.243702	1.54772e-28	9.16195e-30	1.0
2600	10	0.720043	0.276405	1.16091e-28	4.69163e-30	-1.0
2700	1	-0.243833	-0.142066	3.25808e-30	5.70337e-30	1.0
2700	2	0.0	0.0	0.0	0.0	NAN
2700	3	-0.61165	-1.0385	3.08457e-29	3.00265e-28	1.0
2700	4	-0.122749	-0.410145	5.12213e-30	3.99761e-30	1.0
2700	5	0.773857	0.561547	3.33627e-29	8.34068e-30	-1.0
2700	6	-0.226534	-0.00312297	0.0402945	0.0812424	1.0
2700	7	0.555793	0.410635	5.44119e-30	1.63174e-30	1.0
2700	8	0.0454181	-0.365293	8.91152e-32	5.21293e-29	-1.0
2700	9	0.578546	0.243702	1.54772e-28	9.16195e-30	1.0
2700	10	0.720043	0.276405	1.16091e-28	4.69163e-30	-1.0
2800	1	-0.243833	-0.142066	3.25808e-30	5.70337e-30	1.0
2800	2	0.0	0.0	0.0	0.0	NAN
2800	3	-0.61165	-1.0385	3.08457e-29	3.00265e-28	1.0
2800	4	-0.122749	-0.410145	5.12213e-30	3.99761e-30	1.0
2800	5	0.718527	0.476718	0.000659753	0.00155072	1.0
2800	6	-0.0495298	0.248156	0.0317756	0.0640616	0.999994
2800	7	0.519973	0.361073	0.000725206	0.00138837	1.0
2800	8	0.0891049	-0.280322	0.000501367	0.00189668	1.0
2800	9	0.578546	0.243702	1.54772e-28	9.16195e-30	1.0
2800	10	0.720043	0.276405	1.16091e-28	4.69163e-30	-1.0
2900	1	-0.243833	-0.142066	3.25808e-30	5.70337e-30	1.0
2900	2	0.0	0.0	0.0	0.0	NAN
2900	3	-0.61165	-1.0385	3.08457e-29	3.00265e-28	1.0
2900	4	-0.122749	-0.410145	5.12213e-30	3.99761e-30	1.0
2900	5	0.695095	0.440794	5.97173e-30	1.87665e-29	1.0
2900	6	-0.0976784	0.179843	0.0363736	0.073337	1.0
2900	7	0.4814	0.307703	6.30764e-29	6.24626e-30	-1.0
2900	8	0.111494	-0.236776	2.18519e-06	8.2666e-06	1.0
2900	9	0.578546	0.243702	1.54772e-28	9.16195e-30	1.0
2900	10	0.720043	0.276405	1.16091e-28	4.69163e-30	-1.0
3000	1	-0.243833	-0.142066	3.25808e-30	5.70337e-30	1.0
3000	2	0.0	0.0	0.0	0.0	NAN
3000	3	-0.61165	-1.0385	3.08457e-29	3.00265e-28	1.0
3000	4	-0.122749	-0.410145	5.12213e-30	3.99761e-30	1.0
3000	5	0.695095	0.440794	5.97173e-30	1.87665e-29	1.0
3000	6	-0.141768	0.117239	0.038696	0.0780196	1.0
3000	7	0.482955	0.308982	8.88117e-05	5.469e-05	0.998807
3000	8	0.11156	-0.236647	4.57211e-30	3.67141e-30	-1.0
3000	9	0.578546	0.243702	1.54772e-28	9.16195e-30	1.0
3000	10	0.720043	0.276405	1.16091e-28	4.69163e-30	-1.0
3100	1	-0.243833	-0.142066	3.25808e-30	5.70337e-30	1.0
3100	2	0.0	0.0	0.0	0.0	NAN
3100	3	-0.61165	-1.0385	3.08457e-29	3.00265e-28	1.0
3100	4	-0.122749	-0.410145	5.12213e-30	3.99761e-30	1.0
3100	5	0.695095	0.440794	5.97173e-30	1.87665e-29	1.0
3100	6	-0.101945	0.173785	0.0400081	0.080665	1.0
3100	7	0.741866	0.51113	1.26344e-29	6.52696e-30	1.0
3100	8	0.111415	-0.236563	2.61939e-06	8.80605e-07	-1.0
3100	9	0.578546	0.243702	1.54772e-28	9.16195e-30	1.0
3100	10	0.720043	0.276405	1.16091e-28	4.69163e-30	-1.0
3200	1	-0.35871	-0.343555	2.12496e-29	2.84274e-29	1.0
3200	2	0.00157663	0.000744491	0.000223717	4.98836e-05	1.0
3200	3	-0.61165	-1.0385	3.08457e-29	3.00265e-28	1.0
3200	4	-0.122749	-0.410145	5.12213e-30	3.99761e-30	1.0
3200	5	0.695095	0.440794	5.97173e-30	1.87665e-29	1.0
3200	6	-0.180556	0.0614843	0.0409257	0.0826107	0.999954
3200	7	0.977984	0.611738	2.86644e-05	2.09243e-05	1.0
3200	8	0.11156	-0.236647	4.57211e-30	3.67141e-30	-1.0
3200	9	0.579442	0.243653	1.5252e-05	4.59874e-08	-1.0
3200	10	0.720043	0.276405	1.16091e-28	4.69163e-30	-1.0
3300	1	-0.35871	-0.343555	2.12496e-29	2.84274e-29	1.0
3300	2	0.0	0.0	0.0	0.0	NAN
3300	3	-0.647359	-1.07354	4.44178e-29	9.99401e-29	1.0
3300	4	-0.122749	-0.410145	5.12213e-30	3.99761e-30	1.0
3300	5	0.617421	0.291273	0.000289497	0.00107276	1.0
3300	6	-0.114556	0.132066	0.0407091	0.0820772	0.999998
3300	7	0.978153	0.611883	4.13197e-28	1.51144e-29	-1.0
3300	8	0.11156	-0.236647	4.57211e-30	3.67141e-30	-1.0
3300	9	0.613016	0.241809	0.0	1.85267e-29	NAN
3300	10	0.720043	0.276405	1.16091e-28	4.69163e-30	-1.0
3400	1	-0.35871	-0.343555	2.12496e-29	2.84274e-29	1.0
3400	2	-0.0760818	-0.0357169	0.00428118	0.000943518	1.0
3400	3	-0.647359	-1.07354	4.44178e-29	9.99401e-29	1.0
3400	4	-0.122749	-0.410145	5.12213e-30	3.99761e-30	1.0
3400	5	0.609786	0.276576	8.34068e-30	1.11045e-29	-1.0
3400	6	-0.142514	0.0923872	0.040326	0.0813059	1.0
3400	7	0.782638	0.320353	0.00151644	0.00126473	1.0
3400	8	0.11156	-0.236647	4.57211e-30	3.67141e-30	-1.0
3400	9	0.613016	0.241809	0.0	1.85267e-29	NAN
3400	10	0.720043	0.276405	1.16091e-28	4.69163e-30	-1.0
3500	1	-0.35871	-0.343555	2.12496e-29	2.84274e-29	1.0
3500	2	-0.186704	-0.0876489	2.50544e-30	7.41069e-31	1.0
3500	3	-0.647359	-1.07354	4.44178e-29	9.99401e-29	1.0
3500	4	-0.122749	-0.410145	5.12213e-30	3.99761e-30	1.0
3500	5	0.609786	0.276576	8.34068e-30	1.11045e-29	-1.0
3500	6	-0.121464	0.122276	0.0394516	0.079543	1.0
3500	7	0.76649	0.305606	5.05376e-29	3.99761e-30	-1.0
3500	8	-0.304106	-0.705741	1.02914e-05	3.12403e-05	1.0
3500	9	0.613016	0.241809	0.0	1.85267e-29	NAN
3500	10	0.720043	0.276405	1.16091e-28	4.69163e-30	-1.0
3600	1	-0.35871	-0.343555	2.12496e-29	2.84274e-29	1.0
3600	2	-0.186704	-0.0876489	2.50544e-30	7.41069e-31	1.0
3600	3	-0.647359	-1.07354	4.44178e-29	9.99401e-29	1.0
3600	4	-0.122749	-0.410145	5.12213e-30	3.99761e-30	1.0
3600	5	0.609786	0.276576	8.34068e-30	1.11045e-29	-1.0
3600	6	-0.124024	0.118641	0.0384692	0.0775623	1.0
3600	7	0.670371	0.261848	0.000101009	5.38514e-05	1.0
3600	8	-0.30425	-0.705991	1.23383e-32	1.97413e-29	-1.0
3600	9	0.613016	0.241809	0.0	1.85267e-29	NAN
3600	10	0.720043	0.276405	1.16091e-28	4.69163e-30	-1.0
3700	1	-0.513515	-0.493875	0.000583993	0.000550647	1.0
3700	2	-0.186704	-0.0876489	2.50544e-30	7.41069e-31	1.0
3700	3	-0.647359	-1.07354	4.44178e-29	9.99401e-29	1.0
3700	4	-0.122749	-0.410145	5.12213e-30	3.99761e-30	1.0
3700	5	0.609786	0.276576	8.34068e-30	1.11045e-29	-1.0
3700	6	-0.11606	0.12995	0.0385126	0.0776499	1.0
3700	7	0.671083	0.262368	2.4183e-30	2.24865e-30	1.0
3700	8	-0.30425	-0.705991	1.23383e-32	1.97413e-29	-1.0
3700	9	0.613016	0.241809	0.0	1.85267e-29	NAN
3700	10	0.720505	0.277216	3.52477e-05	0.000108924	1.0
3800	1	-0.520875	-0.500998	3.82442e-07	1.84037e-06	1.0
3800	2	-0.186704	-0.0876489	2.50544e-30	7.41069e-31	1.0
3800	3	-0.647359	-1.07354	4.44178e-29	9.99401e-29	1.0
3800	4	0.238827	-0.130457	2.96427e-30	4.10942e-30	1.0
3800	5	0.609786	0.276576	8.34068e-30	1.11045e-29	-1.0
3800	6	-0.147981	-0.0743934	0.039626	0.0796886	0.999129
3800	7	0.671083	0.262368	2.4183e-30	2.24865e-30	1.0
3800	8	-0.30425	-0.705991	1.23383e-32	1.97413e-29	-1.0
3800	9	0.613016	0.241809	0.0	1.85267e-29	NAN
3800	10	0.720043	0.276405	1.16091e-28	4.69163e-30	-1.0
3900	1	-0.520895	-0.501041	1.97413e-29	1.11045e-29	-1.0
3900	2	-0.186704	-0.0876489	2.50544e-30	7.41069e-31	1.0
3900	3	-0.647359	-1.07354	4.44178e-29	9.99401e-29	1.0
3900	4	0.238827	-0.130457	2.96427e-30	4.10942e-30	1.0
3900	5	0.609786	0.276576	8.34068e-30	1.11045e-29	-1.0
3900	6	-0.131982	-0.0534447	0.0390201	0.0786729	1.0
3900	7	0.671083	0.262368	2.4183e-30	2.24865e-30	1.0
3900	8	-0.30425	-0.705991	1.23383e-32	1.97413e-29	-1.0
3900	9	0.613016	0.241809	0.0	1.85267e-29	NAN
3900	10	0.720043	0.276405	1.16091e-28	4.69163e-30	-1.0
4000	1	-0.449527	-0.470364	0.000148554	2.74474e-05	1.0
4000	2	-0.186704	-0.0876489	2.50544e-30	7.41069e-31	1.0
4000	3	-0.647359	-1.07354	4.44178e-29	9.99401e-29	1.0
4000	4	0.593574	0.214213	0.00139036	0.00131249	1.0
4000	5	0.609786	0.276576	8.34068e-30	1.11045e-29	-1.0
4000	6	-0.0127983	0.115789	0.0362844	0.0731572	1.0
4000	7	0.624627	0.0549714	7.02068e-06	0.000139927	1.0
4000	8	-0.30425	-0.705991	1.23383e-32	1.97413e-29	-1.0
4000	9	0.613016	0.241809	0.0	1.85267e-29	NAN
4000	10	0.720043	0.276405	1.16091e-28	4.69163e-30	-1.0
4100	1	-0.238459	-0.42523	1.88601e-07	3.008e-05	1.0
4100	2	-0.186704	-0.0876489	2.50544e-30	7.41069e-31	1.0
4100	3	-0.647359	-1.07354	4.44178e-29	9.99401e-29	1.0
4100	4	0.600814	0.221247	3.56577e-30	9.50125e-30	-1.0
4100	5	0.609786	0.276576	8.34068e-30	1.11045e-29	-1.0
4100	6	-0.00597156	0.125483	0.0368818	0.0743617	1.0
4100	7	0.624323	0.0536145	7.1266e-29	9.17853e-31	-1.0
4100	8	-0.30425	-0.705991	1.23383e-32	1.97413e-29	-1.0
4100	9	0.613016	0.241809	0.0	1.85267e-29	NAN
4100	10	0.720043	0.276405	1.16091e-28	4.69163e-30	-1.0
4200	1	-0.23851	-0.425883	2.24865e-30	7.60316e-29	-1.0
4200	2	-0.365459	-0.276852	0.00498313	0.00558272	1.0
4200	3	-0.647359	-1.07354	4.44178e-29	9.99401e-29	1.0
4200	4	0.600814	0.221247	3.56577e-30	9.50125e-30	-1.0
4200	5	0.609786	0.276576	8.34068e-30	1.11045e-29	-1.0
4200	6	0.239335	0.320265	0.0393541	0.0793464	1.0
4200	7	0.624323	0.0536145	7.1266e-29	9.17853e-31	-1.0
4200	8	-0.30425	-0.705991	1.23383e-32	1.97413e-29	-1.0
4200	9	0.205612	-0.230563	1.73507e-31	4.10942e-30	-1.0
4200	10	0.720043	0.276405	1.16091e-28	4.69163e-30	-1.0
4300	1	-0.23851	-0.425883	2.24865e-30	7.60316e-29	-1.0
4300	2	-0.493568	-0.45494	2.64784e-05	7.14418e-05	1.0
4300	3	-0.647359	-1.07354	4.44178e-29	9.99401e-29	1.0
4300	4	0.600814	0.221247	3.56577e-30	9.50125e-30	-1.0
4300	5	0.609786	0.276576	8.34068e-30	1.11045e-29	-1.0
4300	6	0.265789	0.357828	0.0397664	0.0801777	1.0
4300	7	0.624323	0.0536145	7.1266e-29	9.17853e-31	-1.0
4300	8	-0.30425	-0.705991	1.23383e-32	1.97413e-29	-1.0
4300	9	0.210307	-0.227261	0.000689552	0.000341224	1.0
4300	10	0.720043	0.276405	1.16091e-28	4.69163e-30	-1.0
4400	1	-0.23851	-0.425883	2.24865e-30	7.60316e-29	-1.0
4400	2	-0.494303	-0.456147	7.70033e-29	1.59904e-29	1.0
4400	3	-0.647359	-1.07354	4.44178e-29	9.99401e-29	1.0
4400	4	0.600814	0.221247	3.56577e-30	9.50125e-30	-1.0
4400	5	0.609786	0.276576	8.34068e-30	1.11045e-29	-1.0
4400	6	0.300207	0.4067	0.0377929	0.0761986	1.0
4400	7	0.624323	0.0536145	7.1266e-29	9.17853e-31	-1.0
4400	8	-0.283537	-0.660738	7.51517e-07	3.58726e-06	1.0
4400	9	0.50212	-0.0219835	0.000923627	0.000457055	1.0
4400	10	0.720043	0.276405	1.16091e-28	4.69163e-30	-1.0
4500	1	-0.23851	-0.425883	2.24865e-30	7.60316e-29	-1.0
4500	2	-0.494303	-0.456147	7.70033e-29	1.59904e-29	1.0
4500	3	-0.647359	-1.07354	4.44178e-29	9.99401e-29	1.0
4500	4	0.600814	0.221247	3.56577e-30	9.50125e-30	-1.0
4500	5	0.582825	-0.161862	7.89651e-31	1.03765e-29	-1.0
4500	6	0.215157	0.285934	0.0384206	0.0774644	1.0
4500	7	0.733398	0.17892	0.00635172	0.00838258	1.0
4500	8	-0.283464	-0.660579	1.87665e-29	1.18571e-29	-1.0
4500	9	0.508481	-0.0175094	6.39617e-29	3.01228e-32	1.0
4500	10	0.720043	0.276405	1.16091e-28	4.69163e-30	-1.0
4600	1	-0.248394	-0.42715	0.000252244	4.14736e-06	1.0
4600	2	-0.635265	-0.524335	0.00675916	0.0015816	1.0
4600	3	-0.647801	-1.07492	1.20483e-05	0.000117346	1.0
4600	4	0.600814	0.221247	3.56577e-30	9.50125e-30	-1.0
4600	5	0.582825	-0.161862	7.89651e-31	1.03765e-29	-1.0
4600	6	0.230233	0.30734	0.0405865	0.0818311	1.0
4600	7	0.861701	0.326314	9.1254e-29	3.02319e-29	-1.0
4600	8	-0.283464	-0.660579	1.87665e-29	1.18571e-29	-1.0
4600	9	0.508481	-0.0175094	6.39617e-29	3.01228e-32	1.0
4600	10	0.720043	0.276405	1.16091e-28	4.69163e-30	-1.0
4700	1	-0.219296	-0.468248	5.30025e-06	8.70638e-07	-1.0
4700	2	-0.743808	-0.74815	4.65649e-06	0.000647143	1.0
4700	3	-0.647359	-1.07354	4.44178e-29	9.99401e-29	1.0
4700	4	0.600814	0.221247	3.56577e-30	9.50125e-30	-1.0
4700	5	0.582825	-0.161862	7.89651e-31	1.03765e-29	-1.0
4700	6	0.200081	0.264527	0.0408213	0.0823047	1.0
4700	7	0.861701	0.326314	9.1254e-29	3.02319e-29	-1.0
4700	8	-0.283464	-0.660579	1.87665e-29	1.18571e-29	-1.0
4700	9	0.508481	-0.0175094	6.39617e-29	3.01228e-32	1.0
4700	10	0.720043	0.276405	1.16091e-28	4.69163e-30	-1.0
4800	1	-0.21917	-0.468299	5.18517e-30	7.10686e-30	1.0
4800	2	-0.744431	-0.755496	2.08517e-30	8.91441e-29	1.0
4800	3	-0.645307	-1.07233	0.000178994	6.23955e-05	1.0
4800	4	0.600814	0.221247	3.56577e-30	9.50125e-30	-1.0
4800	5	0.582825	-0.161862	7.89651e-31	1.03765e-29	-1.0
4800	6	0.250713	0.336421	0.0407795	0.0822204	1.0
4800	7	0.861701	0.326314	9.1254e-29	3.02319e-29	-1.0
4800	8	-0.283464	-0.660579	1.87665e-29	1.18571e-29	-1.0
4800	9	0.508481	-0.0175094	6.39617e-29	3.01228e-32	1.0
4800	10	0.720043	0.276405	1.16091e-28	4.69163e-30	-1.0
4900	1	-0.21917	-0.468299	5.18517e-30	7.10686e-30	1.0
4900	2	-0.744431	-0.755496	2.08517e-30	8.91441e-29	1.0
4900	3	-0.468948	-0.968201	4.89707e-29	6.94029e-29	-1.0
4900	4	0.600814	0.221247	3.56577e-30	9.50125e-30	-1.0
4900	5	0.582825	-0.161862	7.89651e-31	1.03765e-29	-1.0
4900	6	0.214019	0.284318	0.0400878	0.0808257	1.0
4900	7	0.861701	0.326314	9.1254e-29	3.02319e-29	-1.0
4900	8	-0.283463	-0.660823	2.10535e-10	4.52464e-06	-1.0
4900	9	0.508481	-0.0175094	6.39617e-29	3.01228e-32	1.0
4900	10	0.720043	0.276405	1.16091e-28	4.69163e-30	-1.0
5000	1	-0.21917	-0.468299	5.18517e-30	7.10686e-30	1.0
5000	2	-0.744431	-0.755496	2.08517e-30	8.91441e-29	1.0
5000	3	-0.468948	-0.968201	4.89707e-29	6.94029e-29	-1.0
5000	4	0.60007	0.220389	7.86019e-05	0.000104633	1.0
5000	5	0.582825	-0.161862	7.89651e-31	1.03765e-29	-1.0
5000	6	0.244081	0.249267	0.0387718	0.0781724	1.0
5000	7	0.861701	0.326314	9.1254e-29	3.02319e-29	-1.0
5000	8	-0.187791	-0.661352	0.0108578	0.001612	1.0
5000	9	0.508481	-0.0175094	6.39617e-29	3.01228e-32	1.0
5000	10	0.720043	0.276405	1.16091e-28	4.69163e-30	-1.0
5100	1	-0.21917	-0.468299	5.18517e-30	7.10686e-30	1.0
5100	2	-0.90607	-0.816889	4.57675e-05	6.60233e-06	1.0
5100	3	-0.468948	-0.968201	4.89707e-29	6.94029e-29	-1.0
5100	4	0.388242	-0.0240109	2.77612e-30	4.34973e-33	-1.0
5100	5	0.582825	-0.161862	7.89651e-31	1.03765e-29	-1.0
5100	6	0.241805	0.246036	0.0391126	0.0788596	1.0
5100	7	0.861525	0.326173	3.1017e-05	1.97388e-05	1.0
5100	8	0.039148	-0.57391	4.81964e-35	1.77671e-30	-1.0
5100	9	0.508481	-0.0175094	6.39617e-29	3.01228e-32	1.0
5100	10	0.720043	0.276405	1.16091e-28	4.69163e-30	-1.0
5200	1	-0.21917	-0.468299	5.18517e-30	7.10686e-30	1.0
5200	2	-0.906638	-0.817104	8.91441e-29	9.33885e-29	1.0
5200	3	-0.468948	-0.968201	4.89707e-29	6.94029e-29	-1.0
5200	4	0.388242	-0.0240109	2.77612e-30	4.34973e-33	-1.0
5200	5	0.582825	-0.161862	7.89651e-31	1.03765e-29	-1.0
5200	6	0.30666	0.338125	0.0410493	0.0827644	1.0
5200	7	0.861701	0.326314	9.1254e-29	3.02319e-29	-1.0
5200	8	0.039148	-0.57391	4.81964e-35	1.77671e-30	-1.0
5200	9	0.390056	-0.131934	5.53866e-29	1.24378e-29	-1.0
5200	10	0.720043	0.276405	1.16091e-28	4.69163e-30	-1.0
5300	1	-0.21917	-0.468299	5.18517e-30	7.10686e-30	1.0
5300	2	-0.906638	-0.817104	8.91441e-29	9.33885e-29	1.0
5300	3	-0.468948	-0.968201	4.89707e-29	6.94029e-29	-1.0
5300	4	0.388242	-0.0240109	2.77612e-30	4.34973e-33	-1.0
5300	5	0.582825	-0.161862	7.89651e-31	1.03765e-29	-1.0
5300	6	0.265699	0.279963	0.0400385	0.0807264	1.0
5300	7	0.861701	0.326314	9.1254e-29	3.02319e-29	-1.0
5300	8	0.0721054	-0.561394	0.00285546	0.000411771	1.0
5300	9	0.390056	-0.131934	5.53866e-29	1.24378e-29	-1.0
5300	10	0.720043	0.276405	1.16091e-28	4.69163e-30	-1.0
5400	1	-0.21917	-0.468299	5.18517e-30	7.10686e-30	1.0
5400	2	-0.906638	-0.817104	8.91441e-29	9.33885e-29	1.0
5400	3	-0.468948	-0.968201	4.89707e-29	6.94029e-29	-1.0
5400	4	0.318864	-0.208599	0.000722956	0.00511773	1.0
5400	5	0.582825	-0.161862	7.89651e-31	1.03765e-29	-1.0
5400	6	0.272241	0.289253	0.0409856	0.0826358	1.0
5400	7	0.861701	0.326314	9.1254e-29	3.02319e-29	-1.0
5400	8	0.253157	-0.492641	1.30323e-29	5.13304e-29	1.0
5400	9	0.435665	-0.0585971	0.00231587	0.00598779	1.0
5400	10	0.720043	0.276405	1.16091e-28	4.69163e-30	-1.0
5500	1	-0.21917	-0.468299	5.18517e-30	7.10686e-30	1.0
5500	2	-0.906638	-0.817104	8.91441e-29	9.33885e-29	1.0
5500	3	-0.568175	-1.11986	3.56577e-30	8.4695e-28	1.0
5500	4	0.2982	-0.263581	1.22427e-29	5.70337e-30	1.0
5500	5	0.582825	-0.161862	7.89651e-31	1.03765e-29	-1.0
5500	6	0.244934	0.250479	0.0378314	0.0762764	1.0
5500	7	0.861701	0.326314	9.1254e-29	3.02319e-29	-1.0
5500	8	0.253157	-0.492641	1.30323e-29	5.13304e-29	1.0
5500	9	0.534471	0.10028	1.04383e-05	2.69887e-05	1.0
5500	10	1.09261	0.480677	0.00121538	0.000365358	1.0
5600	1	-0.21917	-0.468299	5.18517e-30	7.10686e-30	1.0
5600	2	-0.906638	-0.817104	8.91441e-29	9.33885e-29	1.0
5600	3	-0.531294	-1.10255	0.00198865	0.000437981	1.0
5600	4	0.2982	-0.263581	1.22427e-29	5.70337e-30	1.0
5600	5	0.582825	-0.161862	7.89651e-31	1.03765e-29	-1.0
5600	6	0.281059	0.301774	0.0398798	0.0804063	1.0
5600	7	0.861701	0.326314	9.1254e-29	3.02319e-29	-1.0
5600	8	0.253157	-0.492641	1.30323e-29	5.13304e-29	1.0
5600	9	0.534616	0.100513	1.33451e-28	3.41019e-30	1.0
5600	10	1.09925	0.484315	1.18497e-28	7.89651e-29	-1.0
5700	1	-0.21917	-0.468299	5.18517e-30	7.10686e-30	1.0
5700	2	-0.906638	-0.817104	8.91441e-29	9.33885e-29	1.0
5700	3	-0.123428	-0.826844	0.00483891	0.00717365	0.975351
5700	4	0.2982	-0.263581	1.22427e-29	5.70337e-30	1.0
5700	5	0.582825	-0.161862	7.89651e-31	1.03765e-29	-1.0
5700	6	0.27025	0.286426	0.0388049	0.0782391	1.0
5700	7	0.861701	0.326314	9.1254e-29	3.02319e-29	-1.0
5700	8	0.253157	-0.492641	1.30323e-29	5.13304e-29	1.0
5700	9	0.534616	0.100513	1.33451e-28	3.41019e-30	1.0
5700	10	1.12571	0.503558	8.7823e-05	4.64472e-05	1.0
5800	1	-0.21917	-0.468299	5.18517e-30	7.10686e-30	1.0
5800	2	-0.906638	-0.817104	8.91441e-29	9.33885e-29	1.0
5800	3	-0.0714301	-0.766872	8.50185e-32	6.75645e-29	-1.0
5800	4	0.253636	-0.266611	0.00159459	7.37303e-06	1.0
5800	5	0.582825	-0.161862	7.89651e-31	1.03765e-29	-1.0
5800	6	0.219618	0.214532	0.0360609	0.0727065	1.0
5800	7	0.861701	0.326314	9.1254e-29	3.02319e-29	-1.0
5800	8	0.253157	-0.492641	1.30323e-29	5.13304e-29	1.0
5800	9	0.534616	0.100513	1.33451e-28	3.41019e-30	1.0
5800	10	1.13228	0.508339	5.97173e-30	1.42631e-29	-1.0
5900	1	-0.21917	-0.468299	5.18517e-30	7.10686e-30	1.0
5900	2	-0.906638	-0.817104	8.91441e-29	9.33885e-29	1.0
5900	3	-0.0714301	-0.766872	8.50185e-32	6.75645e-29	-1.0
5900	4	0.179204	-0.271672	2.59413e-30	3.08457e-31	1.0
5900	5	0.582825	-0.161862	7.89651e-31	1.03765e-29	-1.0
5900	6	0.239684	0.241913	0.0381954	0.0769963	0.999971
5900	7	0.861701	0.326314	9.1254e-29	3.02319e-29	-1.0
5900	8	0.253157	-0.492641	1.30323e-29	5.13304e-29	1.0
5900	9	0.534616	0.100513	1.33451e-28	3.41019e-30	1.0
5900	10	1.06198	0.342822	2.47388e-06	1.37115e-05	1.0
6000	1	0.161227	-0.0941114	1.56156e-30	5.21293e-31	1.0
6000	2	-0.906638	-0.817104	8.91441e-29	9.33885e-29	1.0
6000	3	-0.0714301	-0.766872	8.50185e-32	6.75645e-29	-1.0
6000	4	0.179204	-0.271672	2.59413e-30	3.08457e-31	1.0
6000	5	0.416189	-0.319025	0.00296736	0.00263959	1.0
6000	6	0.281201	0.292803	0.0379289	0.076473	1.0
6000	7	0.861701	0.326314	9.1254e-29	3.02319e-29	-1.0
6000	8	0.253157	-0.492641	1.30323e-29	5.13304e-29	1.0
6000	9	0.534616	0.100513	1.33451e-28	3.41019e-30	1.0
6000	10	1.0619	0.342657	2.21546e-28	6.94029e-31	1.0
6100	1	0.161227	-0.0941114	1.56156e-30	5.21293e-31	1.0
6100	2	-0.906638	-0.817104	8.91441e-29	9.33885e-29	1.0
6100	3	0.0611651	-0.696365	4.07935e-31	9.1254e-29	-1.0
6100	4	0.179204	-0.271672	2.59413e-30	3.08457e-31	1.0
6100	5	0.422193	-0.204836	8.9696e-06	0.000110293	1.0
6100	6	0.328988	0.360658	0.0395877	0.0798173	1.0
6100	7	0.861701	0.326314	9.1254e-29	3.02319e-29	-1.0
6100	8	0.0416621	-0.571908	0.00507423	0.000712774	1.0
6100	9	0.534616	0.100513	1.33451e-28	3.41019e-30	1.0
6100	10	1.0619	0.342657	2.21546e-28	6.94029e-31	1.0
6200	1	0.161227	-0.0941114	1.56156e-30	5.21293e-31	1.0
6200	2	-0.931743	-0.853783	0.0036042	0.00769348	1.0
6200	3	0.0611651	-0.696365	4.07935e-31	9.1254e-29	-1.0
6200	4	0.179204	-0.271672	2.59413e-30	3.08457e-31	1.0
6200	5	0.422621	-0.203337	6.94029e-31	6.95957e-30	-1.0
6200	6	0.317042	0.343694	0.0392776	0.0791922	1.0
6200	7	0.766384	0.235314	0.00787379	0.00717664	1.0
6200	8	-0.00634602	-0.589901	8.46149e-33	6.21973e-29	-1.0
6200	9	0.534616	0.100513	1.33451e-28	3.41019e-30	1.0
6200	10	1.0619	0.342657	2.21546e-28	6.94029e-31	1.0
6300	1	0.0484957	-0.187687	3.18024e-06	2.1913e-06	1.0
6300	2	-1.20199	-1.24862	6.04576e-29	6.75645e-29	1.0
6300	3	0.0611651	-0.696365	4.07935e-31	9.1254e-29	-1.0
6300	4	0.179204	-0.271672	2.59413e-30	3.08457e-31	1.0
6300	5	0.422621	-0.203337	6.94029e-31	6.95957e-30	-1.0
6300	6	0.344349	0.382469	0.0411631	0.0829938	1.0
6300	7	0.600247	0.0767483	0.000225463	0.000216334	1.0
6300	8	-0.00634602	-0.589901	8.46149e-33	6.21973e-29	-1.0
6300	9	0.534616	0.100513	1.33451e-28	3.41019e-30	1.0
6300	10	1.0619	0.342657	2.21546e-28	6.94029e-31	1.0
6400	1	0.0484394	-0.187734	6.59809e-32	1.63174e-30	1.0
6400	2	-1.20199	-1.24862	6.04576e-29	6.75645e-29	1.0
6400	3	0.0611651	-0.696365	4.07935e-31	9.1254e-29	-1.0
6400	4	0.179204	-0.271672	2.59413e-30	3.08457e-31	1.0
6400	5	0.422621	-0.203337	6.94029e-31	6.95957e-30	-1.0
6400	6	0.305948	0.327942	0.0390116	0.0786558	1.0
6400	7	1.02828	0.505085	0.00132023	0.00129034	0.999825
6400	8	-0.00634602	-0.589901	8.46149e-33	6.21973e-29	-1.0
6400	9	0.534616	0.100513	1.33451e-28	3.41019e-30	1.0
6400	10	1.32284	0.462508	3.73554e-28	7.79811e-29	1.0
6500	1	0.0483609	-0.187805	6.15986e-06	5.04308e-06	1.0
6500	2	-1.20199	-1.24862	6.04576e-29	6.75645e-29	1.0
6500	3	0.0517236	-0.697807	0.000612718	1.4285e-05	1.0
6500	4	0.179204	-0.271672	2.59413e-30	3.08457e-31	1.0
6500	5	0.422621	-0.203337	6.94029e-31	6.95957e-30	-1.0
6500	6	0.300259	0.319864	0.0375958	0.0758013	1.0
6500	7	1.09316	0.58994	0.00163994	0.00312278	1.0
6500	8	-0.00634602	-0.589901	8.46149e-33	6.21973e-29	-1.0
6500	9	0.534616	0.100513	1.33451e-28	3.41019e-30	1.0
6500	10	1.32284	0.462508	3.73554e-28	7.79811e-29	1.0
6600	1	0.0484394	-0.187734	6.59809e-32	1.63174e-30	1.0
6600	2	-1.20199	-1.24862	6.04576e-29	6.75645e-29	1.0
6600	3	-0.0829795	-0.718374	9.33083e-32	2.17647e-29	-1.0
6600	4	0.179204	-0.271672	2.59413e-30	3.08457e-31	1.0
6600	5	0.422621	-0.203337	6.94029e-31	6.95957e-30	-1.0
6600	6	0.301966	0.322288	0.0376224	0.0758549	1.0
6600	7	1.15714	0.678219	1.26344e-29	7.71143e-30	-1.0
6600	8	-0.00634602	-0.589901	8.46149e-33	6.21973e-29	-1.0
6600	9	0.534616	0.100513	1.33451e-28	3.41019e-30	1.0
6600	10	1.32284	0.462508	3.73554e-28	7.79811e-29	1.0
6700	1	0.0484394	-0.187734	6.59809e-32	1.63174e-30	1.0
6700	2	-1.00768	-1.18876	9.55477e-29	7.34572e-28	-1.0
6700	3	-0.0829795	-0.718374	9.33083e-32	2.17647e-29	-1.0
6700	4	0.179204	-0.271672	2.59413e-30	3.08457e-31	1.0
6700	5	0.422621	-0.203337	6.94029e-31	6.95957e-30	-1.0
6700	6	0.317326	0.344098	0.0411627	0.082993	1.0
6700	7	0.917614	0.474096	0.00190444	0.00138311	1.0
6700	8	-0.00634602	-0.589901	8.46149e-33	6.21973e-29	-1.0
6700	9	0.572485	0.0478457	8.25314e-06	1.59632e-05	-1.0
6700	10	1.32284	0.462508	3.73554e-28	7.79811e-29	1.0
6800	1	0.311009	-0.0381683	0.0100394	0.00325748	1.0
6800	2	-0.663943	-1.01645	3.04127e-28	4.26855e-28	1.0
6800	3	-0.0829795	-0.718374	9.33083e-32	2.17647e-29	-1.0
6800	4	0.179204	-0.271672	2.59413e-30	3.08457e-31	1.0
6800	5	0.422621	-0.203337	6.94029e-31	6.95957e-30	-1.0
6800	6	0.346055	0.384892	0.0399051	0.0804575	1.0
6800	7	0.900825	0.459789	1.11045e-31	4.44178e-31	1.0
6800	8	-0.00634602	-0.589901	8.46149e-33	6.21973e-29	-1.0
6800	9	0.572926	0.0472329	1.11045e-29	2.36163e-33	1.0
6800	10	1.32284	0.462508	3.73554e-28	7.79811e-29	1.0
6900	1	0.387422	0.00542214	3.33241e-05	2.82641e-05	1.0
6900	2	-0.663943	-1.01645	3.04127e-28	4.26855e-28	1.0
6900	3	-0.0829795	-0.718374	9.33083e-32	2.17647e-29	-1.0
6900	4	0.179204	-0.271672	2.59413e-30	3.08457e-31	1.0
6900	5	0.422621	-0.203337	6.94029e-31	6.95957e-30	-1.0
6900	6	0.285752	0.299265	0.0385924	0.0778107	1.0
6900	7	0.900825	0.459789	1.11045e-31	4.44178e-31	1.0
6900	8	-0.00634602	-0.589901	8.46149e-33	6.21973e-29	-1.0
6900	9	0.572926	0.0472329	1.11045e-29	2.36163e-33	1.0
6900	10	1.32284	0.462508	3.73554e-28	7.79811e-29	1.0
7000	1	0.387239	0.00525402	4.89707e-29	8.1452e-33	-1.0
7000	2	-0.663943	-1.01645	3.04127e-28	4.26855e-28	1.0
7000	3	0.283656	-0.308865	1.23383e-32	2.78383e-29	-1.0
7000	4	0.179204	-0.271672	2.59413e-30	3.08457e-31	1.0
7000	5	0.423887	-0.202169	0.000105409	8.96607e-05	1.0
7000	6	0.221467	0.207984	0.0302363	0.060963	1.0
7000	7	0.889772	0.446745	0.0011942	0.00166308	1.0
7000	8	-0.00634602	-0.589901	8.46149e-33	6.21973e-29	-1.0
7000	9	0.572926	0.0472329	1.11045e-29	2.36163e-33	1.0
7000	10	1.32284	0.462508	3.73554e-28	7.79811e-29	1.0
7100	1	0.387239	0.00525402	4.89707e-29	8.1452e-33	-1.0
7100	2	-0.665899	-1.01827	0.000379045	0.00032955	1.0
7100	3	0.283385	-0.298605	4.63581e-07	0.000664344	-1.0
7100	4	0.179204	-0.271672	2.59413e-30	3.08457e-31	1.0
7100	5	0.589946	-0.0490161	0.000126105	0.000107265	1.0
7100	6	0.243654	0.239488	0.0336266	0.0677986	1.0
7100	7	0.684061	0.204014	1.39271e-06	2.63036e-07	1.0
7100	8	-0.00634602	-0.589901	8.46149e-33	6.21973e-29	-1.0
7100	9	0.572926	0.0472329	1.11045e-29	2.36163e-33	1.0
7100	10	0.807626	0.108558	7.31537e-29	1.96661e-30	-1.0
7200	1	0.387239	0.00525402	4.89707e-29	8.1452e-33	-1.0
7200	2	-0.663943	-1.01645	3.04127e-28	4.26855e-28	1.0
7200	3	0.279993	-0.170216	1.78165e-29	2.16614e-30	1.0
7200	4	0.179204	-0.271672	2.59413e-30	3.08457e-31	1.0
7200	5	0.664637	0.0302549	3.73233e-29	4.48347e-32	1.0
7200	6	0.255601	0.256452	0.034558	0.0696765	1.0
7200	7	0.684098	0.20403	3.08457e-31	2.68435e-30	-1.0
7200	8	-0.00634602	-0.589901	8.46149e-33	6.21973e-29	-1.0
7200	9	0.572926	0.0472329	1.11045e-29	2.36163e-33	1.0
7200	10	0.807626	0.108558	7.31537e-29	1.96661e-30	-1.0
7300	1	0.387239	0.00525402	4.89707e-29	8.1452e-33	-1.0
7300	2	-0.663943	-1.01645	3.04127e-28	4.26855e-28	1.0
7300	3	0.279993	-0.170216	1.78165e-29	2.16614e-30	1.0
7300	4	0.179204	-0.271672	2.59413e-30	3.08457e-31	1.0
7300	5	0.664637	0.0302549	3.73233e-29	4.48347e-32	1.0
7300	6	0.272952	0.28109	0.0376736	0.0759581	1.0
7300	7	0.684098	0.20403	3.08457e-31	2.68435e-30	-1.0
7300	8	-0.00634602	-0.589901	8.46149e-33	6.21973e-29	-1.0
7300	9	0.572926	0.0472329	1.11045e-29	2.36163e-33	1.0
7300	10	0.807626	0.108558	7.31537e-29	1.96661e-30	-1.0
7400	1	0.387239	0.00525402	4.89707e-29	8.1452e-33	-1.0
7400	2	-0.663943	-1.01645	3.04127e-28	4.26855e-28	1.0
7400	3	0.279993	-0.170216	1.78165e-29	2.16614e-30	1.0
7400	4	0.179204	-0.271672	2.59413e-30	3.08457e-31	1.0
7400	5	0.504123	-0.135412	0.000901464	0.000960277	1.0
7400	6	0.281494	0.259864	0.0364789	0.0735493	1.0
7400	7	0.68634	0.203894	8.7695e-05	3.20922e-07	-1.0
7400	8	-0.00634602	-0.589901	8.46149e-33	6.21973e-29	-1.0
7400	9	0.572926	0.0472329	1.11045e-29	2.36163e-33	1.0
7400	10	0.807626	0.108558	7.31537e-29	1.96661e-30	-1.0
7500	1	0.387239	0.00525402	4.89707e-29	8.1452e-33	-1.0
7500	2	-0.663943	-1.01645	3.04127e-28	4.26855e-28	1.0
7500	3	0.280005	-0.170152	1.45235e-07	4.03688e-06	1.0
7500	4	0.179204	-0.271672	2.59413e-30	3.08457e-31	1.0
7500	5	0.493172	-0.146754	1.33393e-05	6.4765e-06	1.0
7500	6	0.353459	0.36205	0.0368377	0.0742729	1.0
7500	7	0.761405	0.199353	2.17647e-29	4.93532e-32	1.0
7500	8	-0.00634602	-0.589901	8.46149e-33	6.21973e-29	-1.0
7500	9	0.572926	0.0472329	1.11045e-29	2.36163e-33	1.0
7500	10	0.807626	0.108558	7.31537e-29	1.96661e-30	-1.0
7600	1	0.387239	0.00525402	4.89707e-29	8.1452e-33	-1.0
7600	2	-0.663943	-1.01645	3.04127e-28	4.26855e-28	1.0
7600	3	0.162614	-0.364111	1.92786e-30	1.14777e-29	1.0
7600	4	0.179204	-0.271672	2.59413e-30	3.08457e-31	1.0
7600	5	0.724048	0.0141187	3.99761e-30	4.78229e-32	-1.0
7600	6	0.300552	0.286925	0.0396109	0.0798642	1.0
7600	7	0.761405	0.199353	2.17647e-29	4.93532e-32	1.0
7600	8	-0.00634602	-0.589901	8.46149e-33	6.21973e-29	-1.0
7600	9	0.572926	0.0472329	1.11045e-29	2.36163e-33	1.0
7600	10	1.23331	0.409887	1.33451e-28	4.44178e-29	-1.0
7700	1	0.387239	0.00525402	4.89707e-29	8.1452e-33	-1.0
7700	2	-0.663943	-1.01645	3.04127e-28	4.26855e-28	1.0
7700	3	0.162614	-0.364111	1.92786e-30	1.14777e-29	1.0
7700	4	0.179204	-0.271672	2.59413e-30	3.08457e-31	1.0
7700	5	0.724048	0.0141187	3.99761e-30	4.78229e-32	-1.0
7700	6	0.281778	0.260268	0.0390284	0.0786898	1.0
7700	7	0.761464	0.199517	1.7231e-06	1.34087e-05	1.0
7700	8	-0.00634602	-0.589901	8.46149e-33	6.21973e-29	-1.0
7700	9	0.572926	0.0472329	1.11045e-29	2.36163e-33	1.0
7700	10	1.23331	0.409887	1.33451e-28	4.44178e-29	-1.0
7800	1	0.387239	0.00525402	4.89707e-29	8.1452e-33	-1.0
7800	2	-0.993511	-1.40276	0.009094	0.0108946	1.0
7800	3	0.162614	-0.364111	1.92786e-30	1.14777e-29	1.0
7800	4	0.179204	-0.271672	2.59413e-30	3.08457e-31	1.0
7800	5	0.227441	-0.503652	8.66456e-30	9.33885e-29	1.0
7800	6	0.268694	0.241688	0.0348084	0.0701813	1.0
7800	7	0.761405	0.199353	2.17647e-29	4.93532e-32	1.0
7800	8	-0.00634602	-0.589901	8.46149e-33	6.21973e-29	-1.0
7800	9	0.572926	0.0472329	1.11045e-29	2.36163e-33	1.0
7800	10	1.23331	0.409887	1.33451e-28	4.44178e-29	-1.0
7900	1	0.387239	0.00525402	4.89707e-29	8.1452e-33	-1.0
7900	2	-1.29923	-1.73738	3.65016e-28	3.31851e-28	-1.0
7900	3	0.162614	-0.364111	1.92786e-30	1.14777e-29	1.0
7900	4	0.129055	-0.294592	3.56577e-30	2.59413e-30	1.0
7900	5	0.227441	-0.503652	8.66456e-30	9.33885e-29	1.0
7900	6	0.331841	0.331354	0.0396077	0.0798577	1.0
7900	7	0.725925	0.153056	0.00064981	0.00110644	1.0
7900	8	-0.00634602	-0.589901	8.46149e-33	6.21973e-29	-1.0
7900	9	0.572926	0.0472329	1.11045e-29	2.36163e-33	1.0
7900	10	1.23331	0.409887	1.33451e-28	4.44178e-29	-1.0
8000	1	0.387239	0.00525402	4.89707e-29	8.1452e-33	-1.0
8000	2	-1.29923	-1.73738	3.65016e-28	3.31851e-28	-1.0
8000	3	0.169477	-0.359467	0.000518413	0.000237354	1.0
8000	4	0.129055	-0.294592	3.56577e-30	2.59413e-30	1.0
8000	5	0.227441	-0.503652	8.66456e-30	9.33885e-29	1.0
8000	6	0.364008	0.418215	0.0389912	0.078923	0.997723
8000	7	0.688401	0.104092	8.91441e-29	1.49293e-30	-1.0
8000	8	-0.00634602	-0.589901	8.46149e-33	6.21973e-29	-1.0
8000	9	0.572926	0.0472329	1.11045e-29	2.36163e-33	1.0
8000	10	1.23331	0.409887	1.33451e-28	4.44178e-29	-1.0
8100	1	0.387239	0.00525402	4.89707e-29	8.1452e-33	-1.0
8100	2	-1.29923	-1.73738	3.65016e-28	3.31851e-28	-1.0
8100	3	0.316853	-0.259746	2.2286e-29	1.59904e-29	1.0
8100	4	0.129055	-0.294592	3.56577e-30	2.59413e-30	1.0
8100	5	0.227441	-0.503652	8.66456e-30	9.33885e-29	1.0
8100	6	0.345167	0.329419	0.0400827	0.0808154	1.0
8100	7	0.688401	0.104092	8.91441e-29	1.49293e-30	-1.0
8100	8	-0.00634602	-0.589901	8.46149e-33	6.21973e-29	-1.0
8100	9	0.572926	0.0472329	1.11045e-29	2.36163e-33	1.0
8100	10	1.23331	0.409887	1.33451e-28	4.44178e-29	-1.0
8200	1	0.628603	0.158637	5.87426e-29	3.3591e-30	1.0
8200	2	-1.29923	-1.73738	3.65016e-28	3.31851e-28	-1.0
8200	3	0.316853	-0.259746	2.2286e-29	1.59904e-29	1.0
8200	4	0.129055	-0.294592	3.56577e-30	2.59413e-30	1.0
8200	5	0.227441	-0.503652	8.66456e-30	9.33885e-29	1.0
8200	6	0.309611	0.278932	0.0380882	0.0767942	1.0
8200	7	0.688401	0.104092	8.91441e-29	1.49293e-30	-1.0
8200	8	-0.00634602	-0.589901	8.46149e-33	6.21973e-29	-1.0
8200	9	0.572926	0.0472329	1.11045e-29	2.36163e-33	1.0
8200	10	1.23331	0.409887	1.33451e-28	4.44178e-29	-1.0
8300	1	0.628714	0.158709	1.24176e-05	5.17814e-06	1.0
8300	2	-1.29923	-1.73738	3.65016e-28	3.31851e-28	-1.0
8300	3	0.316853	-0.259746	2.2286e-29	1.59904e-29	1.0
8300	4	-0.0875136	-0.538112	0.000187784	0.00023743	1.0
8300	5	0.227441	-0.503652	8.66456e-30	9.33885e-29	1.0
8300	6	0.277469	0.233291	0.039897	0.0804411	1.0
8300	7	0.723018	0.0130405	3.99761e-30	4.05332e-32	1.0
8300	8	-0.00634602	-0.589901	8.46149e-33	6.21973e-29	-1.0
8300	9	0.572926	0.0472329	1.11045e-29	2.36163e-33	1.0
8300	10	1.23331	0.409887	1.33451e-28	4.44178e-29	-1.0
8400	1	0.628603	0.158637	5.87426e-29	3.3591e-30	1.0
8400	2	-1.29923	-1.73738	3.65016e-28	3.31851e-28	-1.0
8400	3	0.316853	-0.259746	2.2286e-29	1.59904e-29	1.0
8400	4	-0.0892601	-0.540076	1.96661e-30	7.1266e-29	-1.0
8400	5	0.227441	-0.503652	8.66456e-30	9.33885e-29	1.0
8400	6	0.313025	0.283779	0.0402919	0.0812372	1.0
8400	7	0.723018	0.0130405	3.99761e-30	4.05332e-32	1.0
8400	8	-0.00634602	-0.589901	8.46149e-33	6.21973e-29	-1.0
8400	9	0.572926	0.0472329	1.11045e-29	2.36163e-33	1.0
8400	10	1.23331	0.409887	1.33451e-28	4.44178e-29	-1.0
8500	1	0.628603	0.158637	5.87426e-29	3.3591e-30	1.0
8500	2	-1.29923	-1.73738	3.65016e-28	3.31851e-28	-1.0
8500	3	0.316853	-0.259746	2.2286e-29	1.59904e-29	1.0
8500	4	-0.0892601	-0.540076	1.96661e-30	7.1266e-29	-1.0
8500	5	0.227441	-0.503652	8.66456e-30	9.33885e-29	1.0
8500	6	0.221717	0.154127	0.0372949	0.0751947	1.0
8500	7	0.723018	0.0130405	3.99761e-30	4.05332e-32	1.0
8500	8	-0.00634602	-0.589901	8.46149e-33	6.21973e-29	-1.0
8500	9	0.572926	0.0472329	1.11045e-29	2.36163e-33	1.0
8500	10	1.23331	0.409887	1.33451e-28	4.44178e-29	-1.0
8600	1	0.711289	0.177216	3.4219e-06	1.72758e-07	1.0
8600	2	-1.29923	-1.73738	3.65016e-28	3.31851e-28	-1.0
8600	3	0.318036	-0.261036	2.96855e-05	3.52726e-05	-1.0
8600	4	-0.0892601	-0.540076	1.96661e-30	7.1266e-29	-1.0
8600	5	0.227441	-0.503652	8.66456e-30	9.33885e-29	1.0
8600	6	0.189574	0.108487	0.0337717	0.0680911	1.0
8600	7	0.723018	0.0130405	3.99761e-30	4.05332e-32	1.0
8600	8	-0.00634602	-0.589901	8.46149e-33	6.21973e-29	-1.0
8600	9	0.572926	0.0472329	1.11045e-29	2.36163e-33	1.0
8600	10	1.20835	0.403266	0.00042638	2.99844e-05	1.0
8700	1	0.711371	0.177234	5.87426e-29	7.41069e-31	-1.0
8700	2	-1.29923	-1.73738	3.65016e-28	3.31851e-28	-1.0
8700	3	0.317308	-0.260242	1.01549e-05	1.20662e-05	-1.0
8700	4	-0.0892601	-0.540076	1.96661e-30	7.1266e-29	-1.0
8700	5	0.227441	-0.503652	8.66456e-30	9.33885e-29	1.0
8700	6	0.26922	0.221578	0.0408018	0.0822653	1.0
8700	7	0.723178	0.0131722	2.55578e-05	1.73434e-05	1.0
8700	8	-0.00634602	-0.589901	8.46149e-33	6.21973e-29	-1.0
8700	9	0.45784	-0.0427769	6.94029e-29	1.1572e-31	1.0
8700	10	1.17463	0.394326	1.28368e-28	1.78165e-29	-1.0
8800	1	0.711371	0.177234	5.87426e-29	7.41069e-31	-1.0
8800	2	-1.29923	-1.73738	3.65016e-28	3.31851e-28	-1.0
8800	3	0.316853	-0.259746	2.2286e-29	1.59904e-29	1.0
8800	4	-0.0892601	-0.540076	1.96661e-30	7.1266e-29	-1.0
8800	5	0.227441	-0.503652	8.66456e-30	9.33885e-29	1.0
8800	6	0.295104	0.258333	0.0393155	0.0792686	1.0
8800	7	0.723018	0.0130405	3.99761e-30	4.05332e-32	1.0
8800	8	0.130536	-0.390749	3.1586e-30	1.26344e-29	1.0
8800	9	0.45784	-0.0427769	6.94029e-29	1.1572e-31	1.0
8800	10	1.17463	0.394326	1.28368e-28	1.78165e-29	-1.0
8900	1	0.711371	0.177234	5.87426e-29	7.41069e-31	-1.0
8900	2	-1.29923	-1.73738	3.65016e-28	3.31851e-28	-1.0
8900	3	0.316853	-0.259746	2.2286e-29	1.59904e-29	1.0
8900	4	-0.0892601	-0.540076	1.96661e-30	7.1266e-29	-1.0
8900	5	0.172439	-0.585972	5.21293e-31	1.02173e-28	-1.0
8900	6	0.227974	0.163013	0.0405285	0.0817142	1.0
8900	7	0.723018	0.0130405	3.99761e-30	4.05332e-32	1.0
8900	8	0.130536	-0.390749	3.1586e-30	1.26344e-29	1.0
8900	9	0.45784	-0.0427769	6.94029e-29	1.1572e-31	1.0
8900	10	1.17463	0.394326	1.28368e-28	1.78165e-29	-1.0
9000	1	0.711371	0.177234	5.87426e-29	7.41069e-31	-1.0
9000	2	-1.29923	-1.73738	3.65016e-28	3.31851e-28	-1.0
9000	3	0.316853	-0.259746	2.2286e-29	1.59904e-29	1.0
9000	4	-0.0892601	-0.540076	1.96661e-30	7.1266e-29	-1.0
9000	5	0.172439	-0.585972	5.21293e-31	1.02173e-28	-1.0
9000	6	0.29226	0.254294	0.0413743	0.0834197	1.0
9000	7	0.723018	0.0130405	3.99761e-30	4.05332e-32	1.0
9000	8	0.130536	-0.390749	3.1586e-30	1.26344e-29	1.0
9000	9	0.45784	-0.0427769	6.94029e-29	1.1572e-31	1.0
9000	10	1.17452	0.39409	1.39488e-05	5.57742e-05	1.0
9100	1	0.711371	0.177234	5.87426e-29	7.41069e-31	-1.0
9100	2	-1.29923	-1.73738	3.65016e-28	3.31851e-28	-1.0
9100	3	0.318299	-0.258548	0.000172398	0.000118222	1.0
9100	4	-0.0892601	-0.540076	1.96661e-30	7.1266e-29	-1.0
9100	5	0.172439	-0.585972	5.21293e-31	1.02173e-28	-1.0
9100	6	0.238784	0.178361	0.0392582	0.079153	1.0
9100	7	0.723018	0.0130405	3.99761e-30	4.05332e-32	1.0
9100	8	0.130536	-0.390749	3.1586e-30	1.26344e-29	1.0
9100	9	0.45784	-0.0427769	6.94029e-29	1.1572e-31	1.0
9100	10	0.938424	-0.0780052	1.23383e-28	8.50185e-32	1.0
9200	1	0.711371	0.177234	5.87426e-29	7.41069e-31	-1.0
9200	2	-1.29923	-1.73738	3.65016e-28	3.31851e-28	-1.0
9200	3	0.316853	-0.259746	2.2286e-29	1.59904e-29	1.0
9200	4	-0.0892601	-0.540076	1.96661e-30	7.1266e-29	-1.0
9200	5	0.172439	-0.585972	5.21293e-31	1.02173e-28	-1.0
9200	6	0.219441	0.150896	0.0369243	0.0744474	1.0
9200	7	0.723018	0.0130405	3.99761e-30	4.05332e-32	1.0
9200	8	0.130536	-0.390749	3.1586e-30	1.26344e-29	1.0
9200	9	0.45784	-0.0427769	6.94029e-29	1.1572e-31	1.0
9200	10	0.938424	-0.0780052	1.23383e-28	8.50185e-32	1.0
9300	1	0.711371	0.177234	5.87426e-29	7.41069e-31	-1.0
9300	2	-1.29924	-1.73737	4.51423e-08	1.37604e-08	-1.0
9300	3	0.316853	-0.259746	2.2286e-29	1.59904e-29	1.0
9300	4	-0.0892601	-0.540076	1.96661e-30	7.1266e-29	-1.0
9300	5	0.32111	-0.46113	1.10626e-05	7.80054e-06	1.0
9300	6	0.242481	0.183612	0.0384971	0.0776185	1.0
9300	7	0.723018	0.0130405	3.99761e-30	4.05332e-32	1.0
9300	8	0.130536	-0.390749	3.1586e-30	1.26344e-29	1.0
9300	9	0.45784	-0.0427769	6.94029e-29	1.1572e-31	1.0
9300	10	0.938424	-0.0780052	1.23383e-28	8.50185e-32	1.0
9400	1	0.711371	0.177234	5.87426e-29	7.41069e-31	-1.0
9400	2	-1.31267	-1.72996	3.99761e-30	3.00265e-28	-1.0
9400	3	0.316853	-0.259746	2.2286e-29	1.59904e-29	1.0
9400	4	-0.0892601	-0.540076	1.96661e-30	7.1266e-29	-1.0
9400	5	0.321259	-0.461005	6.13244e-29	3.33627e-29	-1.0
9400	6	0.320948	0.296279	0.0411023	0.0826561	0.999485
9400	7	0.723018	0.0130405	3.99761e-30	4.05332e-32	1.0
9400	8	0.130479	-0.390747	3.34793e-06	3.40406e-09	-1.0
9400	9	0.45784	-0.0427769	6.94029e-29	1.1572e-31	1.0
9400	10	0.938424	-0.0780052	1.23383e-28	8.50185e-32	1.0
9500	1	0.711371	0.177234	5.87426e-29	7.41069e-31	-1.0
9500	2	-1.31267	-1.72996	3.99761e-30	3.00265e-28	-1.0
9500	3	0.316853	-0.259746	2.2286e-29	1.59904e-29	1.0
9500	4	-0.0892601	-0.540076	1.96661e-30	7.1266e-29	-1.0
9500	5	0.321259	-0.461005	6.13244e-29	3.33627e-29	-1.0
9500	6	0.110021	0.134454	0.0397027	0.0800492	1.0
9500	7	0.723018	0.0130405	3.99761e-30	4.05332e-32	1.0
9500	8	0.130536	-0.390749	3.1586e-30	1.26344e-29	1.0
9500	9	0.45784	-0.0427769	6.94029e-29	1.1572e-31	1.0
9500	10	0.981487	-0.018257	0.00396497	0.00763282	1.0
9600	1	0.711371	0.177234	5.87426e-29	7.41069e-31	-1.0
9600	2	-1.31267	-1.72996	3.99761e-30	3.00265e-28	-1.0
9600	3	0.316853	-0.259746	2.2286e-29	1.59904e-29	1.0
9600	4	-0.0892601	-0.540076	1.96661e-30	7.1266e-29	-1.0
9600	5	0.321259	-0.461005	6.13244e-29	3.33627e-29	-1.0
9600	6	0.218396	0.28834	0.0401001	0.0808505	1.0
9600	7	0.723018	0.0130405	3.99761e-30	4.05332e-32	1.0
9600	8	0.130536	-0.390749	3.1586e-30	1.26344e-29	1.0
9600	9	0.45784	-0.0427769	6.94029e-29	1.1572e-31	1.0
9600	10	1.16809	0.240652	2.08517e-28	4.33768e-30	1.0
9700	1	0.711371	0.177234	5.87426e-29	7.41069e-31	-1.0
9700	2	-1.31267	-1.72996	3.99761e-30	3.00265e-28	-1.0
9700	3	0.316853	-0.259746	2.2286e-29	1.59904e-29	1.0
9700	4	-0.0892601	-0.540076	1.96661e-30	7.1266e-29	-1.0
9700	5	0.321259	-0.461005	6.13244e-29	3.33627e-29	-1.0
9700	6	0.260494	0.348117	0.0367522	0.0741004	1.0
9700	7	0.723018	0.0130405	3.99761e-30	4.05332e-32	1.0
9700	8	0.23021	-0.367344	6.78257e-05	3.0224e-05	1.0
9700	9	0.45784	-0.0427769	6.94029e-29	1.1572e-31	1.0
9700	10	1.16809	0.240652	2.08517e-28	4.33768e-30	1.0
9800	1	0.711371	0.177234	5.87426e-29	7.41069e-31	-1.0
9800	2	-1.31267	-1.72996	3.99761e-30	3.00265e-28	-1.0
9800	3	0.273973	-0.278947	0.00559524	0.00250961	0.992454
9800	4	-0.0892601	-0.540076	1.96661e-30	7.1266e-29	-1.0
9800	5	0.321259	-0.461005	6.13244e-29	3.33627e-29	-1.0
9800	6	0.176866	0.22937	0.0426471	0.0859859	1.0
9800	7	0.723018	0.0130405	3.99761e-30	4.05332e-32	1.0
9800	8	0.228901	-0.368279	4.62248e-05	2.92673e-05	1.0
9800	9	0.45784	-0.0427769	6.94029e-29	1.1572e-31	1.0
9800	10	1.16809	0.240652	2.08517e-28	4.33768e-30	1.0
9900	1	0.711371	0.177234	5.87426e-29	7.41069e-31	-1.0
9900	2	-1.31267	-1.72996	3.99761e-30	3.00265e-28	-1.0
9900	3	0.504671	-0.105479	1.3603e-28	1.81392e-30	-1.0
9900	4	-0.0892601	-0.540076	1.96661e-30	7.1266e-29	-1.0
9900	5	0.386512	-0.501025	3.62176e-05	1.36233e-05	-1.0
9900	6	0.0812916	0.0936602	0.0361043	0.0727941	1.0
9900	7	0.723018	0.0130405	3.99761e-30	4.05332e-32	1.0
9900	8	0.229383	-0.367896	2.93227e-29	3.08457e-33	1.0
9900	9	0.45784	-0.0427769	6.94029e-29	1.1572e-31	1.0
9900	10	1.16809	0.240652	2.08517e-28	4.33768e-30	1.0
10000	1	0.711371	0.177234	5.87426e-29	7.41069e-31	-1.0
10000	2	-1.31267	-1.72996	3.99761e-30	3.00265e-28	-1.0
10000	3	0.504671	-0.105479	1.3603e-28	1.81392e-30	-1.0
10000	4	-0.0892601	-0.540076	1.96661e-30	7.1266e-29	-1.0
10000	5	0.38764	-0.501717	3.1586e-30	1.68899e-28	-1.0
10000	6	0.0690603	0.0762925	0.0336794	0.0679051	1.0
10000	7	0.723018	0.0130405	3.99761e-30	4.05332e-32	1.0
10000	8	0.229383	-0.367896	2.93227e-29	3.08457e-33	1.0
10000	9	0.45784	-0.0427769	6.94029e-29	1.1572e-31	1.0
10000	10	1.16809	0.240652	2.08517e-28	4.33768e-30	1.0
