100	1	0.0	0.0	0.0	0.0	NAN
100	2	0.0	0.0	0.0	0.0	NAN
100	3	0.0	0.0	0.0	0.0	NAN
100	4	0.0	0.0	0.0	0.0	NAN
100	5	0.0	0.0	0.0	0.0	NAN
100	6	0.0	0.0	0.0	0.0	NAN
100	7	0.0	0.0	0.0	0.0	NAN
100	8	0.0	0.0	0.0	0.0	NAN
100	9	0.0114228	0.0543066	3.9182e-07	8.85614e-06	1.0
100	10	0.0	0.0	0.0	0.0	NAN
200	1	0.0	0.0	0.0	0.0	NAN
200	2	-6.46088e-05	1.58012e-05	3.90064e-06	2.18153e-06	0.487645
200	3	0.0	0.0	0.0	0.0	NAN
200	4	0.0	0.0	0.0	0.0	NAN
200	5	0.0	-0.0359359	0.0	8.84368e-05	NAN
200	6	0.0	0.0	0.0	0.0	NAN
200	7	0.0	0.0	0.0	0.0	NAN
200	8	0.0	0.0	0.0	0.0	NAN
200	9	-0.2018	-0.280248	6.48531e-31	1.18571e-29	-1.0
200	10	0.0	0.0	0.0	0.0	NAN
300	1	0.0	0.0	0.0	0.0	NAN
300	2	-0.00437999	0.0799067	1.26591e-33	7.65167e-31	-1.0
300	3	0.0	0.0	0.0	0.0	NAN
300	4	0.0	0.0	0.0	0.0	NAN
300	5	0.0	-0.0408827	0.0	3.40074e-31	NAN
300	6	0.0	0.0	0.0	0.0	NAN
300	7	0.0	0.0	0.0	0.0	NAN
300	8	0.0	0.0	0.0	0.0	NAN
300	9	-0.2018	-0.280248	6.48531e-31	1.18571e-29	-1.0
300	10	0.0	0.0	0.0	0.0	NAN
400	1	0.000329632	-5.88455e-05	1.07678e-05	3.4316e-07	-1.0
400	2	-0.00437999	0.0799067	1.26591e-33	7.65167e-31	-1.0
400	3	0.0	0.0	0.0	0.0	NAN
400	4	0.0	0.0	0.0	0.0	NAN
400	5	0.0	-0.0408827	0.0	3.40074e-31	NAN
400	6	0.0	0.0	0.0	0.0	NAN
400	7	0.0	0.0	0.0	0.0	NAN
400	8	0.251884	0.0	0.00410399	0.0	NAN
400	9	-0.2018	-0.280248	6.48531e-31	1.18571e-29	-1.0
400	10	0.0	0.0	0.0	0.0	NAN
500	1	0.0750849	-0.207797	1.82906e-05	2.95094e-05	0.091349
500	2	-0.00437999	0.0799067	1.26591e-33	7.65167e-31	-1.0
500	3	0.0	0.0	0.0	0.0	NAN
500	4	0.0	0.0	0.0	0.0	NAN
500	5	0.0	-0.0408827	0.0	3.40074e-31	NAN
500	6	0.0	0.0	0.0	0.0	NAN
500	7	0.0	0.0	0.0	0.0	NAN
500	8	0.283653	0.0	5.9597e-29	0.0	NAN
500	9	-0.2018	-0.280248	6.48531e-31	1.18571e-29	-1.0
500	10	0.0	-0.00599858	0.0	0.000128256	NAN
600	1	0.0753331	-0.208047	1.23383e-32	9.16195e-30	1.0
600	2	-0.00437999	0.0799067	1.26591e-33	7.65167e-31	-1.0
600	3	0.0	0.0	0.0	0.0	NAN
600	4	0.286219	0.142161	7.89651e-31	5.3124e-30	1.0
600	5	0.0	-0.0408827	0.0	3.40074e-31	NAN
600	6	0.0	0.0	0.0	0.0	NAN
600	7	0.0	0.0	0.0	0.0	NAN
600	8	0.283653	0.0	5.9597e-29	0.0	NAN
600	9	-0.2018	-0.280248	6.48531e-31	1.18571e-29	-1.0
600	10	0.0	-0.048769	0.0	5.11316e-31	NAN
700	1	0.0753331	-0.208047	1.23383e-32	9.16195e-30	1.0
700	2	-0.0774136	0.0282146	4.16591e-30	3.56461e-31	1.0
700	3	0.0	0.0	0.0	0.0	NAN
700	4	0.286219	0.142161	7.89651e-31	5.3124e-30	1.0
700	5	0.0	-0.0408827	0.0	3.40074e-31	NAN
700	6	0.0	0.0	0.0	0.0	NAN
700	7	0.0	0.0	0.0	0.0	NAN
700	8	0.213539	-0.243152	5.28748e-05	0.000635899	1.0
700	9	-0.2018	-0.493809	6.48531e-31	1.12528e-28	1.0
700	10	0.0	-0.048769	0.0	5.11316e-31	NAN
800	1	0.0661102	-0.224241	0.000600061	0.00184997	1.0
800	2	0.286211	0.31077	1.23383e-32	3.3591e-30	-1.0
800	3	0.0	0.0	0.0	0.0	NAN
800	4	0.286219	0.142161	7.89651e-31	5.3124e-30	1.0
800	5	0.0	-0.206699	0.0	4.10942e-30	NAN
800	6	0.0	0.0	0.0	0.0	NAN
800	7	0.0	0.0	0.0	0.0	NAN
800	8	0.208661	-0.252822	2.89951e-05	4.87718e-05	1.0
800	9	-0.2018	-0.493809	6.48531e-31	1.12528e-28	1.0
800	10	0.0	-0.048769	0.0	5.11316e-31	NAN
900	1	-0.0665578	-0.457184	8.65415e-31	5.37456e-29	1.0
900	2	0.286211	0.31077	1.23383e-32	3.3591e-30	-1.0
900	3	0.0	0.0	0.0	0.0	NAN
900	4	0.390421	0.142161	2.12496e-29	5.3124e-30	1.0
900	5	0.0103899	-0.200606	0.000882974	0.000303708	1.0
900	6	0.0104436	0.000441766	0.00136231	2.43761e-06	1.0
900	7	0.0	0.0	0.0	0.0	NAN
900	8	0.192195	-0.274179	4.93532e-32	1.51144e-31	-1.0
900	9	-0.2018	-0.493809	6.48531e-31	1.12528e-28	1.0
900	10	0.0	-0.048769	0.0	5.11316e-31	NAN
1000	1	-0.0665578	-0.457184	8.65415e-31	5.37456e-29	1.0
1000	2	0.286211	0.31077	1.23383e-32	3.3591e-30	-1.0
1000	3	0.122165	0.0	7.46891e-05	0.0	NAN
1000	4	0.390421	0.142161	2.12496e-29	5.3124e-30	1.0
1000	5	0.187205	-0.0969071	3.06067e-30	1.6674e-30	-1.0
1000	6	0.168235	0.176161	0.00855758	0.0032048	0.0212335
1000	7	0.0	0.0	0.0	0.0	NAN
1000	8	0.192169	-0.274179	6.70937e-07	1.51144e-31	-2.7637e-13
1000	9	-0.2018	-0.493809	6.48531e-31	1.12528e-28	1.0
1000	10	0.440683	-0.048682	0.00477406	7.55723e-06	-0.0988607
1100	1	-0.0665578	-0.457184	8.65415e-31	5.37456e-29	1.0
1100	2	0.286211	0.31077	1.23383e-32	3.3591e-30	-1.0
1100	3	0.161357	0.0367906	6.48936e-06	6.09657e-06	1.0
1100	4	0.390421	0.142161	2.12496e-29	5.3124e-30	1.0
1100	5	0.187205	-0.0969071	3.06067e-30	1.6674e-30	-1.0
1100	6	0.24688	0.207325	0.00779024	1.39392e-05	1.0
1100	7	6.56145e-05	0.000169719	2.15048e-06	1.43878e-05	1.0
1100	8	0.192195	-0.274179	4.93532e-32	1.51144e-31	-1.0
1100	9	-0.2018	-0.493809	6.48531e-31	1.12528e-28	1.0
1100	10	0.462423	-0.048769	8.91441e-29	5.11316e-31	-1.0
1200	1	-0.0665578	-0.457184	8.65415e-31	5.37456e-29	1.0
1200	2	0.286211	0.31077	1.23383e-32	3.3591e-30	-1.0
1200	3	0.161702	-0.0867296	2.16614e-30	0.000379877	4.07135e-14
1200	4	0.390421	0.142161	2.12496e-29	5.3124e-30	1.0
1200	5	0.187205	-0.0969071	3.06067e-30	1.6674e-30	-1.0
1200	6	0.28852	0.195724	0.0045077	0.00102408	0.132091
1200	7	-0.00654395	-0.0109392	0.000809752	0.00226278	1.0
1200	8	0.227205	-0.159974	3.7786e-32	2.59413e-30	1.0
1200	9	-0.2018	-0.493809	6.48531e-31	1.12528e-28	1.0
1200	10	0.462423	-0.048769	8.91441e-29	5.11316e-31	-1.0
1300	1	-0.0665578	-0.457184	8.65415e-31	5.37456e-29	1.0
1300	2	0.286211	0.31077	1.23383e-32	3.3591e-30	-1.0
1300	3	0.161702	-0.0930427	2.16614e-30	9.71833e-31	1.0
1300	4	0.390421	0.142161	2.12496e-29	5.3124e-30	1.0
1300	5	0.187205	-0.0969071	3.06067e-30	1.6674e-30	-1.0
1300	6	0.306596	0.116983	0.00269948	0.00343596	0.0916813
1300	7	-0.242368	-0.405155	2.09944e-29	9.88328e-29	1.0
1300	8	0.227205	-0.159974	3.7786e-32	2.59413e-30	1.0
1300	9	0.205414	-0.323073	2.16614e-30	5.97173e-30	1.0
1300	10	0.462423	-0.048769	8.91441e-29	5.11316e-31	-1.0
1400	1	-0.0665578	-0.457184	8.65415e-31	5.37456e-29	1.0
1400	2	0.286211	0.31077	1.23383e-32	3.3591e-30	-1.0
1400	3	0.161702	-0.0930427	2.16614e-30	9.71833e-31	1.0
1400	4	0.390421	0.142161	2.12496e-29	5.3124e-30	1.0
1400	5	0.187205	-0.0969071	3.06067e-30	1.6674e-30	-1.0
1400	6	0.299098	0.0475998	0.00342818	0.000420334	0.124151
1400	7	-0.242368	-0.405155	2.09944e-29	9.88328e-29	1.0
1400	8	0.227205	-0.159974	3.7786e-32	2.59413e-30	1.0
1400	9	0.205414	-0.323073	2.16614e-30	5.97173e-30	1.0
1400	10	0.462423	-0.048769	8.91441e-29	5.11316e-31	-1.0
1500	1	-0.066352	-0.397878	1.05587e-05	1.3546e-05	1.0
1500	2	0.286211	0.31077	1.23383e-32	3.3591e-30	-1.0
1500	3	0.161702	-0.0930427	2.16614e-30	9.71833e-31	1.0
1500	4	0.390421	0.142161	2.12496e-29	5.3124e-30	1.0
1500	5	0.187205	-0.0969071	3.06067e-30	1.6674e-30	-1.0
1500	6	0.305853	0.0430832	0.00297155	2.13672e-05	0.588462
1500	7	-0.242368	-0.405155	2.09944e-29	9.88328e-29	1.0
1500	8	0.227205	-0.159974	3.7786e-32	2.59413e-30	1.0
1500	9	0.205423	-0.323073	8.15831e-08	5.97173e-30	5.17166e-12
1500	10	0.322566	-0.185968	0.00195942	0.00188565	1.0
1600	1	-0.0665578	-0.398111	8.65415e-31	4.93532e-30	-1.0
1600	2	0.286211	0.31077	1.23383e-32	3.3591e-30	-1.0
1600	3	0.161702	-0.0930427	2.16614e-30	9.71833e-31	1.0
1600	4	0.390421	0.142161	2.12496e-29	5.3124e-30	1.0
1600	5	0.187205	-0.0969071	3.06067e-30	1.6674e-30	-1.0
1600	6	0.317843	0.0432984	0.00134155	2.40046e-06	1.0
1600	7	-0.242368	-0.869426	2.09944e-29	0.0	NAN
1600	8	0.227205	-0.159974	3.7786e-32	2.59413e-30	1.0
1600	9	0.205414	-0.323183	2.16614e-30	5.98129e-06	9.93187e-13
1600	10	0.29493	-0.213079	4.59108e-29	1.62133e-29	-1.0
1700	1	-0.0665578	-0.398111	8.65415e-31	4.93532e-30	-1.0
1700	2	0.286211	0.31077	1.23383e-32	3.3591e-30	-1.0
1700	3	0.161702	-0.0930427	2.16614e-30	9.71833e-31	1.0
1700	4	0.602898	0.312323	0.0198804	0.0127505	1.0
1700	5	0.187205	-0.0969071	3.06067e-30	1.6674e-30	-1.0
1700	6	0.323868	0.0435533	0.000589384	1.0546e-06	1.0
1700	7	-0.242368	-0.869426	2.09944e-29	0.0	NAN
1700	8	0.227205	-0.159974	3.7786e-32	2.59413e-30	1.0
1700	9	0.205414	-0.323073	2.16614e-30	5.97173e-30	1.0
1700	10	0.29493	-0.213079	4.59108e-29	1.62133e-29	-1.0
1800	1	-0.0665578	-0.398111	8.65415e-31	4.93532e-30	-1.0
1800	2	0.286211	0.31077	1.23383e-32	3.3591e-30	-1.0
1800	3	0.161702	-0.0930427	2.16614e-30	9.71833e-31	1.0
1800	4	0.790565	0.462616	6.57507e-29	4.36806e-29	1.0
1800	5	0.187205	-0.0969071	3.06067e-30	1.6674e-30	-1.0
1800	6	0.325933	0.0435155	0.000322732	1.70223e-05	0.309874
1800	7	-0.242368	-0.869426	2.09944e-29	0.0	NAN
1800	8	0.227205	-0.159974	3.7786e-32	2.59413e-30	1.0
1800	9	0.205414	-0.323073	2.16614e-30	5.97173e-30	1.0
1800	10	0.29493	-0.213079	4.59108e-29	1.62133e-29	-1.0
1900	1	-0.056293	-0.398111	0.000569033	4.93532e-30	-3.62528e-14
1900	2	0.289709	0.312921	0.000566557	0.000214288	1.0
1900	3	0.161702	-0.0930427	2.16614e-30	9.71833e-31	1.0
1900	4	0.790565	0.462616	6.57507e-29	4.36806e-29	1.0
1900	5	0.187205	-0.0969071	3.06067e-30	1.6674e-30	-1.0
1900	6	0.174691	-0.21301	5.97173e-30	4.69163e-30	1.0
1900	7	-0.242368	-0.869426	2.09944e-29	0.0	NAN
1900	8	0.227205	-0.159974	3.7786e-32	2.59413e-30	1.0
1900	9	0.205414	-0.323073	2.16614e-30	5.97173e-30	1.0
1900	10	0.29493	-0.213079	4.59108e-29	1.62133e-29	-1.0
2000	1	0.0534984	-0.398111	6.04576e-31	4.93532e-30	1.0
2000	2	0.590375	0.497832	7.71143e-30	1.11353e-28	-1.0
2000	3	0.161702	-0.0930427	2.16614e-30	9.71833e-31	1.0
2000	4	0.790565	0.462616	6.57507e-29	4.36806e-29	1.0
2000	5	0.187205	-0.0969071	3.06067e-30	1.6674e-30	-1.0
2000	6	0.174691	-0.21301	5.97173e-30	4.69163e-30	1.0
2000	7	-0.242368	-0.869563	2.09944e-29	1.87129e-05	-9.74199e-15
2000	8	0.227205	-0.159974	3.7786e-32	2.59413e-30	1.0
2000	9	0.205414	-0.323073	2.16614e-30	5.97173e-30	1.0
2000	10	0.29493	-0.213079	4.59108e-29	1.62133e-29	-1.0
2100	1	0.0534984	-0.398111	6.04576e-31	4.93532e-30	1.0
2100	2	0.590375	0.497832	7.71143e-30	1.11353e-28	-1.0
2100	3	0.161702	-0.0930427	2.16614e-30	9.71833e-31	1.0
2100	4	0.790565	0.462616	6.57507e-29	4.36806e-29	1.0
2100	5	0.187205	-0.0969071	3.06067e-30	1.6674e-30	-1.0
2100	6	0.174691	-0.21301	5.97173e-30	4.69163e-30	1.0
2100	7	-0.242368	-0.869426	2.09944e-29	0.0	NAN
2100	8	0.227205	-0.159974	3.7786e-32	2.59413e-30	1.0
2100	9	0.205414	-0.323073	2.16614e-30	5.97173e-30	1.0
2100	10	0.29493	-0.213079	4.59108e-29	1.62133e-29	-1.0
2200	1	0.0534984	-0.398111	6.04576e-31	4.93532e-30	1.0
2200	2	0.590375	0.497832	7.71143e-30	1.11353e-28	-1.0
2200	3	0.161702	-0.0930427	2.16614e-30	9.71833e-31	1.0
2200	4	0.790565	0.462616	6.57507e-29	4.36806e-29	1.0
2200	5	0.186824	-0.0970586	1.19735e-05	1.89235e-06	1.0
2200	6	0.174691	-0.21301	5.97173e-30	4.69163e-30	1.0
2200	7	-0.242368	-0.869426	2.09944e-29	0.0	NAN
2200	8	0.227205	-0.159974	3.7786e-32	2.59413e-30	1.0
2200	9	0.391404	-0.187945	1.97413e-31	1.80517e-29	-1.0
2200	10	0.29493	-0.213079	4.59108e-29	1.62133e-29	-1.0
2300	1	0.120756	-0.356153	5.90406e-30	5.37456e-29	1.0
2300	2	0.590375	0.497832	7.71143e-30	1.11353e-28	-1.0
2300	3	0.161702	-0.0930427	2.16614e-30	9.71833e-31	1.0
2300	4	0.790565	0.462616	6.57507e-29	4.36806e-29	1.0
2300	5	0.123679	-0.122162	1.85151e-30	2.59413e-30	1.0
2300	6	0.174691	-0.21301	5.97173e-30	4.69163e-30	1.0
2300	7	-0.242368	-0.869426	2.09944e-29	0.0	NAN
2300	8	0.304659	-0.159974	0.0119337	2.59413e-30	-6.11881e-15
2300	9	0.391404	-0.187945	1.97413e-31	1.80517e-29	-1.0
2300	10	0.29493	-0.213079	4.59108e-29	1.62133e-29	-1.0
2400	1	0.120756	-0.356153	5.90406e-30	5.37456e-29	1.0
2400	2	0.590375	0.497832	7.71143e-30	1.11353e-28	-1.0
2400	3	0.161702	-0.0930427	2.16614e-30	9.71833e-31	1.0
2400	4	0.790565	0.462616	6.57507e-29	4.36806e-29	1.0
2400	5	0.123679	-0.122162	1.85151e-30	2.59413e-30	1.0
2400	6	0.174691	-0.21301	5.97173e-30	4.69163e-30	1.0
2400	7	-0.227239	-0.869426	9.99086e-05	0.0	NAN
2400	8	0.601915	-0.159974	2.02151e-28	2.59413e-30	1.0
2400	9	0.391404	-0.187945	1.97413e-31	1.80517e-29	-1.0
2400	10	0.29493	-0.213079	4.59108e-29	1.62133e-29	-1.0
2500	1	0.120756	-0.356153	5.90406e-30	5.37456e-29	1.0
2500	2	0.590375	0.497832	7.71143e-30	1.11353e-28	-1.0
2500	3	0.161702	-0.347765	2.16614e-30	6.49483e-05	-4.31628e-13
2500	4	0.790565	0.462616	6.57507e-29	4.36806e-29	1.0
2500	5	0.123679	-0.122162	1.85151e-30	2.59413e-30	1.0
2500	6	0.174691	-0.21301	5.97173e-30	4.69163e-30	1.0
2500	7	-0.214037	-0.869426	1.40541e-29	0.0	NAN
2500	8	0.601915	-0.159974	2.02151e-28	2.59413e-30	1.0
2500	9	0.391404	-0.187945	1.97413e-31	1.80517e-29	-1.0
2500	10	0.29493	-0.213079	4.59108e-29	1.62133e-29	-1.0
2600	1	0.120756	-0.357115	5.90406e-30	3.46612e-05	1.21953e-12
2600	2	0.590375	0.497832	7.71143e-30	1.11353e-28	-1.0
2600	3	0.161702	-0.348276	2.16614e-30	1.22427e-29	-1.0
2600	4	0.790565	0.462616	6.57507e-29	4.36806e-29	1.0
2600	5	0.123679	-0.122162	1.85151e-30	2.59413e-30	1.0
2600	6	0.174691	-0.21301	5.97173e-30	4.69163e-30	1.0
2600	7	-0.214037	-0.869426	1.40541e-29	0.0	NAN
2600	8	0.601915	-0.159974	2.02151e-28	2.59413e-30	1.0
2600	9	0.391404	-0.187945	1.97413e-31	1.80517e-29	-1.0
2600	10	0.29493	-0.213079	4.59108e-29	1.62133e-29	-1.0
2700	1	0.120756	-0.430108	5.90406e-30	4.1506e-29	-1.0
2700	2	0.590375	0.497832	7.71143e-30	1.11353e-28	-1.0
2700	3	0.161702	-0.348276	2.16614e-30	1.22427e-29	-1.0
2700	4	0.790719	0.462616	1.18475e-05	4.36806e-29	2.33885e-12
2700	5	0.123679	-0.185856	1.85151e-30	0.000174209	1.44128e-13
2700	6	0.174691	-0.21301	5.97173e-30	4.69163e-30	1.0
2700	7	-0.214037	-0.869426	1.40541e-29	0.0	NAN
2700	8	0.601915	-0.159974	2.02151e-28	2.59413e-30	1.0
2700	9	0.391404	-0.187945	1.97413e-31	1.80517e-29	-1.0
2700	10	0.29493	-0.213079	4.59108e-29	1.62133e-29	-1.0
2800	1	0.120756	-0.430108	5.90406e-30	4.1506e-29	-1.0
2800	2	0.590375	0.497832	7.71143e-30	1.11353e-28	-1.0
2800	3	0.161702	-0.348276	2.16614e-30	1.22427e-29	-1.0
2800	4	0.790565	0.462616	6.57507e-29	4.36806e-29	1.0
2800	5	0.123679	-0.191432	1.85151e-30	9.33083e-30	1.0
2800	6	0.174691	-0.21301	5.97173e-30	4.69163e-30	1.0
2800	7	-0.214037	-0.875506	1.40541e-29	0.000213286	-4.62471e-14
2800	8	0.601915	-0.159974	2.02151e-28	2.59413e-30	1.0
2800	9	0.391404	-0.187945	1.97413e-31	1.80517e-29	-1.0
2800	10	0.558652	-0.124276	9.99401e-31	7.18108e-30	1.0
2900	1	0.120756	-0.430108	5.90406e-30	4.1506e-29	-1.0
2900	2	0.590375	0.497832	7.71143e-30	1.11353e-28	-1.0
2900	3	0.161702	-0.348276	2.16614e-30	1.22427e-29	-1.0
2900	4	0.790565	0.462616	6.57507e-29	4.36806e-29	1.0
2900	5	0.123489	-0.19164	1.19158e-05	1.44463e-05	1.0
2900	6	0.437526	0.100611	1.77671e-30	1.85151e-30	-1.0
2900	7	-0.214037	-0.945904	1.40541e-29	3.19821e-28	1.0
2900	8	0.601915	-0.159974	2.02151e-28	2.59413e-30	1.0
2900	9	0.391404	-0.187945	1.97413e-31	1.80517e-29	-1.0
2900	10	0.558652	-0.124276	9.99401e-31	7.18108e-30	1.0
3000	1	0.120756	-0.430108	5.90406e-30	4.1506e-29	-1.0
3000	2	0.591784	0.495463	1.06074e-05	3.00043e-05	-1.0
3000	3	0.161702	-0.348276	2.16614e-30	1.22427e-29	-1.0
3000	4	0.790565	0.462616	6.57507e-29	4.36806e-29	1.0
3000	5	0.123679	-0.191432	1.85151e-30	9.33083e-30	1.0
3000	6	0.437526	0.100611	1.77671e-30	1.85151e-30	-1.0
3000	7	-0.214005	-0.945988	4.96509e-07	3.47774e-06	-1.0
3000	8	0.601915	-0.159974	2.02151e-28	2.59413e-30	1.0
3000	9	0.391404	-0.187945	1.97413e-31	1.80517e-29	-1.0
3000	10	0.558652	-0.124276	9.99401e-31	7.18108e-30	1.0
3100	1	0.120765	-0.430065	7.23714e-08	1.9057e-06	1.0
3100	2	0.606565	0.470604	1.23383e-30	8.02297e-30	1.0
3100	3	0.161702	-0.348276	2.16614e-30	1.22427e-29	-1.0
3100	4	0.790565	0.462616	6.57507e-29	4.36806e-29	1.0
3100	5	0.123679	-0.193344	1.85151e-30	3.48163e-05	5.16267e-13
3100	6	0.437526	0.100611	1.77671e-30	1.85151e-30	-1.0
3100	7	-0.214037	-0.945904	1.40541e-29	3.19821e-28	1.0
3100	8	0.601915	0.0994336	2.02151e-28	0.003857	2.00611e-14
3100	9	0.391404	-0.187945	1.97413e-31	1.80517e-29	-1.0
3100	10	0.558652	-0.124276	9.99401e-31	7.18108e-30	1.0
3200	1	0.120756	-0.430108	5.90406e-30	4.1506e-29	-1.0
3200	2	0.606565	0.470604	1.23383e-30	8.02297e-30	1.0
3200	3	0.161702	-0.348276	2.16614e-30	1.22427e-29	-1.0
3200	4	0.790565	0.462616	6.57507e-29	4.36806e-29	1.0
3200	5	0.123679	-0.224176	1.85151e-30	9.63715e-05	2.19989e-13
3200	6	0.437526	0.100611	1.77671e-30	1.85151e-30	-1.0
3200	7	-0.214037	-0.945904	1.40541e-29	3.19821e-28	1.0
3200	8	0.601915	0.130191	2.02151e-28	2.59413e-30	1.0
3200	9	0.391404	-0.187945	1.97413e-31	1.80517e-29	-1.0
3200	10	0.558652	-0.124276	9.99401e-31	7.18108e-30	1.0
3300	1	0.120756	-0.430108	5.90406e-30	4.1506e-29	-1.0
3300	2	0.604159	0.467993	0.000520866	0.000613326	1.0
3300	3	0.161702	-0.348276	2.16614e-30	1.22427e-29	-1.0
3300	4	0.811877	0.495146	0.00102082	0.00237834	1.0
3300	5	0.123679	-0.230069	1.85151e-30	3.25808e-30	1.0
3300	6	0.437526	0.100611	1.77671e-30	1.85151e-30	-1.0
3300	7	-0.214037	-0.945904	1.40541e-29	3.19821e-28	1.0
3300	8	0.601915	0.130191	2.02151e-28	2.59413e-30	1.0
3300	9	0.391404	-0.187945	1.97413e-31	1.80517e-29	-1.0
3300	10	0.558652	-0.124276	9.99401e-31	7.18108e-30	1.0
3400	1	0.121216	-0.429508	7.04335e-05	0.00012013	1.0
3400	2	0.169162	-0.00403593	4.8127e-30	3.58536e-33	-1.0
3400	3	0.161702	-0.348276	2.16614e-30	1.22427e-29	-1.0
3400	4	0.907661	0.641349	9.99401e-31	1.23383e-28	-1.0
3400	5	0.123679	-0.230069	1.85151e-30	3.25808e-30	1.0
3400	6	0.437526	0.100611	1.77671e-30	1.85151e-30	-1.0
3400	7	-0.214037	-0.945904	1.40541e-29	3.19821e-28	1.0
3400	8	0.601915	0.130191	2.02151e-28	2.59413e-30	1.0
3400	9	0.391404	-0.187945	1.97413e-31	1.80517e-29	-1.0
3400	10	0.558652	-0.124276	9.99401e-31	7.18108e-30	1.0
3500	1	0.120756	-0.430108	5.90406e-30	4.1506e-29	-1.0
3500	2	0.169162	-0.00403593	4.8127e-30	3.58536e-33	-1.0
3500	3	0.161702	-0.348276	2.16614e-30	1.22427e-29	-1.0
3500	4	0.907661	0.641349	9.99401e-31	1.23383e-28	-1.0
3500	5	0.123679	-0.230069	1.85151e-30	3.25808e-30	1.0
3500	6	0.437526	0.0999049	1.77671e-30	1.45829e-05	-3.44321e-13
3500	7	-0.214037	-0.945904	1.40541e-29	3.19821e-28	1.0
3500	8	0.601915	0.130191	2.02151e-28	2.59413e-30	1.0
3500	9	0.391404	-0.187945	1.97413e-31	1.80517e-29	-1.0
3500	10	0.524348	-0.124276	0.00146076	7.18108e-30	3.18394e-14
3600	1	0.0925555	-0.460925	0.00247953	0.0029609	1.0
3600	2	0.169162	-0.00403593	4.8127e-30	3.58536e-33	-1.0
3600	3	0.161702	-0.348276	2.16614e-30	1.22427e-29	-1.0
3600	4	0.907661	0.641349	9.99401e-31	1.23383e-28	-1.0
3600	5	0.0988736	-0.27732	5.01436e-31	1.11353e-30	-1.0
3600	6	0.436596	0.0651618	8.55741e-05	0.000145356	0.574221
3600	7	-0.21393	-0.945808	1.13561e-05	9.22995e-06	1.0
3600	8	0.601788	0.13	1.61244e-05	3.65339e-05	1.0
3600	9	0.391404	-0.187945	1.97413e-31	1.80517e-29	-1.0
3600	10	0.441173	-0.124276	1.06714e-28	7.18108e-30	1.0
3700	1	-0.0305941	-0.595499	0.00401659	0.00479636	1.0
3700	2	0.169162	-0.00403593	4.8127e-30	3.58536e-33	-1.0
3700	3	0.161702	-0.348276	2.16614e-30	1.22427e-29	-1.0
3700	4	0.907661	0.548803	9.99401e-31	1.77671e-30	-1.0
3700	5	0.0982268	-0.27732	0.000104278	1.11353e-30	-6.92287e-14
3700	6	0.251674	-0.0837697	3.1586e-30	7.41069e-31	-1.0
3700	7	-0.214037	-0.945904	1.40541e-29	3.19821e-28	1.0
3700	8	0.601915	0.130191	2.02151e-28	2.59413e-30	1.0
3700	9	0.391404	-0.187945	1.97413e-31	1.80517e-29	-1.0
3700	10	0.441173	-0.124276	1.06714e-28	7.18108e-30	1.0
3800	1	-0.0770542	-0.646269	0.000530482	0.000633469	1.0
3800	2	0.169162	-0.00403593	4.8127e-30	3.58536e-33	-1.0
3800	3	0.161702	-0.348276	2.16614e-30	1.22427e-29	-1.0
3800	4	0.907661	0.548803	9.99401e-31	1.77671e-30	-1.0
3800	5	0.0996469	-0.279808	7.38322e-06	7.64217e-05	-1.0
3800	6	0.251674	-0.0837697	3.1586e-30	7.41069e-31	-1.0
3800	7	-0.214037	-0.945904	1.40541e-29	3.19821e-28	1.0
3800	8	0.601915	0.130191	2.02151e-28	2.59413e-30	1.0
3800	9	0.391404	-0.187945	1.97413e-31	1.80517e-29	-1.0
3800	10	0.441173	-0.124276	1.06714e-28	7.18108e-30	1.0
3900	1	-0.0821263	-0.651812	7.17356e-31	4.93532e-32	1.0
3900	2	0.169162	-0.00403593	4.8127e-30	3.58536e-33	-1.0
3900	3	0.161702	-0.348276	2.16614e-30	1.22427e-29	-1.0
3900	4	0.843833	0.451213	8.34068e-30	3.33627e-29	-1.0
3900	5	0.119496	-0.343667	0.0	7.10686e-30	NAN
3900	6	0.251724	-0.0837697	2.46026e-06	7.41069e-31	-1.12867e-12
3900	7	-0.214037	-0.945904	1.40541e-29	3.19821e-28	1.0
3900	8	0.601915	0.130191	2.02151e-28	2.59413e-30	1.0
3900	9	0.391404	-0.187945	1.97413e-31	1.80517e-29	-1.0
3900	10	0.441173	-0.124276	1.06714e-28	7.18108e-30	1.0
4000	1	-0.0821263	-0.651812	7.17356e-31	4.93532e-32	1.0
4000	2	0.169162	-0.00403593	4.8127e-30	3.58536e-33	-1.0
4000	3	0.161702	-0.348276	2.16614e-30	1.22427e-29	-1.0
4000	4	0.843833	0.451213	8.34068e-30	3.33627e-29	-1.0
4000	5	0.119496	-0.343667	0.0	7.10686e-30	NAN
4000	6	0.350082	-0.0837697	3.8773e-05	7.41069e-31	6.48554e-13
4000	7	-0.214037	-0.945904	1.40541e-29	3.19821e-28	1.0
4000	8	0.601915	0.130191	2.02151e-28	2.59413e-30	1.0
4000	9	0.391404	-0.187945	1.97413e-31	1.80517e-29	-1.0
4000	10	0.441173	-0.124276	1.06714e-28	7.18108e-30	1.0
4100	1	-0.0821263	-0.651812	7.17356e-31	4.93532e-32	1.0
4100	2	0.169162	-0.00403593	4.8127e-30	3.58536e-33	-1.0
4100	3	0.161702	-0.348276	2.16614e-30	1.22427e-29	-1.0
4100	4	0.843833	0.451213	8.34068e-30	3.33627e-29	-1.0
4100	5	0.119496	-0.343667	0.0	7.10686e-30	NAN
4100	6	0.350876	-0.0837697	1.78165e-29	7.41069e-31	1.0
4100	7	-0.221273	-0.928767	1.14777e-29	2.06218e-05	-1.71921e-12
4100	8	0.601915	0.130191	2.02151e-28	2.59413e-30	1.0
4100	9	0.391404	-0.187945	1.97413e-31	1.80517e-29	-1.0
4100	10	0.441173	-0.124276	1.06714e-28	7.18108e-30	1.0
4200	1	-0.0821263	-0.651812	7.17356e-31	4.93532e-32	1.0
4200	2	0.169162	-0.00403593	4.8127e-30	3.58536e-33	-1.0
4200	3	0.161702	-0.348276	2.16614e-30	1.22427e-29	-1.0
4200	4	0.843833	0.451213	8.34068e-30	3.33627e-29	-1.0
4200	5	0.119496	-0.343667	0.0	7.10686e-30	NAN
4200	6	0.350876	-0.0837697	1.78165e-29	7.41069e-31	1.0
4200	7	-0.224227	-0.86294	8.72512e-05	0.00190167	1.0
4200	8	0.601915	0.130191	2.02151e-28	2.59413e-30	1.0
4200	9	0.391404	-0.187945	1.97413e-31	1.80517e-29	-1.0
4200	10	0.441173	-0.124276	1.06714e-28	7.18108e-30	1.0
4300	1	-0.0821263	-0.651812	7.17356e-31	4.93532e-32	1.0
4300	2	0.169162	-0.00403593	4.8127e-30	3.58536e-33	-1.0
4300	3	0.161702	-0.348276	2.16614e-30	1.22427e-29	-1.0
4300	4	0.843833	0.451213	8.34068e-30	3.33627e-29	-1.0
4300	5	0.119496	-0.343667	0.0	7.10686e-30	NAN
4300	6	0.350876	-0.0837697	1.78165e-29	7.41069e-31	1.0
4300	7	-0.286196	-1.15224	3.08457e-33	1.43914e-28	1.0
4300	8	0.57499	0.0913427	3.08457e-31	1.17291e-30	-1.0
4300	9	0.391433	-0.187993	8.48458e-07	2.24886e-06	-1.0
4300	10	0.441173	-0.124276	1.06714e-28	7.18108e-30	1.0
4400	1	-0.0821263	-0.651812	7.17356e-31	4.93532e-32	1.0
4400	2	0.169162	-0.00403593	4.8127e-30	3.58536e-33	-1.0
4400	3	0.161702	-0.348276	2.16614e-30	1.22427e-29	-1.0
4400	4	0.843833	0.451213	8.34068e-30	3.33627e-29	-1.0
4400	5	0.119496	-0.343667	0.0	7.10686e-30	NAN
4400	6	0.350876	-0.0837697	1.78165e-29	7.41069e-31	1.0
4400	7	-0.286196	-1.15224	3.08457e-33	1.43914e-28	1.0
4400	8	0.57499	0.0913427	3.08457e-31	1.17291e-30	-1.0
4400	9	0.391404	-0.187945	1.97413e-31	1.80517e-29	-1.0
4400	10	0.441173	-0.124276	1.06714e-28	7.18108e-30	1.0
4500	1	-0.0821263	-0.651812	7.17356e-31	4.93532e-32	1.0
4500	2	0.169162	-0.00403593	4.8127e-30	3.58536e-33	-1.0
4500	3	0.161702	-0.348276	2.16614e-30	1.22427e-29	-1.0
4500	4	0.843833	0.451213	8.34068e-30	3.33627e-29	-1.0
4500	5	0.119496	-0.343667	0.0	7.10686e-30	NAN
4500	6	0.350876	-0.0837697	1.78165e-29	7.41069e-31	1.0
4500	7	-0.286196	-1.15224	3.08457e-33	1.43914e-28	1.0
4500	8	0.57499	0.0913427	3.08457e-31	1.17291e-30	-1.0
4500	9	0.391404	-0.187945	1.97413e-31	1.80517e-29	-1.0
4500	10	0.441173	-0.124276	1.06714e-28	7.18108e-30	1.0
4600	1	-0.0821263	-0.651812	7.17356e-31	4.93532e-32	1.0
4600	2	0.178113	-0.00403593	0.000251154	3.58536e-33	-1.7768e-13
4600	3	0.161702	-0.348276	2.16614e-30	1.22427e-29	-1.0
4600	4	0.843833	0.451213	8.34068e-30	3.33627e-29	-1.0
4600	5	0.119496	-0.343667	0.0	7.10686e-30	NAN
4600	6	0.291083	-0.169168	4.2027e-05	8.57278e-05	1.0
4600	7	-0.286196	-1.15224	3.08457e-33	1.43914e-28	1.0
4600	8	0.601397	0.121175	0.00196627	0.00248745	0.989658
4600	9	0.391404	-0.187945	1.97413e-31	1.80517e-29	-1.0
4600	10	0.441173	-0.124276	1.06714e-28	7.18108e-30	1.0
4700	1	-0.0821263	-0.651812	7.17356e-31	4.93532e-32	1.0
4700	2	0.22805	-0.00403593	0.000259814	3.58536e-33	-5.96624e-14
4700	3	0.161702	-0.348276	2.16614e-30	1.22427e-29	-1.0
4700	4	0.696807	0.283325	1.04431e-28	4.44178e-31	1.0
4700	5	0.119496	-0.343667	0.0	7.10686e-30	NAN
4700	6	0.289644	-0.171223	2.96242e-29	3.25808e-30	1.0
4700	7	-0.286196	-1.15224	3.08457e-33	1.43914e-28	1.0
4700	8	0.874751	0.425369	1.55508e-06	6.1725e-06	1.0
4700	9	0.391404	-0.187945	1.97413e-31	1.80517e-29	-1.0
4700	10	0.441173	-0.124276	1.06714e-28	7.18108e-30	1.0
4800	1	-0.0821263	-0.651812	7.17356e-31	4.93532e-32	1.0
4800	2	0.236254	-0.00403593	2.36527e-05	3.58536e-33	2.86039e-14
4800	3	0.161702	-0.640332	2.16614e-30	4.44178e-29	-1.0
4800	4	0.696807	0.283325	1.04431e-28	4.44178e-31	1.0
4800	5	0.119496	-0.343667	0.0	7.10686e-30	NAN
4800	6	0.289644	-0.171223	2.96242e-29	3.25808e-30	1.0
4800	7	-0.286196	-1.15224	3.08457e-33	1.43914e-28	1.0
4800	8	0.874711	0.42529	7.50662e-29	7.60316e-29	1.0
4800	9	0.391404	-0.187945	1.97413e-31	1.80517e-29	-1.0
4800	10	0.441173	-0.124276	1.06714e-28	7.18108e-30	1.0
4900	1	-0.0821263	-0.651812	7.17356e-31	4.93532e-32	1.0
4900	2	0.236966	-0.00403593	4.93532e-32	3.58536e-33	1.0
4900	3	0.161702	-0.640332	2.16614e-30	4.44178e-29	-1.0
4900	4	0.696807	0.283325	1.04431e-28	4.44178e-31	1.0
4900	5	0.119496	-0.343667	0.0	7.10686e-30	NAN
4900	6	0.289644	-0.171223	2.96242e-29	3.25808e-30	1.0
4900	7	-0.287746	-1.15833	3.45801e-05	0.000532808	1.0
4900	8	0.874711	0.42529	7.50662e-29	7.60316e-29	1.0
4900	9	0.391404	-0.187945	1.97413e-31	1.80517e-29	-1.0
4900	10	0.441173	-0.124276	1.06714e-28	7.18108e-30	1.0
5000	1	-0.0821263	-0.651812	7.17356e-31	4.93532e-32	1.0
5000	2	0.261945	-0.00403593	0.000324731	3.58536e-33	4.5539e-14
5000	3	0.161702	-0.640332	2.16614e-30	4.44178e-29	-1.0
5000	4	0.696807	0.283325	1.04431e-28	4.44178e-31	1.0
5000	5	0.119496	-0.343667	0.0	7.10686e-30	NAN
5000	6	0.289644	-0.171223	2.96242e-29	3.25808e-30	1.0
5000	7	-0.332477	-1.33391	7.40606e-30	3.82191e-28	1.0
5000	8	0.874711	0.42529	7.50662e-29	7.60316e-29	1.0
5000	9	0.391404	-0.187945	1.97413e-31	1.80517e-29	-1.0
5000	10	0.441173	-0.124276	1.06714e-28	7.18108e-30	1.0
5100	1	-0.0821263	-0.651812	7.17356e-31	4.93532e-32	1.0
5100	2	0.288363	-0.00403593	1.78165e-29	3.58536e-33	1.0
5100	3	0.161569	-0.640438	1.75564e-05	1.12592e-05	1.0
5100	4	0.696429	0.282978	3.55544e-05	3.00314e-05	1.0
5100	5	0.119496	-0.343667	0.0	7.10686e-30	NAN
5100	6	0.289644	-0.171223	2.96242e-29	3.25808e-30	1.0
5100	7	-0.332477	-1.33391	7.40606e-30	3.82191e-28	1.0
5100	8	0.875555	0.42529	4.93496e-05	7.60316e-29	1.18029e-12
5100	9	0.391404	-0.187945	1.97413e-31	1.80517e-29	-1.0
5100	10	0.441237	-0.124251	4.15373e-06	6.45348e-07	1.0
5200	1	-0.0821263	-0.651812	7.17356e-31	4.93532e-32	1.0
5200	2	0.288228	-0.00412883	1.81065e-05	8.63033e-06	1.0
5200	3	0.161702	-0.640332	2.16614e-30	4.44178e-29	-1.0
5200	4	0.696807	0.283325	1.04431e-28	4.44178e-31	1.0
5200	5	0.119496	-0.343667	0.0	7.10686e-30	NAN
5200	6	0.289644	-0.171223	2.96242e-29	3.25808e-30	1.0
5200	7	-0.305206	-1.31971	0.00245522	0.000665631	1.0
5200	8	0.980133	0.42529	7.71143e-30	7.60316e-29	-1.0
5200	9	0.391504	-0.187945	3.35257e-06	1.80517e-29	-2.6077e-13
5200	10	0.545118	-0.297311	1.34364e-29	0.000245635	-6.62781e-14
5300	1	-0.0821263	-0.651812	7.17356e-31	4.93532e-32	1.0
5300	2	0.288363	-0.00403593	1.78165e-29	3.58536e-33	1.0
5300	3	0.161702	-0.640332	2.16614e-30	4.44178e-29	-1.0
5300	4	0.696807	0.283325	1.04431e-28	4.44178e-31	1.0
5300	5	0.119496	-0.343667	0.0	7.10686e-30	NAN
5300	6	0.379324	-0.13199	3.1586e-30	6.94029e-31	1.0
5300	7	-0.134176	-1.23066	0.000432772	0.000117328	1.0
5300	8	0.980133	0.42529	7.71143e-30	7.60316e-29	-1.0
5300	9	0.45833	-0.187945	3.1586e-30	1.80517e-29	-1.0
5300	10	0.545118	-0.303748	1.34364e-29	2.4985e-31	-1.0
5400	1	-0.0821263	-0.651812	7.17356e-31	4.93532e-32	1.0
5400	2	0.288363	-0.00403593	1.78165e-29	3.58536e-33	1.0
5400	3	0.161702	-0.640332	2.16614e-30	4.44178e-29	-1.0
5400	4	0.696807	0.283325	1.04431e-28	4.44178e-31	1.0
5400	5	0.119496	-0.343667	0.0	7.10686e-30	NAN
5400	6	0.379324	-0.13199	3.1586e-30	6.94029e-31	1.0
5400	7	-0.129715	-1.22834	3.06067e-30	3.31851e-28	-1.0
5400	8	0.980133	0.42529	7.71143e-30	7.60316e-29	-1.0
5400	9	0.45833	-0.187945	3.1586e-30	1.80517e-29	-1.0
5400	10	0.545118	-0.303748	1.34364e-29	2.4985e-31	-1.0
5500	1	-0.0821263	-0.651812	7.17356e-31	4.93532e-32	1.0
5500	2	0.288363	-0.00403593	1.78165e-29	3.58536e-33	1.0
5500	3	0.161702	-0.640332	2.16614e-30	4.44178e-29	-1.0
5500	4	0.696807	0.283325	1.04431e-28	4.44178e-31	1.0
5500	5	0.119496	-0.343667	0.0	7.10686e-30	NAN
5500	6	0.379324	-0.13199	3.1586e-30	6.94029e-31	1.0
5500	7	-0.129715	-1.22834	3.06067e-30	3.31851e-28	-1.0
5500	8	0.980133	0.42529	7.71143e-30	7.60316e-29	-1.0
5500	9	0.527342	-0.192387	0.00137141	5.68042e-06	-1.0
5500	10	0.545118	-0.303748	1.34364e-29	2.4985e-31	-1.0
5600	1	-0.0821263	-0.651812	7.17356e-31	4.93532e-32	1.0
5600	2	0.288363	-0.00403593	1.78165e-29	3.58536e-33	1.0
5600	3	0.162562	-0.639519	5.62602e-05	5.02887e-05	1.0
5600	4	0.696807	0.283325	1.04431e-28	4.44178e-31	1.0
5600	5	0.119496	-0.343667	0.0	7.10686e-30	NAN
5600	6	0.379324	-0.13199	3.1586e-30	6.94029e-31	1.0
5600	7	-0.129715	-1.22834	3.06067e-30	3.31851e-28	-1.0
5600	8	0.980133	0.42529	7.71143e-30	7.60316e-29	-1.0
5600	9	0.566077	-0.19488	3.20919e-29	3.08457e-31	1.0
5600	10	0.41507	-0.592382	2.4183e-30	4.45412e-30	1.0
5700	1	-0.0821263	-0.651812	7.17356e-31	4.93532e-32	1.0
5700	2	0.288363	-0.00403593	1.78165e-29	3.58536e-33	1.0
5700	3	0.29407	-0.515186	1.00218e-29	7.71143e-30	-1.0
5700	4	0.696807	0.283325	1.04431e-28	4.44178e-31	1.0
5700	5	0.119933	-0.343234	5.64543e-05	5.0185e-05	0.999194
5700	6	0.379324	-0.13199	3.1586e-30	6.94029e-31	1.0
5700	7	-0.129715	-1.22834	3.06067e-30	3.31851e-28	-1.0
5700	8	0.980133	0.42529	7.71143e-30	7.60316e-29	-1.0
5700	9	0.566077	-0.19488	3.20919e-29	3.08457e-31	1.0
5700	10	0.41507	-0.592382	2.4183e-30	4.45412e-30	1.0
5800	1	-0.0821263	-0.651812	7.17356e-31	4.93532e-32	1.0
5800	2	0.288363	-0.00403593	1.78165e-29	3.58536e-33	1.0
5800	3	0.29407	-0.515186	1.00218e-29	7.71143e-30	-1.0
5800	4	0.696807	0.283325	1.04431e-28	4.44178e-31	1.0
5800	5	0.119496	-0.343667	0.0	7.10686e-30	NAN
5800	6	0.379324	-0.13199	3.1586e-30	6.94029e-31	1.0
5800	7	-0.129715	-1.22834	3.06067e-30	3.31851e-28	-1.0
5800	8	0.980133	0.42529	7.71143e-30	7.60316e-29	-1.0
5800	9	0.566077	-0.19488	3.20919e-29	3.08457e-31	1.0
5800	10	0.41507	-0.592382	2.4183e-30	4.45412e-30	1.0
5900	1	-0.0821263	-0.651812	7.17356e-31	4.93532e-32	1.0
5900	2	0.288363	-0.00403593	1.78165e-29	3.58536e-33	1.0
5900	3	0.29407	-0.515186	1.00218e-29	7.71143e-30	-1.0
5900	4	0.696242	0.282926	3.96724e-05	1.97643e-05	1.0
5900	5	0.119496	-0.343667	0.0	7.10686e-30	NAN
5900	6	0.379324	-0.13199	3.1586e-30	6.94029e-31	1.0
5900	7	-0.129715	-1.22834	3.06067e-30	3.31851e-28	-1.0
5900	8	0.98878	0.414984	3.12514e-06	4.43951e-06	-1.0
5900	9	0.566077	-0.19488	3.20919e-29	3.08457e-31	1.0
5900	10	0.41507	-0.592382	2.4183e-30	4.45412e-30	1.0
6000	1	-0.0821263	-0.651812	7.17356e-31	4.93532e-32	1.0
6000	2	0.288363	-0.00403593	1.78165e-29	3.58536e-33	1.0
6000	3	0.29407	-0.516239	1.00218e-29	0.000276588	-1.55319e-13
6000	4	0.571582	0.194939	0.00102988	0.000513075	1.0
6000	5	0.119496	-0.343667	0.0	7.10686e-30	NAN
6000	6	0.379324	-0.13199	3.1586e-30	6.94029e-31	1.0
6000	7	-0.129715	-1.22834	3.06067e-30	3.31851e-28	-1.0
6000	8	0.989501	0.414124	1.57548e-28	1.87665e-29	-1.0
6000	9	0.566077	-0.19488	3.20919e-29	3.08457e-31	1.0
6000	10	0.41507	-0.592382	2.4183e-30	4.45412e-30	1.0
6100	1	-0.00629814	-0.634155	4.69991e-33	2.38869e-29	-1.0
6100	2	0.288363	-0.00403593	1.78165e-29	3.58536e-33	1.0
6100	3	0.29407	-1.04189	1.00218e-29	4.17725e-28	-1.0
6100	4	0.635301	0.149632	2.55158e-05	4.61042e-06	-1.0
6100	5	0.119496	-0.343667	0.0	7.10686e-30	NAN
6100	6	0.379418	-0.131919	8.93218e-06	5.08924e-06	1.0
6100	7	-0.129715	-1.22834	3.06067e-30	3.31851e-28	-1.0
6100	8	0.989501	0.414124	1.57548e-28	1.87665e-29	-1.0
6100	9	0.566077	-0.19488	3.20919e-29	3.08457e-31	1.0
6100	10	0.41507	-0.592382	2.4183e-30	4.45412e-30	1.0
6200	1	-0.00629814	-0.634155	4.69991e-33	2.38869e-29	-1.0
6200	2	0.288363	-0.224253	1.78165e-29	0.0145494	2.10314e-14
6200	3	0.29407	-1.04189	1.00218e-29	4.17725e-28	-1.0
6200	4	0.634244	0.149358	4.03039e-05	1.73507e-31	-3.41301e-14
6200	5	0.119118	-0.344023	4.74982e-05	4.21306e-05	1.0
6200	6	0.473597	-0.127435	7.70033e-29	8.39775e-31	-1.0
6200	7	-0.129715	-1.22834	3.06067e-30	3.31851e-28	-1.0
6200	8	0.98964	0.414043	3.82163e-06	1.2965e-06	-1.0
6200	9	0.566077	-0.222114	3.20919e-29	1.85611e-07	-6.95954e-12
6200	10	0.41507	-0.592382	2.4183e-30	4.45412e-30	1.0
6300	1	-0.00638588	-0.634223	7.69899e-06	4.58567e-06	1.0
6300	2	0.288363	-0.359799	1.78165e-29	4.36806e-29	-1.0
6300	3	0.29407	-1.04189	1.00218e-29	4.17725e-28	-1.0
6300	4	0.586635	0.149358	2.84274e-29	1.73507e-31	-1.0
6300	5	0.119496	-0.206943	0.0	9.50125e-30	NAN
6300	6	0.473597	-0.127435	7.70033e-29	8.39775e-31	-1.0
6300	7	-0.129715	-1.22834	3.06067e-30	3.31851e-28	-1.0
6300	8	1.04491	0.381854	7.58854e-28	1.23383e-30	-1.0
6300	9	0.566077	-0.222128	3.20919e-29	8.99461e-30	-1.0
6300	10	0.41507	-0.592382	2.4183e-30	4.45412e-30	1.0
6400	1	-0.00629814	-0.634155	4.69991e-33	2.38869e-29	-1.0
6400	2	0.288363	-0.359799	1.78165e-29	4.36806e-29	-1.0
6400	3	0.29407	-1.04189	1.00218e-29	4.17725e-28	-1.0
6400	4	0.586635	0.149358	2.84274e-29	1.73507e-31	-1.0
6400	5	0.119496	-0.206943	0.0	9.50125e-30	NAN
6400	6	0.473597	-0.127435	7.70033e-29	8.39775e-31	-1.0
6400	7	-0.129715	-1.22834	3.06067e-30	3.31851e-28	-1.0
6400	8	1.04491	0.381854	7.58854e-28	1.23383e-30	-1.0
6400	9	0.566077	-0.222128	3.20919e-29	8.99461e-30	-1.0
6400	10	0.41507	-0.592382	2.4183e-30	4.45412e-30	1.0
6500	1	-0.00629814	-0.634155	4.69991e-33	2.38869e-29	-1.0
6500	2	0.288363	-0.359799	1.78165e-29	4.36806e-29	-1.0
6500	3	0.293683	-1.04217	4.96643e-05	2.56726e-05	1.0
6500	4	0.586635	0.149358	2.84274e-29	1.73507e-31	-1.0
6500	5	0.119496	-0.340287	0.0	1.97413e-29	NAN
6500	6	0.473597	-0.127435	7.70033e-29	8.39775e-31	-1.0
6500	7	-0.129715	-1.22834	3.06067e-30	3.31851e-28	-1.0
6500	8	1.04491	0.381854	7.58854e-28	1.23383e-30	-1.0
6500	9	0.566077	-0.222128	3.20919e-29	8.99461e-30	-1.0
6500	10	0.41507	-0.592382	2.4183e-30	4.45412e-30	1.0
6600	1	-0.00629814	-0.634155	4.69991e-33	2.38869e-29	-1.0
6600	2	0.288363	-0.359799	1.78165e-29	4.36806e-29	-1.0
6600	3	0.29407	-1.04189	1.00218e-29	4.17725e-28	-1.0
6600	4	0.586635	0.149358	2.84274e-29	1.73507e-31	-1.0
6600	5	0.119496	-0.340287	0.0	1.97413e-29	NAN
6600	6	0.626263	-0.127435	7.89651e-31	8.39775e-31	-1.0
6600	7	-0.129715	-1.22834	3.06067e-30	3.31851e-28	-1.0
6600	8	1.04491	0.381854	7.58854e-28	1.23383e-30	-1.0
6600	9	0.566077	-0.222128	3.20919e-29	8.99461e-30	-1.0
6600	10	0.41507	-0.67701	2.4183e-30	4.44178e-31	-1.0
6700	1	-0.00629814	-0.634155	4.69991e-33	2.38869e-29	-1.0
6700	2	0.288363	-0.359799	1.78165e-29	4.36806e-29	-1.0
6700	3	0.29407	-1.04189	1.00218e-29	4.17725e-28	-1.0
6700	4	0.586635	0.142604	2.84274e-29	0.000604826	-4.20263e-14
6700	5	0.123633	-0.312767	0.000366056	0.000740372	0.449894
6700	6	0.626263	-0.127435	7.89651e-31	8.39775e-31	-1.0
6700	7	-0.129715	-1.22834	3.06067e-30	3.31851e-28	-1.0
6700	8	1.04491	0.381854	7.58854e-28	1.23383e-30	-1.0
6700	9	0.566077	-0.222128	3.20919e-29	8.99461e-30	-1.0
6700	10	0.41507	-0.67701	2.4183e-30	4.44178e-31	-1.0
6800	1	-0.00629814	-0.634155	4.69991e-33	2.38869e-29	-1.0
6800	2	0.288363	-0.359799	1.78165e-29	4.36806e-29	-1.0
6800	3	0.29407	-1.04189	1.00218e-29	4.17725e-28	-1.0
6800	4	0.586635	-0.0331938	2.84274e-29	8.91152e-32	-1.0
6800	5	0.124797	-0.265548	1.6674e-30	1.38466e-29	-1.0
6800	6	0.626263	-0.127435	7.89651e-31	8.39775e-31	-1.0
6800	7	-0.129809	-1.22841	8.79519e-06	4.70295e-06	1.0
6800	8	1.04491	0.381854	7.58854e-28	1.23383e-30	-1.0
6800	9	0.566077	-0.222128	3.20919e-29	8.99461e-30	-1.0
6800	10	0.41507	-0.67701	2.4183e-30	4.44178e-31	-1.0
6900	1	-0.00629814	-0.634155	4.69991e-33	2.38869e-29	-1.0
6900	2	0.288363	-0.359799	1.78165e-29	4.36806e-29	-1.0
6900	3	-0.0822828	-1.49295	5.62163e-31	1.21651e-27	-1.0
6900	4	0.586635	-0.0331938	2.84274e-29	8.91152e-32	-1.0
6900	5	0.124797	-0.265548	1.6674e-30	1.38466e-29	-1.0
6900	6	0.626263	-0.127435	7.89651e-31	8.39775e-31	-1.0
6900	7	-0.129715	-1.22834	3.06067e-30	3.31851e-28	-1.0
6900	8	1.04491	0.381854	7.58854e-28	1.23383e-30	-1.0
6900	9	0.566077	-0.222128	3.20919e-29	8.99461e-30	-1.0
6900	10	0.41507	-0.67701	2.4183e-30	4.44178e-31	-1.0
7000	1	0.0782571	-0.634155	0.0173974	2.38869e-29	3.69379e-15
7000	2	0.288363	-0.359799	1.78165e-29	4.36806e-29	-1.0
7000	3	-0.0822828	-1.49295	5.62163e-31	1.21651e-27	-1.0
7000	4	0.586635	-0.0331938	2.84274e-29	8.91152e-32	-1.0
7000	5	0.124797	-0.265548	1.6674e-30	1.38466e-29	-1.0
7000	6	0.626263	-0.127435	7.89651e-31	8.39775e-31	-1.0
7000	7	-0.129715	-1.22834	3.06067e-30	3.31851e-28	-1.0
7000	8	1.04491	0.381854	7.58854e-28	1.23383e-30	-1.0
7000	9	0.566077	-0.222128	3.20919e-29	8.99461e-30	-1.0
7000	10	0.41507	-0.67701	2.4183e-30	4.44178e-31	-1.0
7100	1	0.612375	-0.599034	3.20919e-29	9.99401e-31	-1.0
7100	2	0.290167	-0.358162	0.000268158	0.000220753	1.0
7100	3	-0.0822828	-1.49295	5.62163e-31	1.21651e-27	-1.0
7100	4	0.586104	-0.033432	3.50296e-05	7.0435e-06	1.0
7100	5	0.125988	-0.26428	0.00028268	0.000320448	1.0
7100	6	0.626263	-0.127435	7.89651e-31	8.39775e-31	-1.0
7100	7	-0.129715	-1.22834	3.06067e-30	3.31851e-28	-1.0
7100	8	1.04935	0.390646	7.72223e-05	0.000284431	0.989582
7100	9	0.638437	-0.225277	0.00134596	2.55035e-06	-1.0
7100	10	0.41507	-0.67701	2.4183e-30	4.44178e-31	-1.0
7200	1	0.612375	-0.599034	3.20919e-29	9.99401e-31	-1.0
7200	2	0.588998	-0.0870286	4.93532e-32	1.40541e-31	-1.0
7200	3	-0.117519	-1.52702	2.48559e-06	2.32466e-06	1.0
7200	4	0.446016	-0.105439	4.11088e-05	0.000108569	1.0
7200	5	0.313218	-0.265548	2.66535e-05	1.38466e-29	-8.05422e-13
7200	6	0.626263	-0.127435	7.89651e-31	8.39775e-31	-1.0
7200	7	-0.129587	-1.22824	1.64385e-05	1.0003e-05	1.0
7200	8	1.07829	0.455996	4.64711e-07	1.63174e-30	-7.89166e-12
7200	9	0.621054	-0.336828	0.000648699	0.00257541	1.0
7200	10	0.41507	-0.67701	2.4183e-30	4.44178e-31	-1.0
7300	1	0.613029	-0.599034	0.000106433	9.99401e-31	-5.49329e-13
7300	2	0.588842	-0.0871765	7.99611e-06	7.27584e-06	1.0
7300	3	-0.11766	-1.52716	7.71143e-32	1.59904e-29	-1.0
7300	4	0.4356	-0.122365	2.78383e-29	6.66962e-30	-1.0
7300	5	0.313501	-0.265548	1.73507e-29	1.38466e-29	-1.0
7300	6	0.626263	-0.127435	7.89651e-31	8.39775e-31	-1.0
7300	7	0.119018	-1.03431	0.000928062	0.000564735	1.0
7300	8	1.07809	0.455996	1.42631e-29	1.63174e-30	-1.0
7300	9	0.596904	-0.384946	1.97413e-29	2.33471e-29	1.0
7300	10	0.415122	-0.682295	3.19772e-08	0.000335064	-1.0
7400	1	0.939108	-0.599034	7.1266e-29	9.99401e-31	-1.0
7400	2	0.699529	0.0734612	8.01394e-05	0.000117583	1.0
7400	3	-0.11766	-1.52716	7.71143e-32	1.59904e-29	-1.0
7400	4	0.407812	-0.122365	4.56219e-05	6.66962e-30	9.52959e-13
7400	5	0.313501	-0.265548	1.73507e-29	1.38466e-29	-1.0
7400	6	0.74475	-0.0896546	1.20366e-06	1.37538e-07	-1.0
7400	7	0.126711	-1.02831	9.67322e-30	6.3019e-28	1.0
7400	8	0.888453	0.185306	1.04431e-28	9.16195e-30	1.0
7400	9	0.596904	-0.384946	1.97413e-29	2.33471e-29	1.0
7400	10	0.416411	-0.814266	4.51612e-29	1.83643e-28	1.0
7500	1	1.31168	-0.599034	1.38633e-28	9.99401e-31	-1.0
7500	2	0.70028	0.0743712	6.39617e-29	4.33768e-32	-1.0
7500	3	-0.11766	-1.52716	7.71143e-32	1.59904e-29	-1.0
7500	4	0.404656	-0.122365	5.9597e-29	6.66962e-30	1.0
7500	5	0.313501	-0.265548	1.73507e-29	1.38466e-29	-1.0
7500	6	0.225457	-0.640414	0.000472317	0.000531386	1.0
7500	7	0.126711	-1.02831	9.67322e-30	6.3019e-28	1.0
7500	8	0.888453	0.185306	1.04431e-28	9.16195e-30	1.0
7500	9	0.596904	-0.384946	1.97413e-29	2.33471e-29	1.0
7500	10	0.416411	-0.814266	4.51612e-29	1.83643e-28	1.0
7600	1	1.31168	-0.599034	1.38633e-28	9.99401e-31	-1.0
7600	2	0.70028	0.0743712	6.39617e-29	4.33768e-32	-1.0
7600	3	-0.11766	-1.52716	7.71143e-32	1.59904e-29	-1.0
7600	4	0.404656	-0.122365	5.9597e-29	6.66962e-30	1.0
7600	5	0.313501	-0.265548	1.73507e-29	1.38466e-29	-1.0
7600	6	0.223633	-0.642349	3.46166e-30	2.17647e-29	-1.0
7600	7	0.180632	-1.09251	0.000450501	0.000638572	-1.0
7600	8	0.888453	0.185306	1.04431e-28	9.16195e-30	1.0
7600	9	0.596904	-0.384946	1.97413e-29	2.33471e-29	1.0
7600	10	0.416411	-0.814266	4.51612e-29	1.83643e-28	1.0
7700	1	1.31168	-0.599034	1.38633e-28	9.99401e-31	-1.0
7700	2	0.70028	0.0743712	6.39617e-29	4.33768e-32	-1.0
7700	3	-0.0380028	-1.56556	5.57151e-32	3.59785e-29	1.0
7700	4	0.551213	-0.0556095	1.26344e-29	9.17853e-31	-1.0
7700	5	0.313501	-0.265548	1.73507e-29	1.38466e-29	-1.0
7700	6	0.223633	-1.04995	3.46166e-30	3.1586e-28	-1.0
7700	7	0.197847	-1.113	1.42584e-30	2.70258e-28	1.0
7700	8	0.888453	0.185306	1.04431e-28	9.16195e-30	1.0
7700	9	0.596904	-0.384946	1.97413e-29	2.33471e-29	1.0
7700	10	0.416411	-0.814266	4.51612e-29	1.83643e-28	1.0
7800	1	1.31168	-0.578726	1.38633e-28	0.000642889	3.67662e-15
7800	2	0.70028	0.0743712	6.39617e-29	4.33768e-32	-1.0
7800	3	-0.0380028	-1.56556	5.57151e-32	3.59785e-29	1.0
7800	4	0.551213	-0.0556095	1.26344e-29	9.17853e-31	-1.0
7800	5	0.313501	-0.265548	1.73507e-29	1.38466e-29	-1.0
7800	6	0.223633	-1.04995	3.46166e-30	3.1586e-28	-1.0
7800	7	0.676708	-0.799772	0.00442119	0.00189166	1.0
7800	8	0.888453	0.185306	1.04431e-28	9.16195e-30	1.0
7800	9	0.737066	-0.361654	4.91626e-06	1.35774e-07	1.0
7800	10	0.416411	-0.814266	4.51612e-29	1.83643e-28	1.0
7900	1	1.08365	-0.762816	1.89714e-28	2.37348e-05	2.073e-12
7900	2	0.700303	0.0744225	5.35175e-07	2.63534e-06	1.0
7900	3	-0.0380134	-1.56548	1.10936e-07	7.13903e-06	-1.0
7900	4	0.551213	-0.0556095	1.26344e-29	9.17853e-31	-1.0
7900	5	0.313501	-0.265548	1.73507e-29	1.38466e-29	-1.0
7900	6	0.223633	-1.04995	3.46166e-30	3.1586e-28	-1.0
7900	7	0.695365	-0.787568	1.71798e-28	6.39617e-29	-1.0
7900	8	0.519895	-0.23514	1.09021e-28	2.00574e-30	-1.0
7900	9	0.737136	-0.361642	1.06714e-28	6.39617e-29	-1.0
7900	10	0.416411	-0.814266	4.51612e-29	1.83643e-28	1.0
8000	1	1.08365	-0.922987	1.89714e-28	0.000239183	-1.42081e-12
8000	2	0.746548	0.177042	7.89651e-29	6.95957e-30	-1.0
8000	3	-0.0380028	-1.56556	5.57151e-32	3.59785e-29	1.0
8000	4	0.551213	-0.0556095	1.26344e-29	9.17853e-31	-1.0
8000	5	0.313501	-0.265548	1.73507e-29	1.38466e-29	-1.0
8000	6	0.223633	-1.04995	3.46166e-30	3.1586e-28	-1.0
8000	7	0.695365	-0.787568	1.71798e-28	6.39617e-29	-1.0
8000	8	0.519895	-0.249219	1.09021e-28	4.58834e-05	-3.25949e-13
8000	9	0.737136	-0.361642	1.06714e-28	6.39617e-29	-1.0
8000	10	0.416411	-0.814266	4.51612e-29	1.83643e-28	1.0
8100	1	1.08365	-0.926017	1.89714e-28	5.65044e-28	-1.0
8100	2	0.746386	0.176889	2.63324e-05	2.35795e-05	1.0
8100	3	-0.0380028	-1.56556	5.57151e-32	3.59785e-29	1.0
8100	4	0.551213	-0.0556095	1.26344e-29	9.17853e-31	-1.0
8100	5	0.313501	-0.265548	1.73507e-29	1.38466e-29	-1.0
8100	6	0.223633	-1.04995	3.46166e-30	3.1586e-28	-1.0
8100	7	1.05565	-0.849209	1.78165e-29	5.37456e-29	-1.0
8100	8	0.519895	-0.255814	1.09021e-28	3.3591e-30	1.0
8100	9	0.737136	-0.361642	1.06714e-28	6.39617e-29	-1.0
8100	10	0.416411	-0.814266	4.51612e-29	1.83643e-28	1.0
8200	1	1.08365	-0.926017	1.89714e-28	5.65044e-28	-1.0
8200	2	0.746548	0.177042	7.89651e-29	6.95957e-30	-1.0
8200	3	-0.0380028	-1.56556	5.57151e-32	3.59785e-29	1.0
8200	4	0.551213	-0.0556095	1.26344e-29	9.17853e-31	-1.0
8200	5	-0.258775	-0.796583	0.00221668	0.00190871	1.0
8200	6	0.223633	-1.04995	3.46166e-30	3.1586e-28	-1.0
8200	7	1.1409	-0.739725	4.72814e-05	7.79789e-05	1.0
8200	8	0.51312	-0.190387	1.11045e-29	1.46856e-29	1.0
8200	9	0.737136	-0.361642	1.06714e-28	6.39617e-29	-1.0
8200	10	0.416411	-0.814266	4.51612e-29	1.83643e-28	1.0
8300	1	1.08365	-0.926017	1.89714e-28	5.65044e-28	-1.0
8300	2	0.746548	0.177042	7.89651e-29	6.95957e-30	-1.0
8300	3	-0.0380028	-1.56556	5.57151e-32	3.59785e-29	1.0
8300	4	0.0198624	-0.468171	2.43995e-32	5.62163e-29	-1.0
8300	5	-0.266019	-0.803305	1.11045e-29	1.25863e-28	1.0
8300	6	0.223633	-1.04995	3.46166e-30	3.1586e-28	-1.0
8300	7	1.14203	-0.738283	5.37456e-29	1.33451e-28	1.0
8300	8	0.51312	-0.190387	1.11045e-29	1.46856e-29	1.0
8300	9	1.13335	0.012557	3.33627e-29	1.60524e-32	1.0
8300	10	0.416411	-0.814266	4.51612e-29	1.83643e-28	1.0
8400	1	1.08365	-0.926017	1.89714e-28	5.65044e-28	-1.0
8400	2	0.746548	0.177042	7.89651e-29	6.95957e-30	-1.0
8400	3	-0.0380028	-1.56556	5.57151e-32	3.59785e-29	1.0
8400	4	0.0198624	-0.468171	2.43995e-32	5.62163e-29	-1.0
8400	5	-0.266019	-0.803305	1.11045e-29	1.25863e-28	1.0
8400	6	0.223633	-1.04995	3.46166e-30	3.1586e-28	-1.0
8400	7	1.14203	-0.738283	5.37456e-29	1.33451e-28	1.0
8400	8	0.585018	-0.203234	0.00276468	8.82645e-05	-1.0
8400	9	1.13335	0.012557	3.33627e-29	1.60524e-32	1.0
8400	10	0.416411	-0.814266	4.51612e-29	1.83643e-28	1.0
8500	1	1.08365	-0.926017	1.89714e-28	5.65044e-28	-1.0
8500	2	0.746548	0.177042	7.89651e-29	6.95957e-30	-1.0
8500	3	-0.0380028	-1.56556	5.57151e-32	3.59785e-29	1.0
8500	4	0.0984589	-0.531411	0.00390836	0.00381348	1.0
8500	5	-0.266019	-0.803305	1.11045e-29	1.25863e-28	1.0
8500	6	0.223633	-1.04995	3.46166e-30	3.1586e-28	-1.0
8500	7	1.14203	-0.738283	5.37456e-29	1.33451e-28	1.0
8500	8	0.752236	-0.202813	8.83978e-05	2.82217e-06	-1.0
8500	9	1.13335	0.012557	3.33627e-29	1.60524e-32	1.0
8500	10	0.416411	-0.814266	4.51612e-29	1.83643e-28	1.0
8600	1	1.08365	-0.926017	1.89714e-28	5.65044e-28	-1.0
8600	2	0.920269	0.292581	1.74723e-28	2.08517e-30	1.0
8600	3	-0.0380028	-1.56556	5.57151e-32	3.59785e-29	1.0
8600	4	0.145069	-0.485373	3.50994e-05	3.31897e-05	1.0
8600	5	-0.266019	-0.803305	1.11045e-29	1.25863e-28	1.0
8600	6	0.223633	-1.04995	3.46166e-30	3.1586e-28	-1.0
8600	7	1.14203	-0.738283	5.37456e-29	1.33451e-28	1.0
8600	8	0.753434	-0.203027	3.52394e-28	8.82882e-30	-1.0
8600	9	1.13335	0.012557	3.33627e-29	1.60524e-32	1.0
8600	10	0.416411	-0.814266	4.51612e-29	1.83643e-28	1.0
8700	1	1.08365	-0.926017	1.89714e-28	5.65044e-28	-1.0
8700	2	0.920269	0.292581	1.74723e-28	2.08517e-30	1.0
8700	3	-0.0373875	-1.56556	3.61602e-06	3.59785e-29	1.25041e-13
8700	4	0.144881	-0.485555	1.11045e-31	2.96242e-29	1.0
8700	5	-0.2661	-0.803164	3.30726e-06	9.98243e-06	-1.0
8700	6	0.223633	-1.04995	3.46166e-30	3.1586e-28	-1.0
8700	7	1.14203	-0.738283	5.37456e-29	1.33451e-28	1.0
8700	8	0.753434	-0.203027	3.52394e-28	8.82882e-30	-1.0
8700	9	1.13318	0.0123798	3.09641e-05	3.14095e-05	1.0
8700	10	0.312752	-0.934335	0.00182362	0.00241854	0.99995
8800	1	1.08365	-0.926017	1.89714e-28	5.65044e-28	-1.0
8800	2	0.920269	0.292581	1.74723e-28	2.08517e-30	1.0
8800	3	-0.0275726	-1.56849	9.19225e-05	0.000400239	1.0
8800	4	0.144881	-0.485555	1.11045e-31	2.96242e-29	1.0
8800	5	-0.287888	-0.803305	1.19683e-07	1.25863e-28	1.3796e-11
8800	6	0.223633	-1.04995	3.46166e-30	3.1586e-28	-1.0
8800	7	1.14203	-0.738283	5.37456e-29	1.33451e-28	1.0
8800	8	0.753434	-0.203027	3.52394e-28	8.82882e-30	-1.0
8800	9	1.13335	0.012557	3.33627e-29	1.60524e-32	1.0
8800	10	0.293216	-0.957151	9.99401e-31	2.05321e-28	-1.0
8900	1	1.08365	-0.926017	1.89714e-28	5.65044e-28	-1.0
8900	2	0.920269	0.292581	1.74723e-28	2.08517e-30	1.0
8900	3	-0.159836	-1.84448	1.44736e-29	6.87193e-28	1.0
8900	4	0.144881	-0.485555	1.11045e-31	2.96242e-29	1.0
8900	5	-0.287899	-0.803305	2.2286e-29	1.25863e-28	1.0
8900	6	0.223633	-1.04995	3.46166e-30	3.1586e-28	-1.0
8900	7	1.30561	-0.593212	5.03452e-28	7.10686e-30	1.0
8900	8	0.753434	-0.203027	3.52394e-28	8.82882e-30	-1.0
8900	9	0.94325	-0.36577	1.18497e-28	1.82884e-29	-1.0
8900	10	0.293216	-0.957151	9.99401e-31	2.05321e-28	-1.0
9000	1	1.08365	-0.926017	1.89714e-28	5.65044e-28	-1.0
9000	2	0.920269	0.292581	1.74723e-28	2.08517e-30	1.0
9000	3	-0.159836	-1.84448	1.44736e-29	6.87193e-28	1.0
9000	4	0.144881	-0.485555	1.11045e-31	2.96242e-29	1.0
9000	5	-0.279737	-0.67594	2.50041e-07	6.089e-05	1.0
9000	6	0.223633	-1.04995	3.46166e-30	3.1586e-28	-1.0
9000	7	1.30561	-0.593212	5.03452e-28	7.10686e-30	1.0
9000	8	0.786161	-0.0745583	9.20019e-05	0.0014177	1.0
9000	9	0.94325	-0.36577	1.18497e-28	1.82884e-29	-1.0
9000	10	0.293216	-0.957151	9.99401e-31	2.05321e-28	-1.0
9100	1	1.08365	-0.926017	1.89714e-28	5.65044e-28	-1.0
9100	2	0.920269	0.292581	1.74723e-28	2.08517e-30	1.0
9100	3	-0.159836	-1.84448	1.44736e-29	6.87193e-28	1.0
9100	4	0.144881	-0.485555	1.11045e-31	2.96242e-29	1.0
9100	5	-0.279675	-0.674977	2.4183e-30	1.03765e-29	1.0
9100	6	0.223633	-1.04995	3.46166e-30	3.1586e-28	-1.0
9100	7	1.30561	-0.593212	5.03452e-28	7.10686e-30	1.0
9100	8	0.791936	-0.0518873	4.44178e-29	2.09944e-31	1.0
9100	9	0.943225	-0.365668	3.07495e-07	5.256e-06	-1.0
9100	10	0.293061	-0.957239	7.95303e-06	1.35173e-05	0.792493
9200	1	1.08365	-0.926017	1.89714e-28	5.65044e-28	-1.0
9200	2	0.920269	0.292581	1.74723e-28	2.08517e-30	1.0
9200	3	-0.159836	-1.84448	1.44736e-29	6.87193e-28	1.0
9200	4	0.144881	-0.485555	1.11045e-31	2.96242e-29	1.0
9200	5	-0.279675	-0.674977	2.4183e-30	1.03765e-29	1.0
9200	6	0.223633	-1.04995	3.46166e-30	3.1586e-28	-1.0
9200	7	1.30561	-0.593212	5.03452e-28	7.10686e-30	1.0
9200	8	0.543747	-0.310696	6.57507e-29	8.34068e-30	1.0
9200	9	0.94325	-0.36577	1.18497e-28	1.82884e-29	-1.0
9200	10	0.191528	-1.06207	6.98543e-05	7.43667e-05	1.0
9300	1	1.08365	-0.926017	1.89714e-28	5.65044e-28	-1.0
9300	2	0.920269	0.292581	1.74723e-28	2.08517e-30	1.0
9300	3	-0.159836	-1.84448	1.44736e-29	6.87193e-28	1.0
9300	4	0.144881	-0.485555	1.11045e-31	2.96242e-29	1.0
9300	5	-0.279675	-0.674977	2.4183e-30	1.03765e-29	1.0
9300	6	0.223633	-1.04995	3.46166e-30	3.1586e-28	-1.0
9300	7	1.3071	-0.59066	6.47534e-05	0.000191086	1.0
9300	8	0.543747	-0.310696	6.57507e-29	8.34068e-30	1.0
9300	9	0.94325	-0.247894	1.18497e-28	2.15064e-29	1.0
9300	10	0.0905765	-1.17854	3.72481e-30	2.61078e-29	-1.0
9400	1	1.08365	-0.926017	1.89714e-28	5.65044e-28	-1.0
9400	2	0.920269	0.292581	1.74723e-28	2.08517e-30	1.0
9400	3	-0.159836	-1.84448	1.44736e-29	6.87193e-28	1.0
9400	4	0.144881	-0.485555	1.11045e-31	2.96242e-29	1.0
9400	5	-0.279675	-0.674977	2.4183e-30	1.03765e-29	1.0
9400	6	0.223633	-1.04995	3.46166e-30	3.1586e-28	-1.0
9400	7	1.39566	-0.438524	8.86185e-28	2.4985e-29	1.0
9400	8	0.589489	-0.310696	1.49293e-30	8.34068e-30	1.0
9400	9	0.94325	-0.247894	1.18497e-28	2.15064e-29	1.0
9400	10	0.0905765	-1.17854	3.72481e-30	2.61078e-29	-1.0
9500	1	1.08365	-0.926017	1.89714e-28	5.65044e-28	-1.0
9500	2	0.531934	-0.155528	9.1254e-29	6.95957e-30	-1.0
9500	3	-0.159836	-1.84448	1.44736e-29	6.87193e-28	1.0
9500	4	0.144881	-0.485555	1.11045e-31	2.96242e-29	1.0
9500	5	-0.279675	-0.674977	2.4183e-30	1.03765e-29	1.0
9500	6	0.223633	-1.04995	3.46166e-30	3.1586e-28	-1.0
9500	7	1.39566	-0.438524	8.86185e-28	2.4985e-29	1.0
9500	8	0.589489	-0.310696	1.49293e-30	8.34068e-30	1.0
9500	9	0.94325	-0.247894	1.18497e-28	2.15064e-29	1.0
9500	10	0.0905765	-1.17854	3.72481e-30	2.61078e-29	-1.0
9600	1	1.08365	-0.926017	1.89714e-28	5.65044e-28	-1.0
9600	2	0.531934	-0.155528	9.1254e-29	6.95957e-30	-1.0
9600	3	-0.159836	-1.84448	1.44736e-29	6.87193e-28	1.0
9600	4	0.144881	-0.485555	1.11045e-31	2.96242e-29	1.0
9600	5	-0.279675	-0.674977	2.4183e-30	1.03765e-29	1.0
9600	6	0.223633	-1.04995	3.46166e-30	3.1586e-28	-1.0
9600	7	1.39566	-0.438524	8.86185e-28	2.4985e-29	1.0
9600	8	0.589489	-0.310696	1.49293e-30	8.34068e-30	1.0
9600	9	0.94325	-0.247894	1.18497e-28	2.15064e-29	1.0
9600	10	0.0905765	-1.17854	3.72481e-30	2.61078e-29	-1.0
9700	1	1.08365	-0.926017	1.89714e-28	5.65044e-28	-1.0
9700	2	0.531934	-0.155528	9.1254e-29	6.95957e-30	-1.0
9700	3	-0.159836	-1.84448	1.44736e-29	6.87193e-28	1.0
9700	4	0.144881	-0.485555	1.11045e-31	2.96242e-29	1.0
9700	5	-0.279675	-0.674977	2.4183e-30	1.03765e-29	1.0
9700	6	0.223633	-1.04995	3.46166e-30	3.1586e-28	-1.0
9700	7	1.39566	-0.438524	8.86185e-28	2.4985e-29	1.0
9700	8	0.589489	-0.310696	1.49293e-30	8.34068e-30	1.0
9700	9	0.94325	-0.247599	1.18497e-28	4.34658e-05	7.04657e-13
9700	10	0.0905765	-1.17854	3.72481e-30	2.61078e-29	-1.0
9800	1	1.08365	-0.926017	1.89714e-28	5.65044e-28	-1.0
9800	2	0.511214	-0.171112	7.69134e-05	4.35138e-05	1.0
9800	3	-0.159836	-2.11898	1.44736e-29	6.39617e-29	1.0
9800	4	0.144881	-0.482361	1.11045e-31	0.000135535	4.85412e-13
9800	5	-0.279675	-0.674977	2.4183e-30	1.03765e-29	1.0
9800	6	0.314259	-1.00946	0.000253453	5.0588e-05	1.0
9800	7	1.39566	-0.438524	8.86185e-28	2.4985e-29	1.0
9800	8	0.589489	-0.310696	1.49293e-30	8.34068e-30	1.0
9800	9	0.943266	-0.247829	1.20383e-07	2.07726e-06	1.0
9800	10	0.0905765	-1.17854	3.72481e-30	2.61078e-29	-1.0
9900	1	1.40674	-0.895989	3.50543e-05	1.16738e-05	0.619858
9900	2	0.50359	-0.176847	6.04576e-29	2.00574e-30	-1.0
9900	3	-0.159836	-2.11898	1.44736e-29	6.39617e-29	1.0
9900	4	0.351328	-0.236358	6.39934e-05	0.000157311	0.488081
9900	5	-0.279675	-0.674977	2.4183e-30	1.03765e-29	1.0
9900	6	0.31989	-1.00695	1.92508e-29	7.58854e-28	-1.0
9900	7	1.39566	-0.438524	8.86185e-28	2.4985e-29	1.0
9900	8	0.589489	-0.310696	1.49293e-30	8.34068e-30	1.0
9900	9	0.94325	-0.247894	1.18497e-28	2.15064e-29	1.0
9900	10	0.0905765	-1.17854	3.72481e-30	2.61078e-29	-1.0
10000	1	1.32226	-0.991641	3.56577e-28	1.41261e-28	1.0
10000	2	0.50359	-0.176847	6.04576e-29	2.00574e-30	-1.0
10000	3	-0.159836	-2.11898	1.44736e-29	6.39617e-29	1.0
10000	4	0.351949	-0.233384	2.96427e-30	7.71143e-30	1.0
10000	5	-0.283378	-0.67973	0.000266331	0.00043884	1.0
10000	6	0.31989	-1.00695	1.92508e-29	7.58854e-28	-1.0
10000	7	1.39566	-0.438524	8.86185e-28	2.4985e-29	1.0
10000	8	0.737136	-0.310696	0.00870604	8.34068e-30	-4.70234e-16
10000	9	0.94325	-0.247894	1.18497e-28	2.15064e-29	1.0
10000	10	0.0905765	-1.17854	3.72481e-30	2.61078e-29	-1.0
