100	1	0.0	0.0	0.0	0.0	NAN
100	2	0.0	0.000238877	0.0	2.85025e-05	NAN
100	3	0.0	0.0	0.0	0.0	NAN
100	4	0.0	0.0	0.0	0.0	NAN
100	5	0.0	0.0	0.0	0.0	NAN
100	6	0.0	0.0	0.0	0.0	NAN
100	7	0.0	0.0	0.0	0.0	NAN
100	8	0.0	0.0	0.0	0.0	NAN
100	9	0.0	0.0	0.0	0.0	NAN
100	10	0.0	0.0	0.0	0.0	NAN
200	1	0.0	0.0	0.0	0.0	NAN
200	2	0.0	0.238877	0.0	5.21293e-31	NAN
200	3	0.0	0.0	0.0	0.0	NAN
200	4	0.0	0.0	0.0	0.0	NAN
200	5	0.0	0.0447051	0.0	1.00027e-06	NAN
200	6	0.0	0.0	0.0	0.0	NAN
200	7	0.0	-0.191192	0.0	1.97413e-31	NAN
200	8	0.0	0.0	0.0	0.0	NAN
200	9	0.0	0.0	0.0	0.0	NAN
200	10	0.0	0.0	0.0	0.0	NAN
300	1	0.0	0.0	0.0	0.0	NAN
300	2	0.00586354	0.252862	0.000189967	0.00108065	1.0
300	3	0.0	0.0	0.0	0.0	NAN
300	4	0.0	0.0	0.0	0.0	NAN
300	5	0.0	0.0447498	0.0	1.06466e-31	NAN
300	6	0.330167	0.222674	0.00363072	0.00165144	1.0
300	7	0.0	-0.191192	0.0	1.97413e-31	NAN
300	8	0.0	0.00515399	0.0	2.92345e-07	NAN
300	9	0.0	0.0	0.0	0.0	NAN
300	10	0.0	-0.00037069	0.0	6.86368e-05	NAN
400	1	0.0	0.0	0.0	0.0	NAN
400	2	0.072402	0.411562	1.57413e-05	8.95465e-05	1.0
400	3	0.00185462	0.0012743	6.68232e-05	3.15474e-05	1.0
400	4	0.257132	0.313189	5.44119e-30	0.00154479	3.14892e-14
400	5	0.0	0.0447498	0.0	1.06466e-31	NAN
400	6	0.351241	0.236887	2.96427e-30	2.68435e-30	1.0
400	7	0.0	-0.191192	0.0	1.97413e-31	NAN
400	8	0.0	0.00526993	0.0	2.19595e-33	NAN
400	9	0.000212865	0.0	1.50735e-05	0.0	NAN
400	10	0.0	0.0	0.0	0.0	NAN
500	1	0.0	0.0	0.0	0.0	NAN
500	2	0.072839	0.412604	4.81964e-31	2.24865e-30	-1.0
500	3	0.197076	0.151415	5.05947e-30	2.24865e-30	1.0
500	4	0.257132	0.323376	5.44119e-30	2.96427e-30	1.0
500	5	0.0	0.0447498	0.0	1.06466e-31	NAN
500	6	0.351241	0.236887	2.96427e-30	2.68435e-30	1.0
500	7	0.0	-0.191192	0.0	1.97413e-31	NAN
500	8	0.361471	-0.198785	8.39775e-29	0.000461767	-1.1704e-13
500	9	0.0	0.000186045	0.0	3.46128e-05	NAN
500	10	0.0	0.0	0.0	0.0	NAN
600	1	0.0	0.0	0.0	0.0	NAN
600	2	0.072839	0.412604	4.81964e-31	2.24865e-30	-1.0
600	3	0.197076	0.151415	5.05947e-30	2.24865e-30	1.0
600	4	0.257132	0.323376	5.44119e-30	2.96427e-30	1.0
600	5	0.111962	0.0447498	3.13693e-05	1.06466e-31	2.31031e-13
600	6	0.726158	0.236887	2.28209e-28	2.68435e-30	-1.0
600	7	0.0	-0.191192	0.0	1.97413e-31	NAN
600	8	0.361471	-0.200943	8.39775e-29	6.81382e-30	-1.0
600	9	0.0	0.0	0.0	0.0	NAN
600	10	0.0	0.0	0.0	0.0	NAN
700	1	0.276708	0.334434	1.51144e-29	7.10686e-30	-1.0
700	2	0.072839	0.412604	4.81964e-31	2.24865e-30	-1.0
700	3	0.197076	0.151415	5.05947e-30	2.24865e-30	1.0
700	4	0.257132	0.323376	5.44119e-30	2.96427e-30	1.0
700	5	0.112525	0.0447498	1.73989e-30	1.06466e-31	1.0
700	6	0.726158	0.236887	2.28209e-28	2.68435e-30	-1.0
700	7	0.0	-0.191192	0.0	1.97413e-31	NAN
700	8	0.361471	-0.200943	8.39775e-29	6.81382e-30	-1.0
700	9	0.0	0.0	0.0	0.0	NAN
700	10	0.00119523	0.0	3.10699e-05	0.0	NAN
800	1	0.303539	0.339122	0.00247392	7.54968e-05	1.0
800	2	0.507854	0.791714	2.17647e-29	5.21293e-29	-1.0
800	3	0.197076	0.151415	5.05947e-30	2.24865e-30	1.0
800	4	0.610708	0.57149	2.02151e-28	1.11045e-31	-1.0
800	5	0.112525	0.0447498	1.73989e-30	1.06466e-31	1.0
800	6	0.726158	0.236887	2.28209e-28	2.68435e-30	-1.0
800	7	0.0	-0.191192	0.0	1.97413e-31	NAN
800	8	0.361471	-0.200943	8.39775e-29	6.81382e-30	-1.0
800	9	0.0	0.0	0.0	0.0	NAN
800	10	0.0543285	0.0	1.31215e-30	0.0	NAN
900	1	0.487976	0.371341	7.79811e-29	2.77612e-32	1.0
900	2	0.507854	0.791714	2.17647e-29	5.21293e-29	-1.0
900	3	0.197076	0.151415	5.05947e-30	2.24865e-30	1.0
900	4	0.610708	0.57149	2.02151e-28	1.11045e-31	-1.0
900	5	0.112525	0.0447498	1.73989e-30	1.06466e-31	1.0
900	6	0.726158	0.236887	2.28209e-28	2.68435e-30	-1.0
900	7	0.0	-0.191192	0.0	1.97413e-31	NAN
900	8	0.361471	-0.200943	8.39775e-29	6.81382e-30	-1.0
900	9	0.0	0.0	0.0	0.0	NAN
900	10	0.0543285	0.0	1.31215e-30	0.0	NAN
1000	1	0.487976	0.371341	7.79811e-29	2.77612e-32	1.0
1000	2	0.507854	0.791714	2.17647e-29	5.21293e-29	-1.0
1000	3	0.197076	0.151415	5.05947e-30	2.24865e-30	1.0
1000	4	0.610708	0.57149	2.02151e-28	1.11045e-31	-1.0
1000	5	0.112525	0.0447498	1.73989e-30	1.06466e-31	1.0
1000	6	0.726158	0.236887	2.28209e-28	2.68435e-30	-1.0
1000	7	0.0	-0.191192	0.0	1.97413e-31	NAN
1000	8	0.361471	-0.200943	8.39775e-29	6.81382e-30	-1.0
1000	9	0.0	0.0	0.0	0.0	NAN
1000	10	0.0543285	0.0	1.31215e-30	0.0	NAN
1100	1	0.698374	0.558333	6.75645e-29	4.44178e-31	-1.0
1100	2	0.507854	0.791714	2.17647e-29	5.21293e-29	-1.0
1100	3	0.93692	0.858624	0.00281258	0.00250806	1.0
1100	4	0.610708	0.57149	2.02151e-28	1.11045e-31	-1.0
1100	5	0.112525	0.0447498	1.73989e-30	1.06466e-31	1.0
1100	6	0.726158	0.236887	2.28209e-28	2.68435e-30	-1.0
1100	7	0.0	-0.191192	0.0	1.97413e-31	NAN
1100	8	0.361471	-0.200943	8.39775e-29	6.81382e-30	-1.0
1100	9	0.0	0.0	0.0	0.0	NAN
1100	10	0.0543285	0.0	1.31215e-30	0.0	NAN
1200	1	0.698374	0.558333	6.75645e-29	4.44178e-31	-1.0
1200	2	0.507854	0.791714	2.17647e-29	5.21293e-29	-1.0
1200	3	0.958077	0.878603	3.7786e-28	9.55477e-29	1.0
1200	4	0.610708	0.571436	2.02151e-28	2.86941e-06	-1.8341e-13
1200	5	0.112525	0.0447498	1.73989e-30	1.06466e-31	1.0
1200	6	0.726158	0.236887	2.28209e-28	2.68435e-30	-1.0
1200	7	0.0	-0.191192	0.0	1.97413e-31	NAN
1200	8	0.641858	0.036311	4.93532e-30	8.1452e-31	-1.0
1200	9	0.0	0.0	0.0	0.0	NAN
1200	10	0.0543285	0.0858029	1.31215e-30	5.34174e-05	1.3656e-13
1300	1	0.698259	0.558333	1.33311e-05	4.44178e-31	-2.22185e-12
1300	2	0.507854	0.791714	2.17647e-29	5.21293e-29	-1.0
1300	3	0.958077	0.878603	3.7786e-28	9.55477e-29	1.0
1300	4	0.610708	0.57149	2.02151e-28	1.11045e-31	-1.0
1300	5	0.565053	0.446576	6.21973e-29	2.17647e-29	1.0
1300	6	0.726158	0.236887	2.28209e-28	2.68435e-30	-1.0
1300	7	0.0	-0.191192	0.0	1.97413e-31	NAN
1300	8	0.641858	0.109797	4.93532e-30	0.00138863	2.40954e-14
1300	9	0.0	0.0	0.0	0.0	NAN
1300	10	0.0543285	0.0870654	1.31215e-30	1.11353e-30	1.0
1400	1	0.698374	0.558333	6.75645e-29	4.44178e-31	-1.0
1400	2	0.507854	0.791714	2.17647e-29	5.21293e-29	-1.0
1400	3	0.958077	0.878603	3.7786e-28	9.55477e-29	1.0
1400	4	0.610708	0.571829	2.02151e-28	1.90192e-05	-1.11865e-13
1400	5	0.565053	0.446576	6.21973e-29	2.17647e-29	1.0
1400	6	0.726158	0.236887	2.28209e-28	2.68435e-30	-1.0
1400	7	0.0	-0.191192	0.0	1.97413e-31	NAN
1400	8	0.641858	0.14665	4.93532e-30	1.51144e-31	-1.0
1400	9	0.0	0.0	0.0	0.0	NAN
1400	10	0.0543285	0.0870654	1.31215e-30	1.11353e-30	1.0
1500	1	0.698374	0.558333	6.75645e-29	4.44178e-31	-1.0
1500	2	0.507854	0.791714	2.17647e-29	5.21293e-29	-1.0
1500	3	0.958077	0.878603	3.7786e-28	9.55477e-29	1.0
1500	4	0.610708	0.684376	2.02151e-28	3.59785e-29	-1.0
1500	5	0.565053	0.446576	6.21973e-29	2.17647e-29	1.0
1500	6	1.33448	0.236887	6.0808e-28	2.68435e-30	-1.0
1500	7	0.0	-0.191192	0.0	1.97413e-31	NAN
1500	8	0.641858	0.14665	4.93532e-30	1.51144e-31	-1.0
1500	9	0.0	0.0	0.0	0.0	NAN
1500	10	0.0543285	0.0870654	1.31215e-30	1.11353e-30	1.0
1600	1	0.698374	0.558333	6.75645e-29	4.44178e-31	-1.0
1600	2	0.507854	0.791714	2.17647e-29	5.21293e-29	-1.0
1600	3	1.24485	1.09156	2.05805e-05	1.13494e-05	1.0
1600	4	0.610708	0.684376	2.02151e-28	3.59785e-29	-1.0
1600	5	0.565053	0.446576	6.21973e-29	2.17647e-29	1.0
1600	6	1.33448	0.236887	6.0808e-28	2.68435e-30	-1.0
1600	7	0.0	-0.191192	0.0	1.97413e-31	NAN
1600	8	0.641858	0.14665	4.93532e-30	1.51144e-31	-1.0
1600	9	0.131059	0.200152	3.25808e-30	3.67141e-30	-1.0
1600	10	0.0543285	0.0870654	1.31215e-30	1.11353e-30	1.0
1700	1	0.698374	0.558333	6.75645e-29	4.44178e-31	-1.0
1700	2	0.507854	0.791714	2.17647e-29	5.21293e-29	-1.0
1700	3	1.24499	1.09167	6.75645e-29	6.75645e-29	1.0
1700	4	0.610708	0.684376	2.02151e-28	3.59785e-29	-1.0
1700	5	0.565053	0.446576	6.21973e-29	2.17647e-29	1.0
1700	6	1.33448	0.236887	6.0808e-28	2.68435e-30	-1.0
1700	7	0.0	-0.191192	0.0	1.97413e-31	NAN
1700	8	0.641858	0.14665	4.93532e-30	1.51144e-31	-1.0
1700	9	0.199887	0.200152	1.92786e-32	3.67141e-30	-1.0
1700	10	0.0543285	0.0870654	1.31215e-30	1.11353e-30	1.0
1800	1	0.698374	0.558333	6.75645e-29	4.44178e-31	-1.0
1800	2	0.507854	0.791714	2.17647e-29	5.21293e-29	-1.0
1800	3	1.24499	1.09167	6.75645e-29	6.75645e-29	1.0
1800	4	1.08535	1.14345	0.00148866	0.000781278	1.0
1800	5	0.565053	0.446576	6.21973e-29	2.17647e-29	1.0
1800	6	1.54637	0.236887	0.00573352	2.68435e-30	-4.4076e-13
1800	7	0.0114979	-0.191801	0.000756789	2.11925e-06	-1.0
1800	8	0.641858	0.14665	4.93532e-30	1.51144e-31	-1.0
1800	9	0.199887	0.200152	1.92786e-32	3.67141e-30	-1.0
1800	10	0.0543285	0.0870654	1.31215e-30	1.11353e-30	1.0
1900	1	0.698374	0.558333	6.75645e-29	4.44178e-31	-1.0
1900	2	0.507854	0.791714	2.17647e-29	5.21293e-29	-1.0
1900	3	1.24499	1.09167	6.75645e-29	6.75645e-29	1.0
1900	4	1.10634	1.15865	9.55477e-29	4.8371e-28	-1.0
1900	5	0.565053	0.446576	6.21973e-29	2.17647e-29	1.0
1900	6	1.59502	0.236913	1.90729e-06	3.27427e-07	0.989184
1900	7	0.143724	-0.198798	1.77671e-30	1.28326e-29	-1.0
1900	8	0.641858	0.14665	4.93532e-30	1.51144e-31	-1.0
1900	9	0.199887	0.200152	1.92786e-32	3.67141e-30	-1.0
1900	10	0.0543285	0.0870654	1.31215e-30	1.11353e-30	1.0
2000	1	0.698374	0.558333	6.75645e-29	4.44178e-31	-1.0
2000	2	0.507854	0.791714	2.17647e-29	5.21293e-29	-1.0
2000	3	1.24499	1.09167	6.75645e-29	6.75645e-29	1.0
2000	4	1.10634	1.15865	9.55477e-29	4.8371e-28	-1.0
2000	5	0.565053	0.446576	6.21973e-29	2.17647e-29	1.0
2000	6	1.59495	0.237667	5.1347e-28	4.29148e-06	8.91747e-13
2000	7	0.143724	-0.198798	1.77671e-30	1.28326e-29	-1.0
2000	8	0.641858	0.14665	4.93532e-30	1.51144e-31	-1.0
2000	9	0.199887	0.200152	1.92786e-32	3.67141e-30	-1.0
2000	10	0.0543285	0.0870654	1.31215e-30	1.11353e-30	1.0
2100	1	0.804171	0.61842	0.00809202	0.00258715	0.999765
2100	2	0.507854	0.791714	2.17647e-29	5.21293e-29	-1.0
2100	3	1.24499	1.09167	6.75645e-29	6.75645e-29	1.0
2100	4	1.10634	1.15821	9.55477e-29	4.81841e-05	-3.16329e-12
2100	5	0.565053	0.446576	6.21973e-29	2.17647e-29	1.0
2100	6	1.55891	0.238847	0.000558367	3.82073e-05	1.0
2100	7	0.143724	-0.198798	1.77671e-30	1.28326e-29	-1.0
2100	8	0.641858	0.14665	4.93532e-30	1.51144e-31	-1.0
2100	9	0.443617	0.200152	2.72634e-05	3.67141e-30	1.41835e-12
2100	10	0.0543285	0.0870654	1.31215e-30	1.11353e-30	1.0
2200	1	0.931236	0.700348	3.44103e-28	1.43914e-28	1.0
2200	2	0.507854	0.791714	2.17647e-29	5.21293e-29	-1.0
2200	3	1.24499	1.09167	6.75645e-29	6.75645e-29	1.0
2200	4	1.10634	1.15865	9.55477e-29	4.8371e-28	-1.0
2200	5	0.565713	0.446943	5.40318e-05	1.67497e-05	1.0
2200	6	1.52591	0.230214	1.31126e-27	4.45412e-30	1.0
2200	7	0.143724	-0.198798	1.77671e-30	1.28326e-29	-1.0
2200	8	0.641858	0.14665	4.93532e-30	1.51144e-31	-1.0
2200	9	0.443948	0.495018	5.53866e-29	0.0123421	7.21709e-14
2200	10	0.0543285	0.0870654	1.31215e-30	1.11353e-30	1.0
2300	1	0.931236	0.700348	3.44103e-28	1.43914e-28	1.0
2300	2	0.507854	0.791714	2.17647e-29	5.21293e-29	-1.0
2300	3	1.24499	1.09167	6.75645e-29	6.75645e-29	1.0
2300	4	1.17104	1.24752	0.000397226	0.000749429	1.0
2300	5	0.729997	0.538412	3.31851e-28	4.29496e-29	-1.0
2300	6	1.52591	0.230214	1.31126e-27	4.45412e-30	1.0
2300	7	0.143724	-0.198798	1.77671e-30	1.28326e-29	-1.0
2300	8	0.641858	0.14665	4.93532e-30	1.51144e-31	-1.0
2300	9	0.443948	0.582103	5.53866e-29	8.29627e-29	1.0
2300	10	0.0543285	0.0870654	1.31215e-30	1.11353e-30	1.0
2400	1	1.37384	0.630104	0.0	6.75645e-29	NAN
2400	2	0.507854	0.791714	2.17647e-29	5.21293e-29	-1.0
2400	3	1.24499	1.09167	6.75645e-29	6.75645e-29	1.0
2400	4	1.18322	1.26426	1.23383e-28	1.97413e-31	1.0
2400	5	0.729997	0.538412	3.31851e-28	4.29496e-29	-1.0
2400	6	1.52591	0.230214	1.31126e-27	4.45412e-30	1.0
2400	7	0.143724	-0.198798	1.77671e-30	1.28326e-29	-1.0
2400	8	0.641858	0.14665	4.93532e-30	1.51144e-31	-1.0
2400	9	0.443948	0.582103	5.53866e-29	8.29627e-29	1.0
2400	10	0.0543285	0.0870654	1.31215e-30	1.11353e-30	1.0
2500	1	1.37384	0.630104	0.0	6.75645e-29	NAN
2500	2	0.627675	0.968428	7.18573e-06	1.56295e-05	1.0
2500	3	1.24499	1.09167	6.75645e-29	6.75645e-29	1.0
2500	4	1.18322	1.26426	1.23383e-28	1.97413e-31	1.0
2500	5	0.729997	0.538412	3.31851e-28	4.29496e-29	-1.0
2500	6	1.65233	0.230214	0.00139973	4.45412e-30	2.44096e-13
2500	7	0.143724	-0.198798	1.77671e-30	1.28326e-29	-1.0
2500	8	0.641858	0.14665	4.93532e-30	1.51144e-31	-1.0
2500	9	0.443948	0.582103	5.53866e-29	8.29627e-29	1.0
2500	10	0.388586	0.0870654	4.07935e-29	1.11353e-30	1.0
2600	1	1.36837	0.69336	4.93532e-30	2.96427e-28	-1.0
2600	2	0.627795	0.968605	7.70033e-29	8.49985e-29	1.0
2600	3	1.24499	1.09167	6.75645e-29	6.75645e-29	1.0
2600	4	1.18322	1.26426	1.23383e-28	1.97413e-31	1.0
2600	5	0.729997	0.538412	3.31851e-28	4.29496e-29	-1.0
2600	6	1.67526	0.230214	5.23588e-28	4.45412e-30	1.0
2600	7	0.143724	-0.198798	1.77671e-30	1.28326e-29	-1.0
2600	8	0.856164	0.14665	0.000977389	1.51144e-31	-2.95751e-13
2600	9	0.443948	0.582103	5.53866e-29	8.29627e-29	1.0
2600	10	0.388586	0.0870654	4.07935e-29	1.11353e-30	1.0
2700	1	1.40505	0.589195	8.85252e-05	0.00071413	-1.0
2700	2	0.627795	0.968605	7.70033e-29	8.49985e-29	1.0
2700	3	1.24499	1.09167	6.75645e-29	6.75645e-29	1.0
2700	4	1.18322	1.26426	1.23383e-28	1.97413e-31	1.0
2700	5	0.729997	0.538412	3.31851e-28	4.29496e-29	-1.0
2700	6	2.00466	0.230214	0.0056171	4.45412e-30	2.14102e-13
2700	7	0.143724	-0.198798	1.77671e-30	1.28326e-29	-1.0
2700	8	1.01694	0.14665	1.23383e-28	1.51144e-31	1.0
2700	9	0.443948	0.582103	5.53866e-29	8.29627e-29	1.0
2700	10	0.395055	0.0963891	0.000112764	0.00023425	1.0
2800	1	1.40972	0.575925	6.04576e-29	9.99401e-31	-1.0
2800	2	0.627795	0.968605	7.70033e-29	8.49985e-29	1.0
2800	3	1.24499	1.09167	6.75645e-29	6.75645e-29	1.0
2800	4	1.18322	1.26426	1.23383e-28	1.97413e-31	1.0
2800	5	0.729997	0.538412	3.31851e-28	4.29496e-29	-1.0
2800	6	2.33596	0.554806	8.59929e-28	6.40529e-05	1.26186e-12
2800	7	0.143724	-0.198798	1.77671e-30	1.28326e-29	-1.0
2800	8	1.2827	0.31963	7.06953e-05	2.99518e-05	1.0
2800	9	0.443948	0.582103	5.53866e-29	8.29627e-29	1.0
2800	10	0.4294	0.14589	1.27112e-28	2.59413e-30	-1.0
2900	1	1.40972	0.575925	6.04576e-29	9.99401e-31	-1.0
2900	2	0.627795	0.968605	7.70033e-29	8.49985e-29	1.0
2900	3	1.24499	1.09167	6.75645e-29	6.75645e-29	1.0
2900	4	1.18322	1.26426	1.23383e-28	1.97413e-31	1.0
2900	5	1.20512	1.07013	1.54772e-28	1.83643e-28	-1.0
2900	6	2.33596	0.556087	8.59929e-28	9.99401e-29	1.0
2900	7	0.143724	-0.198798	1.77671e-30	1.28326e-29	-1.0
2900	8	1.28323	0.319976	8.4695e-28	3.33627e-29	1.0
2900	9	0.443948	0.582103	5.53866e-29	8.29627e-29	1.0
2900	10	0.4294	0.14589	1.27112e-28	2.59413e-30	-1.0
3000	1	1.40972	0.575925	6.04576e-29	9.99401e-31	-1.0
3000	2	0.795262	0.968605	2.11737e-28	8.49985e-29	-1.0
3000	3	1.24499	1.09167	6.75645e-29	6.75645e-29	1.0
3000	4	1.18322	1.26426	1.23383e-28	1.97413e-31	1.0
3000	5	1.22124	1.08919	0.00100478	0.00140405	1.0
3000	6	2.33596	0.556087	8.59929e-28	9.99401e-29	1.0
3000	7	0.143724	-0.198798	1.77671e-30	1.28326e-29	-1.0
3000	8	1.28323	0.319976	8.4695e-28	3.33627e-29	1.0
3000	9	0.444012	0.582155	4.10504e-06	2.73837e-06	1.0
3000	10	0.805561	0.294569	2.77612e-30	1.51144e-29	-1.0
3100	1	1.40972	0.654323	6.04576e-29	6.57507e-29	-1.0
3100	2	0.795262	0.968605	2.11737e-28	8.49985e-29	-1.0
3100	3	1.24499	1.09167	6.75645e-29	6.75645e-29	1.0
3100	4	1.18322	1.26426	1.23383e-28	1.97413e-31	1.0
3100	5	1.34591	1.23656	4.44178e-29	5.97173e-30	1.0
3100	6	2.33596	0.556087	8.59929e-28	9.99401e-29	1.0
3100	7	0.143724	-0.198798	1.77671e-30	1.28326e-29	-1.0
3100	8	1.28323	0.319976	8.4695e-28	3.33627e-29	1.0
3100	9	0.443948	0.582103	5.53866e-29	8.29627e-29	1.0
3100	10	0.805561	0.294569	2.77612e-30	1.51144e-29	-1.0
3200	1	1.40972	0.654323	6.04576e-29	6.57507e-29	-1.0
3200	2	0.795262	0.968605	2.11737e-28	8.49985e-29	-1.0
3200	3	1.24499	1.09167	6.75645e-29	6.75645e-29	1.0
3200	4	1.18322	1.26426	1.23383e-28	1.97413e-31	1.0
3200	5	1.34503	1.23551	2.16749e-06	3.13738e-06	1.0
3200	6	2.33596	0.556087	8.59929e-28	9.99401e-29	1.0
3200	7	0.143724	-0.198798	1.77671e-30	1.28326e-29	-1.0
3200	8	1.28317	0.319976	3.49594e-06	3.33627e-29	1.54908e-11
3200	9	0.557633	0.560308	4.93532e-30	7.89651e-31	1.0
3200	10	1.09758	0.294569	8.99461e-28	1.51144e-29	-1.0
3300	1	1.40972	0.654323	6.04576e-29	6.57507e-29	-1.0
3300	2	0.795262	0.968605	2.11737e-28	8.49985e-29	-1.0
3300	3	1.24499	1.09167	6.75645e-29	6.75645e-29	1.0
3300	4	1.18322	1.26426	1.23383e-28	1.97413e-31	1.0
3300	5	1.34012	1.21718	5.05376e-29	0.000922649	-1.10116e-13
3300	6	2.33596	0.556087	8.59929e-28	9.99401e-29	1.0
3300	7	0.143724	-0.18732	1.77671e-30	6.96691e-07	-2.10583e-12
3300	8	1.28323	0.319976	8.4695e-28	3.33627e-29	1.0
3300	9	0.557633	0.560308	4.93532e-30	7.89651e-31	1.0
3300	10	1.09758	0.294569	8.99461e-28	1.51144e-29	-1.0
3400	1	1.40972	0.654323	6.04576e-29	6.57507e-29	-1.0
3400	2	0.795262	0.968605	2.11737e-28	8.49985e-29	-1.0
3400	3	1.2725	1.10383	9.21813e-05	1.80124e-05	1.0
3400	4	1.18322	1.26426	1.23383e-28	1.97413e-31	1.0
3400	5	1.34012	1.07711	5.05376e-29	0.000354602	-5.19653e-13
3400	6	2.33596	0.556087	8.59929e-28	9.99401e-29	1.0
3400	7	0.143724	-0.187183	1.77671e-30	3.25808e-30	-1.0
3400	8	1.28323	0.319976	8.4695e-28	3.33627e-29	1.0
3400	9	0.726683	0.671946	7.31537e-29	1.23383e-32	1.0
3400	10	1.09758	0.294569	8.99461e-28	1.51144e-29	-1.0
3500	1	1.40972	0.654323	6.04576e-29	6.57507e-29	-1.0
3500	2	0.795262	0.968605	2.11737e-28	8.49985e-29	-1.0
3500	3	1.27908	1.10674	2.14982e-28	8.7059e-29	1.0
3500	4	1.18859	1.26426	0.00107312	1.97413e-31	3.39624e-13
3500	5	1.34012	1.07232	5.05376e-29	9.99401e-29	-1.0
3500	6	2.33596	0.556087	8.59929e-28	9.99401e-29	1.0
3500	7	0.143724	-0.187183	1.77671e-30	3.25808e-30	-1.0
3500	8	1.28323	0.319976	8.4695e-28	3.33627e-29	1.0
3500	9	0.726683	0.671946	7.31537e-29	1.23383e-32	1.0
3500	10	1.09758	0.294569	8.99461e-28	1.51144e-29	-1.0
3600	1	1.40972	0.654323	6.04576e-29	6.57507e-29	-1.0
3600	2	1.03906	0.968605	1.49293e-28	8.49985e-29	1.0
3600	3	1.27908	1.10674	2.14982e-28	8.7059e-29	1.0
3600	4	1.56633	1.26426	2.4183e-28	1.97413e-31	1.0
3600	5	1.34012	1.07205	5.05376e-29	3.55e-05	-1.72883e-12
3600	6	2.35162	0.556549	0.000423741	3.68568e-07	1.0
3600	7	0.143724	0.0955965	1.77671e-30	1.42584e-30	1.0
3600	8	1.28323	0.319976	8.4695e-28	3.33627e-29	1.0
3600	9	0.955489	0.671946	4.04215e-28	1.23383e-32	-1.0
3600	10	1.09758	0.294569	8.99461e-28	1.51144e-29	-1.0
3700	1	1.40972	0.654323	6.04576e-29	6.57507e-29	-1.0
3700	2	1.03906	0.968605	1.49293e-28	8.49985e-29	1.0
3700	3	1.27908	1.10674	2.14982e-28	8.7059e-29	1.0
3700	4	1.56633	1.26426	2.4183e-28	1.97413e-31	1.0
3700	5	1.34012	1.07232	5.05376e-29	9.99401e-29	-1.0
3700	6	2.40734	0.558192	6.41394e-28	2.61078e-29	1.0
3700	7	0.143724	0.0955965	1.77671e-30	1.42584e-30	1.0
3700	8	1.2834	0.319976	3.80716e-06	3.33627e-29	1.47057e-11
3700	9	1.15341	0.671767	1.03878e-05	5.34525e-06	1.0
3700	10	1.09758	0.294569	8.99461e-28	1.51144e-29	-1.0
3800	1	1.71479	0.876831	9.99401e-29	3.08457e-29	-1.0
3800	2	1.03906	0.968605	1.49293e-28	8.49985e-29	1.0
3800	3	1.27892	1.10684	6.94186e-06	1.53172e-05	-0.170807
3800	4	1.56633	1.26426	2.4183e-28	1.97413e-31	1.0
3800	5	1.34012	1.07232	5.05376e-29	9.99401e-29	-1.0
3800	6	2.40734	0.558192	6.41394e-28	2.61078e-29	1.0
3800	7	0.738328	0.715243	2.61078e-29	1.68899e-28	1.0
3800	8	1.28323	0.0340254	8.4695e-28	0.000163697	7.4702e-14
3800	9	1.15366	0.671946	2.14982e-28	1.23383e-32	1.0
3800	10	1.09758	0.294569	8.99461e-28	1.51144e-29	-1.0
3900	1	1.71479	0.876831	9.99401e-29	3.08457e-29	-1.0
3900	2	1.03906	0.968605	1.49293e-28	8.49985e-29	1.0
3900	3	1.21087	1.22355	4.93532e-30	6.04576e-29	1.0
3900	4	1.56633	1.26426	2.4183e-28	1.97413e-31	1.0
3900	5	1.34012	1.07232	5.05376e-29	9.99401e-29	-1.0
3900	6	2.40734	0.558192	6.41394e-28	2.61078e-29	1.0
3900	7	1.09103	0.715243	0.000435807	1.68899e-28	1.55942e-15
3900	8	1.29638	0.0538574	0.000385293	0.000980511	1.0
3900	9	1.15366	0.671946	2.14982e-28	1.23383e-32	1.0
3900	10	1.09758	0.294569	8.99461e-28	1.51144e-29	-1.0
4000	1	1.89888	0.876831	0.00213707	3.08457e-29	3.80102e-13
4000	2	1.03906	0.968605	1.49293e-28	8.49985e-29	1.0
4000	3	1.21087	1.22355	4.93532e-30	6.04576e-29	1.0
4000	4	1.56633	1.26426	2.4183e-28	1.97413e-31	1.0
4000	5	1.34012	1.07232	5.05376e-29	9.99401e-29	-1.0
4000	6	2.40734	0.558192	6.41394e-28	2.61078e-29	1.0
4000	7	1.09351	0.715243	1.97413e-31	1.68899e-28	1.0
4000	8	1.35629	0.149435	1.89714e-28	3.46166e-30	-1.0
4000	9	1.15366	0.671946	2.14982e-28	1.23383e-32	1.0
4000	10	1.09758	0.311127	8.99461e-28	0.00143237	-6.75085e-14
4100	1	1.92163	0.876831	8.59929e-28	3.08457e-29	1.0
4100	2	1.03906	0.968605	1.49293e-28	8.49985e-29	1.0
4100	3	1.21087	1.22355	4.93532e-30	6.04576e-29	1.0
4100	4	1.54084	1.25176	0.000475161	0.000114255	1.0
4100	5	1.34012	1.07232	5.05376e-29	9.99401e-29	-1.0
4100	6	2.40734	0.558192	6.41394e-28	2.61078e-29	1.0
4100	7	1.09351	0.715243	1.97413e-31	1.68899e-28	1.0
4100	8	1.35629	0.149435	1.89714e-28	3.46166e-30	-1.0
4100	9	1.15366	0.671878	2.14982e-28	4.67959e-06	1.15738e-13
4100	10	1.09758	0.487098	8.99461e-28	8.80985e-29	1.0
4200	1	1.92163	0.876831	8.59929e-28	3.08457e-29	1.0
4200	2	1.03906	0.968605	1.49293e-28	8.49985e-29	1.0
4200	3	1.21087	1.21346	4.93532e-30	0.00023642	4.57909e-13
4200	4	1.50307	1.23324	4.36085e-28	1.71798e-28	1.0
4200	5	1.34012	1.07232	5.05376e-29	9.99401e-29	-1.0
4200	6	2.46455	0.558192	6.87193e-28	2.61078e-29	-1.0
4200	7	1.09351	0.715243	1.97413e-31	1.68899e-28	1.0
4200	8	1.35594	0.149435	2.50898e-05	3.46166e-30	-2.68035e-12
4200	9	1.15366	0.671946	2.14982e-28	1.23383e-32	1.0
4200	10	1.09758	0.487098	8.99461e-28	8.80985e-29	1.0
4300	1	1.92163	0.445024	8.59929e-28	1.94309e-06	-3.7066e-15
4300	2	1.03906	0.968605	1.49293e-28	8.49985e-29	1.0
4300	3	1.21087	1.16814	4.93532e-30	3.07172e-05	4.13662e-13
4300	4	1.50307	1.23324	4.36085e-28	1.71798e-28	1.0
4300	5	1.34012	1.07232	5.05376e-29	9.99401e-29	-1.0
4300	6	2.46455	0.558192	6.87193e-28	2.61078e-29	-1.0
4300	7	1.09351	0.715243	1.97413e-31	1.68899e-28	1.0
4300	8	1.35629	0.149435	1.89714e-28	3.46166e-30	-1.0
4300	9	1.15366	0.671946	2.14982e-28	1.23383e-32	1.0
4300	10	1.09758	0.487098	8.99461e-28	8.80985e-29	1.0
4400	1	1.92163	0.444979	8.59929e-28	0.0	NAN
4400	2	1.03906	0.968605	1.49293e-28	8.49985e-29	1.0
4400	3	1.21087	1.16783	4.93532e-30	2.25252e-05	4.87135e-13
4400	4	1.50757	1.23704	0.000559345	0.000398407	1.0
4400	5	1.34012	1.07232	5.05376e-29	9.99401e-29	-1.0
4400	6	2.46455	0.558192	6.87193e-28	2.61078e-29	-1.0
4400	7	1.09351	0.715243	1.97413e-31	1.68899e-28	1.0
4400	8	1.35629	0.149435	1.89714e-28	3.46166e-30	-1.0
4400	9	1.15366	0.671946	2.14982e-28	1.23383e-32	1.0
4400	10	1.09758	0.487098	8.99461e-28	8.80985e-29	1.0
4500	1	1.92163	0.444979	8.59929e-28	0.0	NAN
4500	2	1.03906	0.968605	1.49293e-28	8.49985e-29	1.0
4500	3	1.21087	1.16701	4.93532e-30	4.93532e-30	1.0
4500	4	1.76032	1.45035	1.44314e-27	4.54839e-28	1.0
4500	5	1.34012	1.07232	5.05376e-29	9.99401e-29	-1.0
4500	6	2.46448	0.558152	2.69242e-06	8.11222e-07	1.0
4500	7	1.09351	0.715243	1.97413e-31	1.68899e-28	1.0
4500	8	1.35621	0.149435	6.34506e-06	3.46166e-30	-5.39268e-12
4500	9	1.29767	0.671946	5.05376e-29	1.23383e-32	-1.0
4500	10	1.038	0.492763	1.1371e-28	6.21973e-29	-1.0
4600	1	1.92163	0.444979	8.59929e-28	0.0	NAN
4600	2	1.03906	0.968605	1.49293e-28	8.49985e-29	1.0
4600	3	1.21087	1.16701	4.93532e-30	4.93532e-30	1.0
4600	4	1.76032	1.45035	1.44314e-27	4.54839e-28	1.0
4600	5	1.33062	1.07232	6.91617e-05	9.99401e-29	5.7428e-13
4600	6	2.46455	0.558192	6.87193e-28	2.61078e-29	-1.0
4600	7	1.09351	0.715243	1.97413e-31	1.68899e-28	1.0
4600	8	1.65038	0.149435	5.1347e-28	3.46166e-30	-1.0
4600	9	1.29767	0.671946	5.05376e-29	1.23383e-32	-1.0
4600	10	1.038	0.492763	1.1371e-28	6.21973e-29	-1.0
4700	1	1.92163	0.444979	8.59929e-28	0.0	NAN
4700	2	1.03906	0.968605	1.49293e-28	8.49985e-29	1.0
4700	3	1.21087	1.16701	4.93532e-30	4.93532e-30	1.0
4700	4	1.76032	1.45035	1.44314e-27	4.54839e-28	1.0
4700	5	1.316	0.811229	1.71798e-28	3.65016e-28	1.0
4700	6	2.46455	0.558192	6.87193e-28	2.61078e-29	-1.0
4700	7	1.09351	0.715243	1.97413e-31	1.68899e-28	1.0
4700	8	1.65038	0.149435	5.1347e-28	3.46166e-30	-1.0
4700	9	1.29767	0.671946	5.05376e-29	1.23383e-32	-1.0
4700	10	1.038	0.492763	1.1371e-28	6.21973e-29	-1.0
4800	1	1.92163	0.444979	8.59929e-28	0.0	NAN
4800	2	1.03906	0.968605	1.49293e-28	8.49985e-29	1.0
4800	3	1.21087	1.16701	4.93532e-30	4.93532e-30	1.0
4800	4	1.76621	1.45536	0.00116571	0.000843527	1.0
4800	5	1.316	0.811229	1.71798e-28	3.65016e-28	1.0
4800	6	2.46464	0.558192	3.62657e-06	2.61078e-29	-1.38602e-11
4800	7	1.09351	0.715243	1.97413e-31	1.68899e-28	1.0
4800	8	1.83566	0.300918	1.08103e-27	1.23383e-30	-1.0
4800	9	1.35144	0.731164	2.85064e-28	2.4183e-28	1.0
4800	10	1.2973	0.871229	1.28368e-28	1.43914e-28	1.0
4900	1	2.11588	0.444979	1.29522e-27	0.0	NAN
4900	2	1.03906	0.968605	1.32909e-08	8.49985e-29	1.04424e-10
4900	3	1.21087	1.16701	4.93532e-30	4.93532e-30	1.0
4900	4	2.16704	1.79633	6.41394e-28	6.87193e-28	-1.0
4900	5	1.316	0.811229	1.71798e-28	3.65016e-28	1.0
4900	6	2.54976	0.558192	1.77671e-30	2.61078e-29	1.0
4900	7	1.09351	0.715243	1.97413e-31	1.68899e-28	1.0
4900	8	2.30832	0.733932	4.44178e-29	5.53866e-29	1.0
4900	9	1.35144	0.731164	2.85064e-28	2.4183e-28	1.0
4900	10	1.2973	0.871229	1.28368e-28	1.43914e-28	1.0
5000	1	2.11588	0.444979	1.29522e-27	0.0	NAN
5000	2	1.4221	1.362	2.70258e-28	3.08457e-29	-1.0
5000	3	1.21087	1.16701	4.93532e-30	4.93532e-30	1.0
5000	4	2.16704	1.79121	6.41394e-28	5.77201e-07	4.51126e-11
5000	5	1.316	0.811229	1.71798e-28	3.65016e-28	1.0
5000	6	2.54976	0.558192	1.77671e-30	2.61078e-29	1.0
5000	7	1.09351	0.715243	1.97413e-31	1.68899e-28	1.0
5000	8	2.30832	0.733932	4.44178e-29	5.53866e-29	1.0
5000	9	1.35144	0.731164	2.85064e-28	2.4183e-28	1.0
5000	10	1.2973	0.849249	1.28368e-28	1.99004e-28	-1.0
5100	1	2.11606	0.445171	1.06513e-05	1.21426e-05	1.0
5100	2	1.4221	1.362	2.70258e-28	3.08457e-29	-1.0
5100	3	1.21087	1.16701	4.93532e-30	4.93532e-30	1.0
5100	4	2.16704	1.79099	6.41394e-28	1.47709e-27	1.0
5100	5	1.316	0.811229	1.71798e-28	3.65016e-28	1.0
5100	6	2.54976	0.558192	1.77671e-30	2.61078e-29	1.0
5100	7	1.09351	0.715243	1.97413e-31	1.68899e-28	1.0
5100	8	2.34181	0.733932	0.00587292	5.53866e-29	2.16449e-14
5100	9	1.35144	0.731164	2.85064e-28	2.4183e-28	1.0
5100	10	1.66907	1.23995	1.09021e-28	4.64364e-28	-1.0
5200	1	2.23517	0.572347	1.23205e-27	1.68911e-29	-1.0
5200	2	1.4221	1.35694	2.70258e-28	0.000664147	-2.43151e-13
5200	3	1.21087	1.16701	4.93532e-30	4.93532e-30	1.0
5200	4	2.16704	1.79099	6.41394e-28	1.47709e-27	1.0
5200	5	1.316	0.811229	1.71798e-28	3.65016e-28	1.0
5200	6	2.54976	0.558192	1.77671e-30	2.61078e-29	1.0
5200	7	1.09351	0.715243	1.97413e-31	1.68899e-28	1.0
5200	8	2.70242	0.733932	7.34572e-28	5.53866e-29	-1.0
5200	9	1.35144	0.731164	2.85064e-28	2.4183e-28	1.0
5200	10	1.66907	1.23995	1.09021e-28	4.64364e-28	-1.0
5300	1	2.23517	0.572347	1.23205e-27	1.68911e-29	-1.0
5300	2	1.4221	1.10272	2.70258e-28	4.17725e-28	1.0
5300	3	1.21087	1.16701	4.93532e-30	4.93532e-30	1.0
5300	4	2.16704	1.79099	6.41394e-28	1.47709e-27	1.0
5300	5	1.31546	0.810849	2.62995e-05	1.29915e-05	1.0
5300	6	2.54976	0.558192	1.77671e-30	2.61078e-29	1.0
5300	7	1.09351	0.715243	1.97413e-31	1.68899e-28	1.0
5300	8	3.03108	0.733932	7.10686e-30	5.53866e-29	1.0
5300	9	1.80112	0.737383	0.00250565	0.000677344	0.528448
5300	10	1.75818	1.16891	0.00115143	0.000731883	-1.0
5400	1	2.23517	0.572347	1.23205e-27	1.68911e-29	-1.0
5400	2	1.77922	1.34188	1.18571e-27	5.03452e-28	-1.0
5400	3	1.21087	1.16701	4.93532e-30	4.93532e-30	1.0
5400	4	2.16704	1.79099	6.41394e-28	1.47709e-27	1.0
5400	5	1.04405	0.555097	0.0111479	0.0125497	0.998721
5400	6	2.54976	0.558192	1.77671e-30	2.61078e-29	1.0
5400	7	1.09351	0.715243	1.97413e-31	1.68899e-28	1.0
5400	8	3.03108	0.733932	7.10686e-30	5.53866e-29	1.0
5400	9	2.05017	0.951389	0.000261	0.000206312	1.0
5400	10	1.78413	1.14823	7.83531e-28	8.34068e-30	1.0
5500	1	2.23517	0.572347	1.23205e-27	1.68911e-29	-1.0
5500	2	1.77922	1.34188	1.18571e-27	5.03452e-28	-1.0
5500	3	1.21087	1.16701	4.93532e-30	4.93532e-30	1.0
5500	4	2.16704	1.79099	6.41394e-28	1.47709e-27	1.0
5500	5	1.02998	0.54197	0.0112159	0.0127516	1.0
5500	6	2.54976	0.558192	1.77671e-30	2.61078e-29	1.0
5500	7	1.09351	0.715243	1.97413e-31	1.68899e-28	1.0
5500	8	3.03108	0.733932	7.10686e-30	5.53866e-29	1.0
5500	9	2.05229	0.953277	1.23205e-27	1.78165e-29	1.0
5500	10	1.78413	1.14823	7.83531e-28	8.34068e-30	1.0
5600	1	2.41919	0.828305	0.000144058	0.000278694	1.0
5600	2	1.77922	1.34188	1.18571e-27	5.03452e-28	-1.0
5600	3	1.21087	1.16701	4.93532e-30	4.93532e-30	1.0
5600	4	2.16704	1.63167	6.41394e-28	3.33627e-29	-1.0
5600	5	1.0478	0.560972	0.0116895	0.0132901	1.0
5600	6	2.54976	0.558192	1.77671e-30	2.61078e-29	1.0
5600	7	1.09351	0.715243	1.97413e-31	1.68899e-28	1.0
5600	8	3.03108	0.733932	7.10686e-30	5.53866e-29	1.0
5600	9	2.05229	0.953277	1.23205e-27	1.78165e-29	1.0
5600	10	1.78413	1.14823	7.83531e-28	8.34068e-30	1.0
5700	1	2.42077	0.83928	8.59929e-28	3.33627e-29	1.0
5700	2	1.77922	1.34188	1.18571e-27	5.03452e-28	-1.0
5700	3	1.21087	1.16701	4.93532e-30	4.93532e-30	1.0
5700	4	2.16704	1.63167	6.41394e-28	3.33627e-29	-1.0
5700	5	1.04749	0.560644	0.0115377	0.0131175	1.0
5700	6	2.54976	0.558192	1.77671e-30	2.61078e-29	1.0
5700	7	1.11397	0.715243	0.00217663	1.68899e-28	2.54784e-14
5700	8	3.03108	0.733932	7.10686e-30	5.53866e-29	1.0
5700	9	2.13437	0.953277	0.00126564	1.78165e-29	-9.32586e-13
5700	10	1.78413	1.14823	7.83531e-28	8.34068e-30	1.0
5800	1	2.42077	0.83928	8.59929e-28	3.33627e-29	1.0
5800	2	1.84347	1.34162	0.00202484	6.78302e-05	0.0451969
5800	3	1.21087	1.16701	4.93532e-30	4.93532e-30	1.0
5800	4	2.16704	1.63167	6.41394e-28	3.33627e-29	-1.0
5800	5	1.35728	0.824874	6.04576e-29	9.99401e-29	1.0
5800	6	2.54976	0.558192	1.77671e-30	2.61078e-29	1.0
5800	7	1.31955	0.715243	7.58854e-28	1.68899e-28	1.0
5800	8	3.03108	0.733932	7.10686e-30	5.53866e-29	1.0
5800	9	2.16435	0.953277	2.09435e-27	1.78165e-29	-1.0
5800	10	1.78413	0.92454	7.83531e-28	0.00207072	4.69208e-13
5900	1	2.42077	0.83928	8.59929e-28	3.33627e-29	1.0
5900	2	1.9062	1.34188	6.39617e-29	5.03452e-28	-1.0
5900	3	1.21087	1.16701	4.93532e-30	4.93532e-30	1.0
5900	4	2.16704	1.63167	6.41394e-28	3.33627e-29	-1.0
5900	5	1.35728	0.824874	6.04576e-29	9.99401e-29	1.0
5900	6	2.54976	0.558192	1.77671e-30	2.61078e-29	1.0
5900	7	1.31955	0.715243	7.58854e-28	1.68899e-28	1.0
5900	8	3.03108	0.733932	7.10686e-30	5.53866e-29	1.0
5900	9	2.24311	1.16272	0.00129828	0.00918131	1.0
5900	10	1.78413	0.906404	7.83531e-28	5.49313e-28	1.0
6000	1	2.42077	0.83928	8.59929e-28	3.33627e-29	1.0
6000	2	1.9062	1.34188	6.39617e-29	5.03452e-28	-1.0
6000	3	1.21087	1.16701	4.93532e-30	4.93532e-30	1.0
6000	4	2.16704	1.63167	6.41394e-28	3.33627e-29	-1.0
6000	5	1.35728	0.824874	6.04576e-29	9.99401e-29	1.0
6000	6	2.68847	0.558192	8.7059e-29	2.61078e-29	-1.0
6000	7	1.31955	0.715243	7.58854e-28	1.68899e-28	1.0
6000	8	3.03108	0.733932	7.10686e-30	5.53866e-29	1.0
6000	9	2.27528	1.24827	6.19086e-28	3.59785e-29	-1.0
6000	10	1.78413	0.906404	7.83531e-28	5.49313e-28	1.0
6100	1	2.42077	0.83928	8.59929e-28	3.33627e-29	1.0
6100	2	2.13587	1.47609	3.96013e-05	1.35235e-05	1.0
6100	3	1.21087	1.16701	4.93532e-30	4.93532e-30	1.0
6100	4	2.42784	1.90165	1.66024e-28	2.92615e-28	-1.0
6100	5	1.54997	0.907623	4.8371e-28	1.04431e-28	-1.0
6100	6	2.68847	0.558192	8.7059e-29	2.61078e-29	-1.0
6100	7	1.31955	0.715243	7.58854e-28	1.68899e-28	1.0
6100	8	3.03108	0.733932	7.10686e-30	5.53866e-29	1.0
6100	9	2.32759	1.44964	7.89651e-29	3.82191e-28	-1.0
6100	10	1.78413	0.906404	7.83531e-28	5.49313e-28	1.0
6200	1	2.42077	0.83928	8.59929e-28	3.33627e-29	1.0
6200	2	2.13622	1.47629	3.48236e-28	1.11045e-29	-1.0
6200	3	1.21087	1.16701	4.93532e-30	4.93532e-30	1.0
6200	4	2.42784	1.90165	1.66024e-28	2.92615e-28	-1.0
6200	5	1.54997	0.907623	4.8371e-28	1.04431e-28	-1.0
6200	6	2.68847	0.558192	8.7059e-29	2.61078e-29	-1.0
6200	7	1.49807	0.715243	2.28209e-28	1.68899e-28	1.0
6200	8	3.03108	0.733932	7.10686e-30	5.53866e-29	1.0
6200	9	2.32759	1.44964	7.89651e-29	3.82191e-28	-1.0
6200	10	1.78413	0.906404	7.83531e-28	5.49313e-28	1.0
6300	1	2.42077	0.83928	8.59929e-28	3.33627e-29	1.0
6300	2	2.13622	1.47629	3.48236e-28	1.11045e-29	-1.0
6300	3	1.21087	1.16701	4.93532e-30	4.93532e-30	1.0
6300	4	2.42784	1.90165	1.66024e-28	2.92615e-28	-1.0
6300	5	1.54997	0.907623	4.8371e-28	1.04431e-28	-1.0
6300	6	2.68847	0.558192	8.7059e-29	2.61078e-29	-1.0
6300	7	1.49807	0.715243	2.28209e-28	1.68899e-28	1.0
6300	8	3.03108	0.733932	7.10686e-30	5.53866e-29	1.0
6300	9	2.32759	1.44964	7.89651e-29	3.82191e-28	-1.0
6300	10	1.78413	0.906404	7.83531e-28	5.49313e-28	1.0
6400	1	2.42077	0.83928	8.59929e-28	3.33627e-29	1.0
6400	2	2.13929	1.47629	6.68578e-06	1.11045e-29	-1.12715e-11
6400	3	1.21087	1.16701	4.93532e-30	4.93532e-30	1.0
6400	4	2.42784	1.90165	1.66024e-28	2.92615e-28	-1.0
6400	5	1.54997	0.907623	4.8371e-28	1.04431e-28	-1.0
6400	6	2.68847	0.558192	8.7059e-29	2.61078e-29	-1.0
6400	7	1.49807	0.715243	2.28209e-28	1.68899e-28	1.0
6400	8	3.03108	0.733932	7.10686e-30	5.53866e-29	1.0
6400	9	2.76367	1.89691	3.48236e-28	7.2258e-28	1.0
6400	10	1.78413	0.906404	7.83531e-28	5.49313e-28	1.0
6500	1	2.42077	0.83928	8.59929e-28	3.33627e-29	1.0
6500	2	2.61231	1.94491	4.93532e-30	6.87193e-28	-1.0
6500	3	1.21087	1.16701	4.93532e-30	4.93532e-30	1.0
6500	4	2.42778	1.90147	1.88423e-06	1.60494e-05	1.0
6500	5	1.54997	0.907623	4.8371e-28	1.04431e-28	-1.0
6500	6	2.68847	0.558192	8.7059e-29	2.61078e-29	-1.0
6500	7	1.49807	0.720627	2.28209e-28	9.99401e-29	1.0
6500	8	3.03108	0.733932	7.10686e-30	5.53866e-29	1.0
6500	9	2.76367	1.89691	3.48236e-28	7.2258e-28	1.0
6500	10	1.78413	0.906539	7.83531e-28	1.83845e-05	5.46188e-12
6600	1	2.42077	0.83928	8.59929e-28	3.33627e-29	1.0
6600	2	2.61231	1.94491	4.93532e-30	6.87193e-28	-1.0
6600	3	1.21087	1.16701	4.93532e-30	4.93532e-30	1.0
6600	4	2.65267	1.90165	2.4183e-28	2.92615e-28	1.0
6600	5	1.54997	0.907623	4.8371e-28	1.04431e-28	-1.0
6600	6	2.68847	0.558192	8.7059e-29	2.61078e-29	-1.0
6600	7	1.49807	0.720627	2.28209e-28	9.99401e-29	1.0
6600	8	3.03108	0.733932	7.10686e-30	5.53866e-29	1.0
6600	9	2.81637	1.93555	3.69574e-05	1.98648e-05	1.0
6600	10	1.78413	0.90533	7.83531e-28	0.000163852	1.82799e-12
6700	1	2.42077	0.83928	8.59929e-28	3.33627e-29	1.0
6700	2	3.08663	2.23563	4.93532e-28	3.1586e-28	1.0
6700	3	1.21087	1.16701	4.93532e-30	4.93532e-30	1.0
6700	4	2.65267	1.90165	2.4183e-28	2.92615e-28	1.0
6700	5	1.54997	0.907623	4.8371e-28	1.04431e-28	-1.0
6700	6	2.68847	0.558192	8.7059e-29	2.61078e-29	-1.0
6700	7	1.49807	0.720627	2.28209e-28	9.99401e-29	1.0
6700	8	3.03108	0.733932	7.10686e-30	5.53866e-29	1.0
6700	9	2.8177	1.93652	1.42631e-27	1.02339e-27	1.0
6700	10	1.78413	0.906404	7.83531e-28	5.49313e-28	1.0
6800	1	2.74152	0.967619	6.64096e-28	3.08457e-31	1.0
6800	2	3.24826	2.22186	0.00550675	1.99037e-06	0.0127169
6800	3	1.24955	1.19951	0.00173538	0.00122536	1.0
6800	4	2.65267	1.90165	2.4183e-28	2.92615e-28	1.0
6800	5	1.54997	0.907623	4.8371e-28	1.04431e-28	-1.0
6800	6	2.68847	0.558192	8.7059e-29	2.61078e-29	-1.0
6800	7	1.49807	0.720627	2.28209e-28	9.99401e-29	1.0
6800	8	3.03108	0.733932	7.10686e-30	5.53866e-29	1.0
6800	9	2.8177	1.93652	1.42631e-27	1.02339e-27	1.0
6800	10	1.78413	0.906404	7.83531e-28	5.49313e-28	1.0
6900	1	2.74152	0.967619	6.64096e-28	3.08457e-31	1.0
6900	2	3.31541	2.22157	1.78165e-27	1.77671e-30	-1.0
6900	3	1.33916	1.27481	2.63003e-28	5.05376e-29	1.0
6900	4	2.65267	1.90165	2.4183e-28	2.92615e-28	1.0
6900	5	1.54997	0.907623	4.8371e-28	1.04431e-28	-1.0
6900	6	2.68847	0.558192	8.7059e-29	2.61078e-29	-1.0
6900	7	1.49807	0.720627	2.28209e-28	9.99401e-29	1.0
6900	8	3.03108	0.733932	7.10686e-30	5.53866e-29	1.0
6900	9	2.8177	1.93652	1.42631e-27	1.02339e-27	1.0
6900	10	1.78413	0.906404	7.83531e-28	5.49313e-28	1.0
7000	1	2.74152	0.967619	6.64096e-28	3.08457e-31	1.0
7000	2	3.31541	2.22157	1.78165e-27	1.77671e-30	-1.0
7000	3	1.33916	1.27481	2.63003e-28	5.05376e-29	1.0
7000	4	2.65267	1.90165	2.4183e-28	2.92615e-28	1.0
7000	5	1.54997	0.907623	4.8371e-28	1.04431e-28	-1.0
7000	6	2.68847	0.558192	8.7059e-29	2.61078e-29	-1.0
7000	7	1.65523	0.886646	3.00265e-28	1.49293e-28	-1.0
7000	8	3.03108	0.733932	7.10686e-30	5.53866e-29	1.0
7000	9	2.8177	1.93652	1.42631e-27	1.02339e-27	1.0
7000	10	1.78413	0.906404	7.83531e-28	5.49313e-28	1.0
7100	1	2.92459	1.06211	2.34546e-27	7.10686e-30	-1.0
7100	2	3.31448	2.2214	4.67873e-05	1.71643e-05	0.820339
7100	3	1.33916	1.27481	2.63003e-28	5.05376e-29	1.0
7100	4	2.65267	1.90165	2.4183e-28	2.92615e-28	1.0
7100	5	1.54997	0.907623	4.8371e-28	1.04431e-28	-1.0
7100	6	2.68847	0.558192	8.7059e-29	2.61078e-29	-1.0
7100	7	1.65523	0.886646	3.00265e-28	1.49293e-28	-1.0
7100	8	3.03108	0.733932	7.10686e-30	5.53866e-29	1.0
7100	9	2.8177	1.93652	1.42631e-27	1.02339e-27	1.0
7100	10	1.78413	0.906404	7.83531e-28	5.49313e-28	1.0
7200	1	2.92459	1.06211	2.34546e-27	7.10686e-30	-1.0
7200	2	3.27108	1.79312	1.89595e-27	3.65016e-28	-1.0
7200	3	1.33916	1.27481	2.63003e-28	5.05376e-29	1.0
7200	4	2.65267	1.90165	2.4183e-28	2.92615e-28	1.0
7200	5	1.54997	0.907623	4.8371e-28	1.04431e-28	-1.0
7200	6	2.68847	0.558192	8.7059e-29	2.61078e-29	-1.0
7200	7	1.6662	0.897349	0.000823052	0.000806861	0.998741
7200	8	3.03108	0.733932	7.10686e-30	5.53866e-29	1.0
7200	9	2.8177	1.82368	1.42631e-27	3.18646e-06	1.55078e-11
7200	10	1.78413	0.906404	7.83531e-28	5.49313e-28	1.0
7300	1	2.92459	1.06211	2.34546e-27	7.10686e-30	-1.0
7300	2	3.27108	1.79312	1.89595e-27	3.65016e-28	-1.0
7300	3	1.33916	1.27481	2.63003e-28	5.05376e-29	1.0
7300	4	2.65267	1.90165	2.4183e-28	2.92615e-28	1.0
7300	5	1.54997	0.907623	4.8371e-28	1.04431e-28	-1.0
7300	6	2.68847	0.558192	8.7059e-29	2.61078e-29	-1.0
7300	7	1.79643	1.025	0.00104479	0.00100316	1.0
7300	8	3.03108	0.733932	7.10686e-30	5.53866e-29	1.0
7300	9	2.8177	1.82362	1.42631e-27	7.71143e-28	1.0
7300	10	1.78413	0.906404	7.83531e-28	5.49313e-28	1.0
7400	1	2.92459	0.657416	2.34546e-27	6.39617e-29	1.0
7400	2	3.27108	1.79312	1.89595e-27	3.65016e-28	-1.0
7400	3	1.33916	1.27481	2.63003e-28	5.05376e-29	1.0
7400	4	3.10691	1.89597	4.84238e-05	0.00030704	-0.00149824
7400	5	1.54997	0.966385	4.8371e-28	0.00031868	5.35174e-13
7400	6	2.83553	0.807858	4.32943e-05	0.000124789	1.0
7400	7	1.81186	1.04012	3.90926e-28	1.54772e-28	-1.0
7400	8	3.03108	0.733932	7.10686e-30	5.53866e-29	1.0
7400	9	2.8177	1.82362	1.42631e-27	7.71143e-28	1.0
7400	10	1.92552	0.987986	9.26309e-28	0.000710292	4.09061e-13
7500	1	2.92446	0.657266	7.78123e-06	1.12796e-05	0.999681
7500	2	3.27108	1.79312	1.89595e-27	3.65016e-28	-1.0
7500	3	1.33916	1.27481	2.63003e-28	5.05376e-29	1.0
7500	4	3.26241	1.88547	4.49011e-09	0.000752704	1.0
7500	5	1.54997	0.97737	4.8371e-28	1.57548e-28	1.0
7500	6	2.83612	0.808861	2.89032e-27	1.18571e-29	-1.0
7500	7	1.94346	1.11715	0.00213588	0.000731756	1.0
7500	8	3.03108	0.733932	7.10686e-30	5.53866e-29	1.0
7500	9	2.8177	1.82362	1.42631e-27	7.71143e-28	1.0
7500	10	1.92552	1.12512	9.26309e-28	4.36085e-28	-1.0
7600	1	3.11132	0.773314	0.00016536	0.000122885	1.0
7600	2	3.27133	1.79312	5.9919e-06	3.65016e-28	-1.81439e-11
7600	3	1.33916	1.27481	2.63003e-28	5.05376e-29	1.0
7600	4	3.26225	1.81904	8.30118e-09	0.00139158	1.0
7600	5	1.54997	0.97737	4.8371e-28	1.57548e-28	1.0
7600	6	2.83612	0.808861	2.89032e-27	1.18571e-29	-1.0
7600	7	1.97626	1.13634	3.31851e-28	6.04576e-29	1.0
7600	8	3.03108	0.733932	7.10686e-30	5.53866e-29	1.0
7600	9	2.8177	1.82358	1.42631e-27	1.68165e-06	2.12883e-11
7600	10	1.92552	1.12512	9.26309e-28	4.36085e-28	-1.0
7700	1	3.11234	0.774147	3.51541e-06	9.49149e-06	1.0
7700	2	3.30811	1.80383	0.000216655	5.73508e-07	-0.0343831
7700	3	1.33916	1.27481	2.63003e-28	5.05376e-29	1.0
7700	4	3.2622	1.80091	4.17543e-09	0.000699953	1.0
7700	5	1.54997	0.97737	4.8371e-28	1.57548e-28	1.0
7700	6	2.83612	0.808861	2.89032e-27	1.18571e-29	-1.0
7700	7	1.97626	1.13634	3.31851e-28	6.04576e-29	1.0
7700	8	3.03108	0.733932	7.10686e-30	5.53866e-29	1.0
7700	9	2.8177	1.81185	1.42631e-27	0.000394962	8.02148e-13
7700	10	1.92552	1.12512	9.26309e-28	4.36085e-28	-1.0
7800	1	3.1124	0.774244	1.04431e-28	8.49985e-29	-1.0
7800	2	3.32026	1.69215	2.98666e-27	0.00333508	-5.12299e-14
7800	3	1.33916	1.27481	2.63003e-28	5.05376e-29	1.0
7800	4	3.26218	1.78938	8.48021e-10	0.000142159	1.0
7800	5	1.54997	0.97737	4.8371e-28	1.57548e-28	1.0
7800	6	2.83612	0.808861	2.89032e-27	1.18571e-29	-1.0
7800	7	1.97626	1.13634	3.31851e-28	6.04576e-29	1.0
7800	8	3.03108	0.733932	7.10686e-30	5.53866e-29	1.0
7800	9	2.81763	1.75481	1.42831e-06	0.000462619	-0.279183
7800	10	2.11479	1.12512	0.00108999	4.36085e-28	-6.10526e-13
7900	1	3.1124	0.774244	1.04431e-28	8.49985e-29	-1.0
7900	2	3.32026	1.63341	2.98666e-27	2.70258e-28	-1.0
7900	3	1.33916	1.27481	2.63003e-28	5.05376e-29	1.0
7900	4	3.26217	1.78691	4.80423e-27	2.14982e-28	-1.0
7900	5	1.54997	0.97737	4.8371e-28	1.57548e-28	1.0
7900	6	2.83612	0.808861	2.89032e-27	1.18571e-29	-1.0
7900	7	1.97627	1.1362	1.20865e-07	1.06902e-05	-1.0
7900	8	3.03108	0.733932	7.10686e-30	5.53866e-29	1.0
7900	9	2.8177	1.74259	1.42631e-27	3.94303e-05	4.02129e-12
7900	10	2.12613	1.12512	3.65016e-28	4.36085e-28	-1.0
8000	1	3.1124	0.774244	1.04431e-28	8.49985e-29	-1.0
8000	2	3.32026	1.63341	2.98666e-27	2.70258e-28	-1.0
8000	3	1.33916	1.27481	2.63003e-28	5.05376e-29	1.0
8000	4	3.26217	1.78691	4.80423e-27	2.14982e-28	-1.0
8000	5	1.54997	0.97737	4.8371e-28	1.57548e-28	1.0
8000	6	2.83612	0.808861	2.89032e-27	1.18571e-29	-1.0
8000	7	1.97626	1.13634	3.31851e-28	6.04576e-29	1.0
8000	8	3.03111	0.733994	7.97985e-07	3.91948e-06	1.0
8000	9	2.8177	1.74161	1.42631e-27	6.87193e-28	1.0
8000	10	2.12613	0.722474	3.65016e-28	9.67322e-30	-1.0
8100	1	3.11284	0.774244	3.14287e-05	8.49985e-29	-1.92569e-12
8100	2	3.32026	1.63341	2.98666e-27	2.70258e-28	-1.0
8100	3	1.33916	1.27481	2.63003e-28	5.05376e-29	1.0
8100	4	3.26217	1.78691	4.80423e-27	2.14982e-28	-1.0
8100	5	1.54997	0.97737	4.8371e-28	1.57548e-28	1.0
8100	6	2.83612	0.808861	2.89032e-27	1.18571e-29	-1.0
8100	7	1.97626	1.13634	3.31851e-28	6.04576e-29	1.0
8100	8	3.03108	0.733932	7.10686e-30	5.53866e-29	1.0
8100	9	2.83382	1.77986	2.21702e-06	1.88502e-05	0.811909
8100	10	2.12613	0.722474	3.65016e-28	9.67322e-30	-1.0
8200	1	3.25606	0.774244	0.000103287	8.49985e-29	6.25126e-12
8200	2	3.32026	1.63341	2.98666e-27	2.70258e-28	-1.0
8200	3	1.33916	1.27479	2.63003e-28	2.24657e-07	1.52019e-11
8200	4	3.26217	1.78691	4.80423e-27	2.14982e-28	-1.0
8200	5	1.54997	0.97737	4.8371e-28	1.57548e-28	1.0
8200	6	2.83612	0.808861	2.89032e-27	1.18571e-29	-1.0
8200	7	1.97626	1.13634	3.31851e-28	6.04576e-29	1.0
8200	8	3.03108	0.733932	7.10686e-30	5.53866e-29	1.0
8200	9	2.83409	1.78057	1.85746e-27	9.39882e-28	-1.0
8200	10	2.13932	0.722474	0.000634177	9.67322e-30	-9.91667e-13
8300	1	3.25751	0.774244	4.74284e-27	8.49985e-29	1.0
8300	2	3.32026	1.63341	2.98666e-27	2.70258e-28	-1.0
8300	3	1.33916	1.27481	2.63003e-28	5.05376e-29	1.0
8300	4	3.24102	1.74293	2.84274e-27	7.10686e-28	-1.0
8300	5	1.54997	0.97737	4.8371e-28	1.57548e-28	1.0
8300	6	2.83612	0.808861	2.89032e-27	1.18571e-29	-1.0
8300	7	2.06228	1.13634	1.11045e-27	6.04576e-29	-1.0
8300	8	3.03108	0.733932	7.10686e-30	5.53866e-29	1.0
8300	9	2.83409	1.78057	1.85746e-27	9.39882e-28	-1.0
8300	10	2.23297	0.722474	2.02151e-28	9.67322e-30	1.0
8400	1	3.25751	0.774244	4.74284e-27	8.49985e-29	1.0
8400	2	3.32026	1.63341	2.98666e-27	2.70258e-28	-1.0
8400	3	1.33916	1.27481	2.63003e-28	5.05376e-29	1.0
8400	4	3.24102	1.74293	2.84274e-27	7.10686e-28	-1.0
8400	5	1.54997	0.97737	4.8371e-28	1.57548e-28	1.0
8400	6	2.83612	0.808861	2.89032e-27	1.18571e-29	-1.0
8400	7	2.06228	1.13634	1.11045e-27	6.04576e-29	-1.0
8400	8	3.03108	0.733932	7.10686e-30	5.53866e-29	1.0
8400	9	3.03248	1.86255	4.73988e-28	7.83531e-28	-1.0
8400	10	2.23297	0.722474	2.02151e-28	9.67322e-30	1.0
8500	1	3.25751	0.774244	4.74284e-27	8.49985e-29	1.0
8500	2	3.32026	1.63341	2.98666e-27	2.70258e-28	-1.0
8500	3	1.33916	1.27481	2.63003e-28	5.05376e-29	1.0
8500	4	3.24102	1.74293	2.84274e-27	7.10686e-28	-1.0
8500	5	1.54997	0.97737	4.8371e-28	1.57548e-28	1.0
8500	6	2.83612	0.808861	2.89032e-27	1.18571e-29	-1.0
8500	7	2.19811	1.13634	1.39294e-27	6.04576e-29	-1.0
8500	8	3.03108	0.733932	7.10686e-30	5.53866e-29	1.0
8500	9	3.03248	1.86255	4.73988e-28	7.83531e-28	-1.0
8500	10	2.23297	0.722474	2.02151e-28	9.67322e-30	1.0
8600	1	3.25751	0.774244	4.74284e-27	8.49985e-29	1.0
8600	2	3.32026	1.63341	2.98666e-27	2.70258e-28	-1.0
8600	3	1.33916	1.27481	2.63003e-28	5.05376e-29	1.0
8600	4	3.24102	1.74293	2.84274e-27	7.10686e-28	-1.0
8600	5	1.55001	0.977408	1.07598e-06	1.42199e-06	1.0
8600	6	2.83612	0.808861	2.89032e-27	1.18571e-29	-1.0
8600	7	2.19811	1.13634	1.39294e-27	6.04576e-29	-1.0
8600	8	3.03108	0.733932	7.10686e-30	5.53866e-29	1.0
8600	9	3.03248	1.86255	4.73988e-28	7.83531e-28	-1.0
8600	10	2.55362	0.950002	0.00229016	0.00115309	1.0
8700	1	3.25751	0.774244	4.74284e-27	8.49985e-29	1.0
8700	2	3.32026	1.63341	2.98666e-27	2.70258e-28	-1.0
8700	3	1.33916	1.27481	2.63003e-28	5.05376e-29	1.0
8700	4	3.24102	1.26786	2.84274e-27	0.00169405	-3.16973e-13
8700	5	1.53932	0.97737	7.46664e-28	1.57548e-28	1.0
8700	6	2.83612	0.808861	2.89032e-27	1.18571e-29	-1.0
8700	7	2.19811	1.13634	1.39294e-27	6.04576e-29	-1.0
8700	8	3.03108	0.733932	7.10686e-30	5.53866e-29	1.0
8700	9	3.03248	1.86255	4.73988e-28	7.83531e-28	-1.0
8700	10	2.69782	1.00598	0.00719262	0.000890723	0.99993
8800	1	3.25751	0.774244	4.74284e-27	8.49985e-29	1.0
8800	2	3.32026	1.63341	2.98666e-27	2.70258e-28	-1.0
8800	3	1.33916	1.27481	2.63003e-28	5.05376e-29	1.0
8800	4	3.24102	1.26062	2.84274e-27	1.83643e-28	-1.0
8800	5	1.53932	0.97737	7.46664e-28	1.57548e-28	1.0
8800	6	2.83612	0.808861	2.89032e-27	1.18571e-29	-1.0
8800	7	2.19811	1.13634	1.39294e-27	6.04576e-29	-1.0
8800	8	3.03108	0.733932	7.10686e-30	5.53866e-29	1.0
8800	9	3.03248	1.59217	4.73988e-28	1.18571e-27	1.0
8800	10	2.8103	1.04573	0.000210207	1.64172e-05	0.883529
8900	1	3.25751	0.774244	4.74284e-27	8.49985e-29	1.0
8900	2	3.32026	1.63341	2.98666e-27	2.70258e-28	-1.0
8900	3	1.33916	1.27481	2.63003e-28	5.05376e-29	1.0
8900	4	3.24102	1.26062	2.84274e-27	1.83643e-28	-1.0
8900	5	1.84705	0.999364	0.00194274	0.000960683	0.998632
8900	6	2.83612	0.808861	2.89032e-27	1.18571e-29	-1.0
8900	7	2.19811	1.13634	1.39294e-27	6.04576e-29	-1.0
8900	8	3.03108	0.733932	7.10686e-30	5.53866e-29	1.0
8900	9	3.03248	1.59217	4.73988e-28	1.18571e-27	1.0
8900	10	2.81178	1.04611	9.67322e-30	5.97173e-28	-1.0
9000	1	3.25751	0.774244	4.74284e-27	8.49985e-29	1.0
9000	2	3.32026	1.63341	2.98666e-27	2.70258e-28	-1.0
9000	3	1.33687	1.16322	3.08013e-28	2.17647e-29	-1.0
9000	4	3.24102	1.26029	2.84274e-27	5.38076e-05	-1.83548e-12
9000	5	1.96692	1.08387	2.21546e-28	1.97413e-31	1.0
9000	6	2.83612	0.808861	2.89032e-27	1.18571e-29	-1.0
9000	7	2.19811	1.13634	1.39294e-27	6.04576e-29	-1.0
9000	8	3.03108	0.733932	7.10686e-30	5.53866e-29	1.0
9000	9	3.03248	1.59217	4.73988e-28	1.18571e-27	1.0
9000	10	2.81178	1.04611	9.67322e-30	5.97173e-28	-1.0
9100	1	3.25751	0.774244	4.74284e-27	8.49985e-29	1.0
9100	2	3.38882	1.63341	0.000374197	2.70258e-28	2.40771e-12
9100	3	1.33687	1.16322	3.08013e-28	2.17647e-29	-1.0
9100	4	3.24102	1.26062	2.84274e-27	1.83643e-28	-1.0
9100	5	1.96692	1.08387	2.21546e-28	1.97413e-31	1.0
9100	6	3.02821	0.923127	2.38869e-27	2.4183e-30	-1.0
9100	7	2.19811	1.13634	1.39294e-27	6.04576e-29	-1.0
9100	8	3.03108	0.733932	7.10686e-30	5.53866e-29	1.0
9100	9	3.03248	1.59179	4.73988e-28	4.68016e-05	5.02499e-12
9100	10	2.81178	1.04611	9.67322e-30	5.97173e-28	-1.0
9200	1	3.25751	0.774244	4.74284e-27	8.49985e-29	1.0
9200	2	3.38111	1.53428	1.57014e-05	0.000446205	1.0
9200	3	1.33687	1.16322	3.08013e-28	2.17647e-29	-1.0
9200	4	3.24102	1.26062	2.84274e-27	1.83643e-28	-1.0
9200	5	1.96692	1.08387	2.21546e-28	1.97413e-31	1.0
9200	6	3.02821	0.599376	2.38869e-27	1.23383e-30	-1.0
9200	7	2.19811	1.13634	1.39294e-27	6.04576e-29	-1.0
9200	8	3.03108	0.733932	7.10686e-30	5.53866e-29	1.0
9200	9	3.03248	1.59217	4.73988e-28	1.18571e-27	1.0
9200	10	2.81178	1.04611	9.67322e-30	5.97173e-28	-1.0
9300	1	3.25751	0.774244	4.74284e-27	8.49985e-29	1.0
9300	2	3.37937	1.52501	2.56557e-27	2.63003e-28	1.0
9300	3	1.33687	0.948642	3.08013e-28	1.23383e-28	1.0
9300	4	3.24102	1.26062	2.84274e-27	1.83643e-28	-1.0
9300	5	1.96692	1.08387	2.21546e-28	1.97413e-31	1.0
9300	6	3.02821	0.599376	2.38869e-27	1.23383e-30	-1.0
9300	7	2.19811	1.13634	1.39294e-27	6.04576e-29	-1.0
9300	8	3.04872	0.733932	0.00144671	5.53866e-29	-2.41842e-13
9300	9	3.03248	1.59217	4.73988e-28	1.18571e-27	1.0
9300	10	3.00271	1.04611	4.62123e-27	5.97173e-28	-1.0
9400	1	3.48756	1.08012	6.75645e-27	1.71798e-28	1.0
9400	2	3.47882	1.59931	2.41499e-05	1.73845e-05	1.0
9400	3	1.33687	0.948642	3.08013e-28	1.23383e-28	1.0
9400	4	3.24102	1.26062	2.84274e-27	1.83643e-28	-1.0
9400	5	1.96692	1.08387	2.21546e-28	1.97413e-31	1.0
9400	6	3.07494	0.580344	3.33385e-06	1.68911e-29	-2.14845e-11
9400	7	2.19811	1.13634	1.39294e-27	6.04576e-29	-1.0
9400	8	3.21488	0.733932	4.36085e-28	5.53866e-29	1.0
9400	9	3.03248	1.59217	4.73988e-28	1.18571e-27	1.0
9400	10	3.00271	1.15241	4.62123e-27	0.000294496	-3.22126e-13
9500	1	3.48756	1.08012	6.75645e-27	1.71798e-28	1.0
9500	2	3.47867	1.59918	2.34546e-27	1.49293e-28	-1.0
9500	3	1.68472	1.20189	1.65279e-27	9.67322e-30	1.0
9500	4	3.24102	1.26062	2.84274e-27	1.83643e-28	-1.0
9500	5	1.96692	1.08387	2.21546e-28	1.97413e-31	1.0
9500	6	3.08301	0.580285	2.37639e-06	8.8753e-07	1.0
9500	7	2.19811	1.13634	1.39294e-27	6.04576e-29	-1.0
9500	8	3.21488	0.733932	4.36085e-28	5.53866e-29	1.0
9500	9	3.03248	1.59217	4.73988e-28	1.18571e-27	1.0
9500	10	3.00279	1.15813	6.38564e-06	1.58012e-05	1.0
9600	1	3.48756	1.08012	6.75645e-27	1.71798e-28	1.0
9600	2	3.47867	1.59918	2.34546e-27	1.49293e-28	-1.0
9600	3	1.68225	1.19535	5.30232e-05	0.000373122	1.0
9600	4	3.24102	1.26062	2.84274e-27	1.83643e-28	-1.0
9600	5	1.96692	1.0839	2.21546e-28	2.849e-07	7.97457e-13
9600	6	3.08311	0.580344	4.68184e-27	1.68911e-29	-1.0
9600	7	2.19811	1.13634	1.39294e-27	6.04576e-29	-1.0
9600	8	3.21488	0.733932	4.36085e-28	5.53866e-29	1.0
9600	9	3.03248	1.3692	4.73988e-28	1.00922e-27	1.0
9600	10	3.00271	1.17589	4.62123e-27	9.40204e-05	1.99573e-12
9700	1	3.48756	1.08012	6.75645e-27	1.71798e-28	1.0
9700	2	3.47867	1.59918	2.34546e-27	1.49293e-28	-1.0
9700	3	1.64958	1.0925	0.00040536	0.000277418	1.0
9700	4	3.24102	1.26062	2.84274e-27	1.83643e-28	-1.0
9700	5	1.96692	1.10609	2.21546e-28	1.91836e-05	-1.87571e-12
9700	6	3.08311	0.580344	4.68184e-27	1.68911e-29	-1.0
9700	7	2.19811	1.13634	1.39294e-27	6.04576e-29	-1.0
9700	8	3.21488	0.733932	4.36085e-28	5.53866e-29	1.0
9700	9	3.03248	1.36933	4.73988e-28	4.27955e-06	1.5217e-11
9700	10	3.00271	1.18313	4.62123e-27	6.75595e-28	1.0
9800	1	3.48756	1.08012	6.75645e-27	1.71798e-28	1.0
9800	2	3.47943	1.59918	4.44062e-05	1.49293e-28	-7.09282e-12
9800	3	1.94461	1.1714	1.99515e-05	4.74284e-29	5.03583e-12
9800	4	3.24102	1.26062	2.84274e-27	1.83643e-28	-1.0
9800	5	2.20424	1.15653	1.52876e-27	4.1506e-29	-1.0
9800	6	3.08311	0.580344	4.68184e-27	1.68911e-29	-1.0
9800	7	2.19811	0.899757	1.39294e-27	2.08517e-28	-1.0
9800	8	3.21488	0.621186	4.36085e-28	2.22672e-05	4.55892e-13
9800	9	3.03248	1.3692	4.73988e-28	1.00922e-27	1.0
9800	10	3.00271	1.18313	4.62123e-27	6.75595e-28	1.0
9900	1	3.48756	1.08012	6.75645e-27	1.71798e-28	1.0
9900	2	3.59627	1.59918	8.3774e-27	1.49293e-28	1.0
9900	3	1.94481	1.1714	5.03452e-28	4.74284e-29	1.0
9900	4	3.24102	1.26062	2.84274e-27	1.83643e-28	-1.0
9900	5	2.20424	1.15653	1.52876e-27	4.1506e-29	-1.0
9900	6	3.08311	0.580344	4.68184e-27	1.68911e-29	-1.0
9900	7	2.19811	0.899757	1.39294e-27	2.08517e-28	-1.0
9900	8	3.21488	0.62079	4.36085e-28	5.44119e-30	1.0
9900	9	3.03248	1.3692	4.73988e-28	1.00922e-27	1.0
9900	10	3.00271	1.18313	4.62123e-27	6.75595e-28	1.0
10000	1	3.48776	1.08012	1.00813e-05	1.71798e-28	2.58034e-11
10000	2	3.59627	1.59918	8.3774e-27	1.49293e-28	1.0
10000	3	1.94481	1.1714	5.03452e-28	4.74284e-29	1.0
10000	4	3.24102	1.26062	2.84274e-27	1.83643e-28	-1.0
10000	5	2.17606	1.15653	9.9382e-07	4.1506e-29	-9.51327e-12
10000	6	3.08311	0.580344	4.68184e-27	1.68911e-29	-1.0
10000	7	2.19811	0.940117	1.39294e-27	0.00183992	-6.81879e-14
10000	8	3.21488	0.62079	4.36085e-28	5.44119e-30	1.0
10000	9	3.03248	1.3692	4.73988e-28	1.00922e-27	1.0
10000	10	3.00271	1.18313	4.62123e-27	6.75595e-28	1.0
