// Initial random seed:
1755726164669775694

// RunInitializeCallbacks():
initializeMutationRate(1e-07);
initializeMutationType(1, 0.5, "n", 0, 0.5);
initializeMutationType(2, 0.5, "n", 0, 0.5);
initializeMutationType(3, 0.5, "n", 0, 0.5);
initializeGenomicElementType(1, m1, 1);
initializeGenomicElementType(2, m2, 1);
initializeGenomicElementType(3, m3, 1);
initializeGenomicElement(g3, 0, 49);
initializeRecombinationRate(0.5);

// Starting run at tick <start>:
1 

0.0
0.0
4.60517 4.60517
100	1	0.0	0.0	0.0	0.0	NAN
100	2	0.0	0.0	0.0	0.0	NAN
100	3	0.0	0.0	0.0	0.0	NAN
100	4	0.0	0.0	0.0	0.0	NAN
100	5	0.0	0.0	0.0	0.0	NAN
100	6	0.0	0.0	0.0	0.0	NAN
100	7	0.0	0.0	0.0	0.0	NAN
100	8	0.46132	0.563373	0.00411516	0.00425358	1.0
100	9	0.0	0.0	0.0	0.0	NAN
100	10	0.0	0.0	0.0	0.0	NAN
200	1	0.0	0.0	0.0	0.0	NAN
200	2	0.260275	0.234601	0.000532205	3.13687e-05	0.912662
200	3	0.0	0.0	0.0	0.0	NAN
200	4	0.000105083	7.59096e-05	1.10424e-05	5.76226e-06	1.0
200	5	0.0	0.0	0.0	0.0	NAN
200	6	0.0	0.0	0.0	0.0	NAN
200	7	0.0	0.0	0.0	0.0	NAN
200	8	0.492718	0.595295	6.04576e-29	2.4183e-30	1.0
200	9	0.0	0.0	0.0	0.0	NAN
200	10	0.0	0.0	0.0	0.0	NAN
300	1	0.0	0.0	0.0	0.0	NAN
300	2	0.313771	0.246814	2.44329e-29	1.51144e-31	-1.0
300	3	0.0	0.0	0.0	0.0	NAN
300	4	0.0	0.0	0.0	0.0	NAN
300	5	0.0	0.0	0.0	0.0	NAN
300	6	0.0	0.0	0.0	0.0	NAN
300	7	0.0	0.0	0.0	0.0	NAN
300	8	0.641362	0.691849	1.41261e-28	7.89651e-29	-1.0
300	9	0.0	0.0	0.0	0.0	NAN
300	10	0.0	0.0	0.0	0.0	NAN
400	1	-0.0113895	0.250897	4.41028e-32	3.20919e-29	1.0
400	2	0.313771	0.246814	2.44329e-29	1.51144e-31	-1.0
400	3	0.0	0.0	0.0	0.0	NAN
400	4	-0.000261036	-0.000274953	6.814e-05	7.55991e-05	1.0
400	5	0.0	0.0	0.0	0.0	NAN
400	6	0.0	0.0	0.0	0.0	NAN
400	7	0.0	0.0	0.0	0.0	NAN
400	8	0.641362	0.691849	1.41261e-28	7.89651e-29	-1.0
400	9	0.0	0.0	0.0	0.0	NAN
400	10	0.0	0.0	0.0	0.0	NAN
500	1	-0.0113895	0.250897	4.41028e-32	3.20919e-29	1.0
500	2	0.370658	0.468108	1.03765e-29	7.71143e-30	-1.0
500	3	0.0	0.0	0.0	0.0	NAN
500	4	0.0	0.0	0.0	0.0	NAN
500	5	0.0	0.0	0.0	0.0	NAN
500	6	0.0	0.0	0.0	0.0	NAN
500	7	0.0	0.0	0.0	0.0	NAN
500	8	0.641362	0.691849	1.41261e-28	7.89651e-29	-1.0
500	9	0.0	0.0	0.0	0.0	NAN
500	10	0.0	0.0	0.0	0.0	NAN
600	1	-0.0113895	0.250897	4.41028e-32	3.20919e-29	1.0
600	2	0.370658	0.468108	1.03765e-29	7.71143e-30	-1.0
600	3	0.0	0.0	0.0	0.0	NAN
600	4	0.0	0.0	0.0	0.0	NAN
600	5	0.0	0.0	0.0	0.0	NAN
600	6	0.0	0.0	0.0	0.0	NAN
600	7	0.0619741	-0.105194	0.000363316	0.00104676	-1.0
600	8	0.641362	0.691849	1.41261e-28	7.89651e-29	-1.0
600	9	0.0	0.0	0.0	0.0	NAN
600	10	0.0	0.0	0.0	0.0	NAN
700	1	-0.0113895	0.250897	4.41028e-32	3.20919e-29	1.0
700	2	0.370658	0.468108	1.03765e-29	7.71143e-30	-1.0
700	3	0.0	0.0	0.0	0.0	NAN
700	4	0.0	0.0	0.0	0.0	NAN
700	5	0.0	0.0	0.0	0.0	NAN
700	6	0.0	0.0	0.0	0.0	NAN
700	7	0.0733421	-0.12449	6.95957e-32	4.33768e-30	-1.0
700	8	0.641362	0.691849	1.41261e-28	7.89651e-29	-1.0
700	9	0.231033	0.161151	4.0072e-05	1.94966e-05	1.0
700	10	-0.0934193	0.0151939	0.00214879	5.68407e-05	-1.0
800	1	0.0261885	0.289194	0.00242422	0.0025178	1.0
800	2	0.370658	0.468108	1.03765e-29	7.71143e-30	-1.0
800	3	0.0	0.0	0.0	0.0	NAN
800	4	0.0	0.0	0.0	0.0	NAN
800	5	0.50998	0.413511	1.51144e-29	5.21293e-29	-1.0
800	6	0.0	0.0	0.0	0.0	NAN
800	7	0.0720773	-0.129006	1.07139e-05	0.00013659	1.0
800	8	0.641362	0.691849	1.41261e-28	7.89651e-29	-1.0
800	9	0.23138	0.161393	2.77612e-32	2.4985e-31	1.0
800	10	-0.14048	0.022848	5.44119e-30	6.77763e-32	-1.0
900	1	0.151639	0.417043	3.08457e-31	3.66478e-29	1.0
900	2	0.370658	0.468108	1.03765e-29	7.71143e-30	-1.0
900	3	0.0	0.0	0.0	0.0	NAN
900	4	0.0	0.0	0.0	0.0	NAN
900	5	0.50998	0.413511	1.51144e-29	5.21293e-29	-1.0
900	6	0.0	0.0	0.0	0.0	NAN
900	7	0.0541783	-0.192915	1.35384e-31	4.22278e-30	1.0
900	8	0.641362	0.691849	1.41261e-28	7.89651e-29	-1.0
900	9	0.23138	0.161393	2.77612e-32	2.4985e-31	1.0
900	10	-0.14048	0.022848	5.44119e-30	6.77763e-32	-1.0
1000	1	0.151639	0.417043	3.08457e-31	3.66478e-29	1.0
1000	2	0.428692	0.543634	0.00722376	0.0122347	1.0
1000	3	0.194677	0.0770838	6.95957e-30	5.01436e-31	1.0
1000	4	0.000583193	0.000789327	1.85737e-05	3.40242e-05	1.0
1000	5	0.50998	0.413511	1.51144e-29	5.21293e-29	-1.0
1000	6	0.0	0.0	0.0	0.0	NAN
1000	7	0.0541783	-0.192915	1.35384e-31	4.22278e-30	1.0
1000	8	0.641362	0.691849	1.41261e-28	7.89651e-29	-1.0
1000	9	0.23138	0.161393	2.77612e-32	2.4985e-31	1.0
1000	10	-0.14048	0.022848	5.44119e-30	6.77763e-32	-1.0
1100	1	0.151639	0.417043	3.08457e-31	3.66478e-29	1.0
1100	2	0.762757	0.90665	0.000434759	0.000106863	1.0
1100	3	0.194677	0.0770838	6.95957e-30	5.01436e-31	1.0
1100	4	0.0436099	0.0590242	0.000466847	0.000855194	1.0
1100	5	0.50998	0.413511	1.51144e-29	5.21293e-29	-1.0
1100	6	0.290899	0.218349	1.97413e-31	5.3124e-30	1.0
1100	7	0.0541783	-0.192915	1.35384e-31	4.22278e-30	1.0
1100	8	0.642862	0.695389	4.5623e-05	0.000253942	1.0
1100	9	0.23138	0.161393	2.77612e-32	2.4985e-31	1.0
1100	10	-0.14048	0.022848	5.44119e-30	6.77763e-32	-1.0
1200	1	0.151639	0.417043	3.08457e-31	3.66478e-29	1.0
1200	2	0.771942	0.911203	4.44178e-29	4.13197e-28	1.0
1200	3	0.194027	0.110046	2.09252e-07	0.000537183	-1.0
1200	4	0.0639892	0.0866068	2.56129e-05	4.6919e-05	1.0
1200	5	0.50998	0.413511	1.51144e-29	5.21293e-29	-1.0
1200	6	0.290899	0.218349	1.97413e-31	5.3124e-30	1.0
1200	7	0.296146	-0.00554576	5.97173e-30	1.03095e-33	1.0
1200	8	0.937957	1.09419	2.92615e-28	4.44178e-29	1.0
1200	9	0.23138	0.161393	2.77612e-32	2.4985e-31	1.0
1200	10	0.124885	0.270367	0.000387642	0.000337256	1.0
1300	1	0.151639	0.417043	3.08457e-31	3.66478e-29	1.0
1300	2	0.771942	0.911203	4.44178e-29	4.13197e-28	1.0
1300	3	0.172911	0.120868	7.26941e-05	7.90528e-05	1.0
1300	4	0.0647992	0.0877031	2.2072e-30	3.41019e-30	-1.0
1300	5	0.50998	0.413511	1.51144e-29	5.21293e-29	-1.0
1300	6	0.290899	0.218349	1.97413e-31	5.3124e-30	1.0
1300	7	0.296146	-0.00554576	5.97173e-30	1.03095e-33	1.0
1300	8	0.937957	1.09419	2.92615e-28	4.44178e-29	1.0
1300	9	0.23138	0.161393	2.77612e-32	2.4985e-31	1.0
1300	10	0.425518	0.484568	2.38509e-05	2.05023e-05	1.0
1400	1	0.616559	0.941853	0.0114006	0.0114883	1.0
1400	2	0.772107	0.91132	2.72235e-05	1.36144e-05	1.0
1400	3	0.165808	0.113461	1.51144e-31	3.1586e-30	-1.0
1400	4	0.0647992	0.0877031	2.2072e-30	3.41019e-30	-1.0
1400	5	0.50998	0.413511	1.51144e-29	5.21293e-29	-1.0
1400	6	0.290899	0.218349	1.97413e-31	5.3124e-30	1.0
1400	7	0.296146	-0.00554576	5.97173e-30	1.03095e-33	1.0
1400	8	0.937957	1.09419	2.92615e-28	4.44178e-29	1.0
1400	9	0.23138	0.161393	2.77612e-32	2.4985e-31	1.0
1400	10	0.425672	0.484712	3.14657e-29	4.97511e-29	-1.0
1500	1	1.12238	1.36907	4.8371e-28	3.1586e-28	1.0
1500	2	1.10193	1.14457	7.89651e-31	2.55847e-28	-1.0
1500	3	0.245139	0.29319	1.57489e-05	8.08356e-05	1.0
1500	4	0.0962566	0.0801769	0.00216879	0.000124142	-1.0
1500	5	0.50998	0.413511	1.51144e-29	5.21293e-29	-1.0
1500	6	0.290899	0.218349	1.97413e-31	5.3124e-30	1.0
1500	7	0.296201	-0.00547136	9.92116e-07	1.84116e-06	1.0
1500	8	0.937957	1.09419	2.92615e-28	4.44178e-29	1.0
1500	9	0.23138	0.161393	2.77612e-32	2.4985e-31	1.0
1500	10	0.425672	0.484712	3.14657e-29	4.97511e-29	-1.0
1600	1	1.32914	1.53368	5.03452e-28	4.1506e-29	1.0
1600	2	1.10193	1.14457	7.89651e-31	2.55847e-28	-1.0
1600	3	0.245537	0.294093	2.24865e-30	4.07935e-29	1.0
1600	4	0.234381	0.0471306	2.66785e-29	4.05332e-32	-1.0
1600	5	0.50998	0.413511	1.51144e-29	5.21293e-29	-1.0
1600	6	0.290899	0.218349	1.97413e-31	5.3124e-30	1.0
1600	7	0.296146	-0.00554576	5.97173e-30	1.03095e-33	1.0
1600	8	0.937713	1.09393	2.979e-05	3.51706e-05	1.0
1600	9	0.23138	0.161393	2.77612e-32	2.4985e-31	1.0
1600	10	0.425672	0.484712	3.14657e-29	4.97511e-29	-1.0
1700	1	1.53145	1.71379	1.02426e-05	8.11846e-06	1.0
1700	2	1.10193	1.14457	7.89651e-31	2.55847e-28	-1.0
1700	3	0.245537	0.294093	2.24865e-30	4.07935e-29	1.0
1700	4	0.238709	0.0499217	0.000328062	0.000136425	1.0
1700	5	0.50998	0.413511	1.51144e-29	5.21293e-29	-1.0
1700	6	0.290899	0.218349	1.97413e-31	5.3124e-30	1.0
1700	7	0.296146	-0.00554576	5.97173e-30	1.03095e-33	1.0
1700	8	0.937957	1.09419	2.92615e-28	4.44178e-29	1.0
1700	9	0.499112	0.416175	1.91247e-28	1.18571e-29	1.0
1700	10	0.425672	0.484712	3.14657e-29	4.97511e-29	-1.0
1800	1	1.53155	1.71388	1.09021e-28	5.65044e-28	1.0
1800	2	1.10193	1.14457	7.89651e-31	2.55847e-28	-1.0
1800	3	0.245537	0.294093	2.24865e-30	4.07935e-29	1.0
1800	4	0.388959	0.146813	6.21973e-29	3.3591e-30	1.0
1800	5	0.510031	0.413346	6.38859e-07	6.83084e-06	-1.0
1800	6	1.11458	0.80423	3.99761e-30	1.51144e-29	-1.0
1800	7	0.339409	-0.0303716	8.66456e-30	1.51144e-31	-1.0
1800	8	0.937957	1.09419	2.92615e-28	4.44178e-29	1.0
1800	9	0.499112	0.416175	1.91247e-28	1.18571e-29	1.0
1800	10	0.425672	0.484712	3.14657e-29	4.97511e-29	-1.0
1900	1	1.53155	1.71388	1.09021e-28	5.65044e-28	1.0
1900	2	1.10193	1.14457	7.89651e-31	2.55847e-28	-1.0
1900	3	0.245537	0.294093	2.24865e-30	4.07935e-29	1.0
1900	4	0.534179	0.272321	0.014229	0.0106283	1.0
1900	5	0.50998	0.413511	1.51144e-29	5.21293e-29	-1.0
1900	6	1.11458	0.80423	3.99761e-30	1.51144e-29	-1.0
1900	7	0.339409	-0.0303716	8.66456e-30	1.51144e-31	-1.0
1900	8	0.937957	1.09419	2.92615e-28	4.44178e-29	1.0
1900	9	0.586183	0.587527	4.89707e-29	3.86929e-29	1.0
1900	10	0.543373	0.550895	6.94029e-29	1.1371e-28	-1.0
2000	1	1.65806	1.80658	0.00167984	0.000902016	1.0
2000	2	1.10193	1.14457	7.89651e-31	2.55847e-28	-1.0
2000	3	0.245537	0.294093	2.24865e-30	4.07935e-29	1.0
2000	4	0.726665	0.438709	3.53753e-05	3.16968e-05	1.0
2000	5	0.50998	0.413511	1.51144e-29	5.21293e-29	-1.0
2000	6	1.11458	0.80423	3.99761e-30	1.51144e-29	-1.0
2000	7	0.339409	-0.0303716	8.66456e-30	1.51144e-31	-1.0
2000	8	1.05116	1.243	5.65044e-28	4.64364e-28	-1.0
2000	9	0.884712	0.846809	3.95331e-28	4.45412e-28	-1.0
2000	10	0.543373	0.550895	6.94029e-29	1.1371e-28	-1.0
2100	1	1.68489	1.82624	2.55847e-28	1.29522e-27	1.0
2100	2	1.10193	1.14457	7.89651e-31	2.55847e-28	-1.0
2100	3	0.245537	0.294093	2.24865e-30	4.07935e-29	1.0
2100	4	0.914654	0.616656	4.00871e-29	4.44178e-31	-1.0
2100	5	0.504723	0.408201	8.05807e-05	8.21976e-05	1.0
2100	6	1.11458	0.80423	3.99761e-30	1.51144e-29	-1.0
2100	7	0.339409	-0.0303716	8.66456e-30	1.51144e-31	-1.0
2100	8	1.05116	1.243	5.65044e-28	4.64364e-28	-1.0
2100	9	0.994382	1.02953	1.06714e-28	6.87193e-28	-1.0
2100	10	0.543373	0.550895	6.94029e-29	1.1371e-28	-1.0
2200	1	1.68489	1.82624	2.55847e-28	1.29522e-27	1.0
2200	2	1.10193	1.14457	7.89651e-31	2.55847e-28	-1.0
2200	3	0.245537	0.294093	2.24865e-30	4.07935e-29	1.0
2200	4	0.914654	0.616656	4.00871e-29	4.44178e-31	-1.0
2200	5	0.473214	0.376378	2.78383e-29	2.96242e-29	1.0
2200	6	1.11458	0.80423	3.99761e-30	1.51144e-29	-1.0
2200	7	0.339409	-0.0303716	8.66456e-30	1.51144e-31	-1.0
2200	8	1.05116	1.243	5.65044e-28	4.64364e-28	-1.0
2200	9	0.994382	1.02953	1.06714e-28	6.87193e-28	-1.0
2200	10	0.543373	0.550895	6.94029e-29	1.1371e-28	-1.0
2300	1	1.68393	1.94658	6.50269e-08	0.00103068	-1.0
2300	2	1.38912	1.37178	3.08013e-28	4.64364e-28	-1.0
2300	3	0.245537	0.294093	2.24865e-30	4.07935e-29	1.0
2300	4	0.810595	0.607483	8.12938e-06	6.3179e-08	1.0
2300	5	0.473214	0.376378	2.78383e-29	2.96242e-29	1.0
2300	6	1.11458	0.80423	3.99761e-30	1.51144e-29	-1.0
2300	7	0.339409	-0.0303716	8.66456e-30	1.51144e-31	-1.0
2300	8	2.23469	2.16966	1.97413e-31	3.33627e-29	-1.0
2300	9	0.994382	1.02953	1.06714e-28	6.87193e-28	-1.0
2300	10	0.543373	0.550895	6.94029e-29	1.1371e-28	-1.0
2400	1	1.68379	1.96401	4.26855e-28	1.78165e-27	-1.0
2400	2	1.38912	1.37178	3.08013e-28	4.64364e-28	-1.0
2400	3	0.245537	0.294093	2.24865e-30	4.07935e-29	1.0
2400	4	0.810439	0.607469	1.20928e-28	4.1506e-29	-1.0
2400	5	0.473214	0.376378	2.78383e-29	2.96242e-29	1.0
2400	6	1.11458	0.80423	3.99761e-30	1.51144e-29	-1.0
2400	7	0.339409	-0.0303716	8.66456e-30	1.51144e-31	-1.0
2400	8	2.23469	2.16966	1.97413e-31	3.33627e-29	-1.0
2400	9	0.994382	1.02953	1.06714e-28	6.87193e-28	-1.0
2400	10	0.543373	0.550895	6.94029e-29	1.1371e-28	-1.0
2500	1	1.91924	2.16759	0.000526978	0.000393964	1.0
2500	2	1.38912	1.37178	3.08013e-28	4.64364e-28	-1.0
2500	3	0.395497	0.445966	0.00135453	0.000925335	1.0
2500	4	0.810439	0.607469	1.20928e-28	4.1506e-29	-1.0
2500	5	0.473214	0.376378	2.78383e-29	2.96242e-29	1.0
2500	6	1.11458	0.80423	3.99761e-30	1.51144e-29	-1.0
2500	7	0.339409	-0.0303716	8.66456e-30	1.51144e-31	-1.0
2500	8	2.23469	2.16966	1.97413e-31	3.33627e-29	-1.0
2500	9	0.994382	1.02953	1.06714e-28	6.87193e-28	-1.0
2500	10	0.543373	0.550895	6.94029e-29	1.1371e-28	-1.0
2600	1	1.92376	2.17151	2.22624e-06	4.16854e-07	1.0
2600	2	1.51257	1.4737	0.00474098	0.00323174	1.0
2600	3	0.691116	0.690303	4.74284e-29	1.5202e-28	1.0
2600	4	0.852595	0.6535	0.00603053	0.00718983	1.0
2600	5	0.473214	0.376378	2.78383e-29	2.96242e-29	1.0
2600	6	1.11458	0.80423	3.99761e-30	1.51144e-29	-1.0
2600	7	0.339409	-0.0303716	8.66456e-30	1.51144e-31	-1.0
2600	8	2.23469	2.16966	1.97413e-31	3.33627e-29	-1.0
2600	9	0.994382	1.02953	1.06714e-28	6.87193e-28	-1.0
2600	10	0.65724	0.606892	0.000146232	3.53651e-05	1.0
2700	1	1.9238	2.17153	1.00922e-27	1.3274e-27	1.0
2700	2	1.5892	1.53697	1.31126e-27	1.39294e-27	-1.0
2700	3	0.691116	0.690303	4.74284e-29	1.5202e-28	1.0
2700	4	0.871803	0.674473	0.00834974	0.00995489	1.0
2700	5	0.473214	0.376378	2.78383e-29	2.96242e-29	1.0
2700	6	1.11458	0.80423	3.99761e-30	1.51144e-29	-1.0
2700	7	0.339409	-0.0303716	8.66456e-30	1.51144e-31	-1.0
2700	8	2.23469	2.16966	1.97413e-31	3.33627e-29	-1.0
2700	9	0.994382	1.02953	1.06714e-28	6.87193e-28	-1.0
2700	10	0.659742	0.608123	4.89707e-29	2.4183e-28	1.0
2800	1	1.9238	2.17153	1.00922e-27	1.3274e-27	1.0
2800	2	1.5892	1.53697	1.31126e-27	1.39294e-27	-1.0
2800	3	0.691116	0.690303	4.74284e-29	1.5202e-28	1.0
2800	4	0.873503	0.676329	0.00900574	0.010737	1.0
2800	5	0.473214	0.376378	2.78383e-29	2.96242e-29	1.0
2800	6	1.11458	0.80423	3.99761e-30	1.51144e-29	-1.0
2800	7	0.339409	-0.0303716	8.66456e-30	1.51144e-31	-1.0
2800	8	2.23469	2.16966	1.97413e-31	3.33627e-29	-1.0
2800	9	0.994382	1.02953	1.06714e-28	6.87193e-28	-1.0
2800	10	0.659742	0.608123	4.89707e-29	2.4183e-28	1.0
2900	1	1.9238	2.17153	1.00922e-27	1.3274e-27	1.0
2900	2	1.5892	1.53697	1.31126e-27	1.39294e-27	-1.0
2900	3	0.691116	0.690303	4.74284e-29	1.5202e-28	1.0
2900	4	1.10681	0.818646	0.00766554	0.00913916	1.0
2900	5	0.473214	0.376378	2.78383e-29	2.96242e-29	1.0
2900	6	1.11458	0.80423	3.99761e-30	1.51144e-29	-1.0
2900	7	0.339409	-0.0303716	8.66456e-30	1.51144e-31	-1.0
2900	8	2.23469	2.16966	1.97413e-31	3.33627e-29	-1.0
2900	9	0.994382	1.02953	1.06714e-28	6.87193e-28	-1.0
2900	10	0.653365	0.793214	9.55477e-29	3.73233e-29	1.0
3000	1	1.9238	2.17153	1.00922e-27	1.3274e-27	1.0
3000	2	1.5892	1.53697	1.31126e-27	1.39294e-27	-1.0
3000	3	0.691116	0.690303	4.74284e-29	1.5202e-28	1.0
3000	4	1.11225	0.824586	0.00836666	0.00997506	1.0
3000	5	0.473214	0.376378	2.78383e-29	2.96242e-29	1.0
3000	6	1.11458	0.80423	3.99761e-30	1.51144e-29	-1.0
3000	7	0.656852	0.0950629	1.23383e-30	1.73507e-33	1.0
3000	8	2.23469	2.16966	1.97413e-31	3.33627e-29	-1.0
3000	9	0.994382	1.02953	1.06714e-28	6.87193e-28	-1.0
3000	10	0.653365	0.793214	9.55477e-29	3.73233e-29	1.0
3100	1	1.92391	2.17145	3.80208e-06	2.22274e-06	-1.0
3100	2	1.5892	1.53697	1.31126e-27	1.39294e-27	-1.0
3100	3	0.691116	0.690303	4.74284e-29	1.5202e-28	1.0
3100	4	1.23318	0.81368	0.00686583	0.00818571	1.0
3100	5	0.473214	0.376378	2.78383e-29	2.96242e-29	1.0
3100	6	1.11458	0.80423	3.99761e-30	1.51144e-29	-1.0
3100	7	0.656852	0.0950629	1.23383e-30	1.73507e-33	1.0
3100	8	2.23469	2.16966	1.97413e-31	3.33627e-29	-1.0
3100	9	0.994382	1.02953	1.06714e-28	6.87193e-28	-1.0
3100	10	0.653365	0.793214	9.55477e-29	3.73233e-29	1.0
3200	1	2.25306	2.53772	8.13882e-05	0.000100667	1.0
3200	2	1.5892	1.53697	1.31126e-27	1.39294e-27	-1.0
3200	3	0.691116	0.690303	4.74284e-29	1.5202e-28	1.0
3200	4	1.23828	0.819248	0.00769305	0.00917196	1.0
3200	5	0.473214	0.376378	2.78383e-29	2.96242e-29	1.0
3200	6	1.11458	0.80423	3.99761e-30	1.51144e-29	-1.0
3200	7	0.656852	0.0950629	1.23383e-30	1.73507e-33	1.0
3200	8	2.23464	2.16958	7.73449e-07	1.554e-06	1.0
3200	9	0.994382	1.02953	1.06714e-28	6.87193e-28	-1.0
3200	10	0.653365	0.793214	9.55477e-29	3.73233e-29	1.0
3300	1	2.25356	2.53827	1.54772e-28	9.55477e-29	1.0
3300	2	1.5892	1.53697	1.31126e-27	1.39294e-27	-1.0
3300	3	0.691116	0.690303	4.74284e-29	1.5202e-28	1.0
3300	4	1.25103	0.833169	0.00889701	0.0106074	1.0
3300	5	0.473214	0.376378	2.78383e-29	2.96242e-29	1.0
3300	6	1.11458	0.80423	3.99761e-30	1.51144e-29	-1.0
3300	7	0.656852	0.0950629	1.23383e-30	1.73507e-33	1.0
3300	8	2.23469	2.16966	1.97413e-31	3.33627e-29	-1.0
3300	9	1.00012	1.10991	4.1506e-29	3.1586e-30	-1.0
3300	10	0.653365	0.793214	9.55477e-29	3.73233e-29	1.0
3400	1	2.25356	2.53827	1.54772e-28	9.55477e-29	1.0
3400	2	1.71183	1.64871	1.51144e-27	1.54619e-27	1.0
3400	3	0.691116	0.690303	4.74284e-29	1.5202e-28	1.0
3400	4	1.24321	0.824631	0.00822725	0.00980885	1.0
3400	5	0.473214	0.376378	2.78383e-29	2.96242e-29	1.0
3400	6	1.11448	0.804258	5.24231e-06	3.89021e-07	-1.0
3400	7	0.656852	0.0950629	1.23383e-30	1.73507e-33	1.0
3400	8	2.23469	2.16966	1.97413e-31	3.33627e-29	-1.0
3400	9	1.00012	1.10991	4.1506e-29	3.1586e-30	-1.0
3400	10	0.653365	0.793214	9.55477e-29	3.73233e-29	1.0
3500	1	2.25356	2.53827	1.54772e-28	9.55477e-29	1.0
3500	2	1.6431	1.71903	1.35998e-27	1.26344e-27	1.0
3500	3	0.691116	0.690303	4.74284e-29	1.5202e-28	1.0
3500	4	1.23233	0.812752	0.00685787	0.00817622	1.0
3500	5	0.473214	0.376378	2.78383e-29	2.96242e-29	1.0
3500	6	1.48342	1.03947	7.83531e-28	2.85064e-28	1.0
3500	7	0.656852	0.0950629	1.23383e-30	1.73507e-33	1.0
3500	8	2.23469	2.16966	1.97413e-31	3.33627e-29	-1.0
3500	9	1.00012	1.10991	4.1506e-29	3.1586e-30	-1.0
3500	10	0.653365	0.793214	9.55477e-29	3.73233e-29	1.0
3600	1	2.25356	2.53827	1.54772e-28	9.55477e-29	1.0
3600	2	1.6431	1.71903	1.35998e-27	1.26344e-27	1.0
3600	3	0.691116	0.690303	4.74284e-29	1.5202e-28	1.0
3600	4	1.24763	0.829457	0.00868876	0.0103591	1.0
3600	5	0.475462	0.37785	0.000332318	0.000142454	1.0
3600	6	1.48342	1.03947	7.83531e-28	2.85064e-28	1.0
3600	7	1.27563	0.489816	2.08517e-28	3.56577e-30	-1.0
3600	8	2.23469	2.16966	1.97413e-31	3.33627e-29	-1.0
3600	9	1.00012	1.10991	4.1506e-29	3.1586e-30	-1.0
3600	10	0.653365	0.793214	9.55477e-29	3.73233e-29	1.0
3700	1	2.25356	2.53827	1.54772e-28	9.55477e-29	1.0
3700	2	1.6431	1.71903	1.35998e-27	1.26344e-27	1.0
3700	3	0.691116	0.690303	4.74284e-29	1.5202e-28	1.0
3700	4	1.378	0.983713	0.00806828	0.00968471	0.999869
3700	5	0.68236	0.354503	0.000270081	0.00156426	1.0
3700	6	1.58013	1.14708	8.7059e-29	3.08013e-28	-1.0
3700	7	1.27563	0.489816	2.08517e-28	3.56577e-30	-1.0
3700	8	2.23469	2.16966	1.97413e-31	3.33627e-29	-1.0
3700	9	1.52988	1.49906	0.0122999	0.00663721	1.0
3700	10	0.610235	0.780512	1.74723e-28	8.09515e-29	1.0
3800	1	2.25356	2.53827	1.54772e-28	9.55477e-29	1.0
3800	2	1.6431	1.71903	1.35998e-27	1.26344e-27	1.0
3800	3	0.691116	0.690303	4.74284e-29	1.5202e-28	1.0
3800	4	1.37938	0.98565	0.00809223	0.00964787	1.0
3800	5	0.67702	0.34165	1.15292e-05	6.67748e-05	1.0
3800	6	1.58013	1.14708	8.7059e-29	3.08013e-28	-1.0
3800	7	1.27651	0.490309	0.000190812	6.06459e-05	1.0
3800	8	2.40091	2.53399	0.00316836	0.0111419	1.0
3800	9	1.57814	1.53452	4.26855e-28	6.87193e-28	-1.0
3800	10	0.610235	0.780512	1.74723e-28	8.09515e-29	1.0
3900	1	2.25356	2.53827	1.54772e-28	9.55477e-29	1.0
3900	2	1.6431	1.71903	1.35998e-27	1.26344e-27	1.0
3900	3	0.691116	0.690303	4.74284e-29	1.5202e-28	1.0
3900	4	1.3787	0.984907	0.00759011	0.00904923	1.0
3900	5	0.676779	0.341071	5.70523e-29	2.4183e-30	1.0
3900	6	1.58038	1.14749	1.23571e-05	3.23833e-05	1.0
3900	7	1.71311	0.73645	4.44178e-29	2.4985e-29	-1.0
3900	8	2.48816	2.69795	0.000409185	0.00152869	1.0
3900	9	1.57814	1.53452	4.26855e-28	6.87193e-28	-1.0
3900	10	0.610235	0.780512	1.74723e-28	8.09515e-29	1.0
4000	1	2.25356	2.53827	1.54772e-28	9.55477e-29	1.0
4000	2	1.6431	1.71903	1.35998e-27	1.26344e-27	1.0
4000	3	0.691116	0.690303	4.74284e-29	1.5202e-28	1.0
4000	4	1.46906	1.19489	0.00920126	0.0109701	1.0
4000	5	0.676779	0.341071	5.70523e-29	2.4183e-30	1.0
4000	6	1.67976	1.30836	5.44119e-28	3.56577e-28	-1.0
4000	7	1.71311	0.73645	4.44178e-29	2.4985e-29	-1.0
4000	8	2.6212	2.9551	3.31851e-28	4.73988e-28	1.0
4000	9	1.57814	1.53452	4.26855e-28	6.87193e-28	-1.0
4000	10	0.610235	0.780512	1.74723e-28	8.09515e-29	1.0
4100	1	2.25356	2.53827	1.54772e-28	9.55477e-29	1.0
4100	2	1.6431	1.71903	1.35998e-27	1.26344e-27	1.0
4100	3	0.691116	0.690303	4.74284e-29	1.5202e-28	1.0
4100	4	1.46243	1.18765	0.00821718	0.00979685	1.0
4100	5	0.676779	0.341071	5.70523e-29	2.4183e-30	1.0
4100	6	1.67976	1.30836	5.44119e-28	3.56577e-28	-1.0
4100	7	1.71311	0.73645	4.44178e-29	2.4985e-29	-1.0
4100	8	2.6212	2.9551	3.31851e-28	4.73988e-28	1.0
4100	9	1.57814	1.53452	4.26855e-28	6.87193e-28	-1.0
4100	10	0.847156	0.759991	1.18571e-29	3.33627e-29	-1.0
4200	1	2.25356	2.53827	1.54772e-28	9.55477e-29	1.0
4200	2	1.6431	1.71903	1.35998e-27	1.26344e-27	1.0
4200	3	0.691116	0.690303	4.74284e-29	1.5202e-28	1.0
4200	4	1.45427	1.17874	0.00762389	0.0090895	1.0
4200	5	0.676779	0.341071	5.70523e-29	2.4183e-30	1.0
4200	6	1.68343	1.31101	0.000383972	0.000200196	1.0
4200	7	1.71311	0.73645	4.44178e-29	2.4985e-29	-1.0
4200	8	2.6212	2.9551	3.31851e-28	4.73988e-28	1.0
4200	9	1.57814	1.53452	4.26855e-28	6.87193e-28	-1.0
4200	10	0.847188	0.760197	3.44685e-07	1.41343e-05	1.0
4300	1	2.29607	2.57972	0.00325088	0.0030907	1.0
4300	2	1.6431	1.71903	1.35998e-27	1.26344e-27	1.0
4300	3	0.691094	0.690222	4.79329e-07	6.60333e-06	1.0
4300	4	1.45206	1.17633	0.00700883	0.0083562	1.0
4300	5	0.676779	0.341071	5.70523e-29	2.4183e-30	1.0
4300	6	1.8959	1.46443	4.74284e-29	5.33804e-28	-1.0
4300	7	1.71311	0.73645	4.44178e-29	2.4985e-29	-1.0
4300	8	2.6212	2.9551	3.31851e-28	4.73988e-28	1.0
4300	9	1.57814	1.53452	4.26855e-28	6.87193e-28	-1.0
4300	10	0.868615	0.897409	1.46591e-28	2.3497e-28	-1.0
4400	1	2.45506	2.73475	0.0	6.87193e-28	NAN
4400	2	1.6431	1.71903	1.35998e-27	1.26344e-27	1.0
4400	3	0.691116	0.690303	4.74284e-29	1.5202e-28	1.0
4400	4	1.79918	1.47645	0.00712313	0.00849248	1.0
4400	5	0.676779	0.341071	5.70523e-29	2.4183e-30	1.0
4400	6	1.8959	1.46443	4.74284e-29	5.33804e-28	-1.0
4400	7	1.71311	0.73645	4.44178e-29	2.4985e-29	-1.0
4400	8	2.94745	3.23421	2.66365e-05	1.9495e-05	1.0
4400	9	1.57814	1.53452	4.26855e-28	6.87193e-28	-1.0
4400	10	0.868615	0.897409	1.46591e-28	2.3497e-28	-1.0
4500	1	2.45506	2.73475	0.0	6.87193e-28	NAN
4500	2	1.56666	1.60791	7.83531e-28	4.73988e-28	-1.0
4500	3	0.691116	0.690303	4.74284e-29	1.5202e-28	1.0
4500	4	1.82178	1.50114	0.00959986	0.0114453	1.0
4500	5	0.676779	0.341071	5.70523e-29	2.4183e-30	1.0
4500	6	1.8959	1.46443	4.74284e-29	5.33804e-28	-1.0
4500	7	1.71311	0.73645	4.44178e-29	2.4985e-29	-1.0
4500	8	2.94498	3.23181	0.000190017	0.00017807	1.0
4500	9	1.57814	1.53452	4.26855e-28	6.87193e-28	-1.0
4500	10	0.870752	0.89731	1.54408e-05	3.32243e-08	-1.0
4600	1	2.45506	2.73475	0.0	6.87193e-28	NAN
4600	2	1.56666	1.60791	7.83531e-28	4.73988e-28	-1.0
4600	3	0.691116	0.690303	4.74284e-29	1.5202e-28	1.0
4600	4	1.8211	1.5004	0.00928934	0.0110751	1.0
4600	5	0.676779	0.341071	5.70523e-29	2.4183e-30	1.0
4600	6	2.06317	1.56962	0.00373967	0.00147873	1.0
4600	7	1.71311	0.73645	4.44178e-29	2.4985e-29	-1.0
4600	8	2.80805	3.09925	0.000170546	0.000159824	1.0
4600	9	1.57814	1.53452	4.26855e-28	6.87193e-28	-1.0
4600	10	0.885051	0.896646	3.73554e-28	2.4183e-28	-1.0
4700	1	2.45506	2.73475	0.0	6.87193e-28	NAN
4700	2	1.56666	1.60791	7.83531e-28	4.73988e-28	-1.0
4700	3	0.691116	0.690303	4.74284e-29	1.5202e-28	1.0
4700	4	1.80835	1.48648	0.00767755	0.00915347	1.0
4700	5	0.941944	0.529032	0.00253667	0.00127458	1.0
4700	6	2.10899	1.59842	2.55847e-28	1.39294e-27	1.0
4700	7	1.71311	0.73645	4.44178e-29	2.4985e-29	-1.0
4700	8	2.80556	3.09684	9.55477e-29	1.08103e-27	1.0
4700	9	1.57814	1.53452	4.26855e-28	6.87193e-28	-1.0
4700	10	0.885051	0.896646	3.73554e-28	2.4183e-28	-1.0
4800	1	2.45506	2.73475	0.0	6.87193e-28	NAN
4800	2	1.56666	1.60791	7.83531e-28	4.73988e-28	-1.0
4800	3	0.691116	0.690303	4.74284e-29	1.5202e-28	1.0
4800	4	1.80564	1.48351	0.00751372	0.00895815	1.0
4800	5	0.961596	0.542962	2.28209e-28	1.11045e-31	-1.0
4800	6	2.10899	1.59842	2.55847e-28	1.39294e-27	1.0
4800	7	1.83894	0.879923	2.92615e-28	2.3497e-28	1.0
4800	8	2.80556	3.09684	9.55477e-29	1.08103e-27	1.0
4800	9	1.57814	1.53452	4.26855e-28	6.87193e-28	-1.0
4800	10	0.885051	0.896646	3.73554e-28	2.4183e-28	-1.0
4900	1	2.45506	2.73475	0.0	6.87193e-28	NAN
4900	2	1.56666	1.60791	7.83531e-28	4.73988e-28	-1.0
4900	3	0.773215	0.721356	5.89749e-06	5.01171e-05	1.0
4900	4	1.80988	1.48815	0.00857306	0.0102211	1.0
4900	5	1.05803	0.70272	4.93532e-32	6.75645e-29	-1.0
4900	6	2.10318	1.5694	4.85495e-05	0.00121067	1.0
4900	7	1.83894	0.879923	2.92615e-28	2.3497e-28	1.0
4900	8	2.80556	3.09684	9.55477e-29	1.08103e-27	1.0
4900	9	1.57814	1.53452	4.26855e-28	6.87193e-28	-1.0
4900	10	0.880164	0.904409	3.19821e-28	1.1371e-28	-1.0
5000	1	2.45506	2.73475	0.0	6.87193e-28	NAN
5000	2	1.56666	1.60791	7.83531e-28	4.73988e-28	-1.0
5000	3	0.772851	0.720295	3.73233e-29	1.54772e-28	-1.0
5000	4	1.80122	1.47868	0.00721592	0.0086031	1.0
5000	5	1.05803	0.70272	4.93532e-32	6.75645e-29	-1.0
5000	6	2.16577	1.50879	3.32397e-06	8.28893e-05	1.0
5000	7	1.83894	0.879923	2.92615e-28	2.3497e-28	1.0
5000	8	2.80556	3.09684	9.55477e-29	1.08103e-27	1.0
5000	9	1.57814	1.53452	4.26855e-28	6.87193e-28	-1.0
5000	10	1.18176	1.1896	3.82191e-28	1.97413e-31	1.0
5100	1	2.45506	2.73475	0.0	6.87193e-28	NAN
5100	2	1.56666	1.60791	7.83531e-28	4.73988e-28	-1.0
5100	3	0.772851	0.720295	3.73233e-29	1.54772e-28	-1.0
5100	4	1.81719	1.49613	0.00909112	0.0108388	1.0
5100	5	1.05803	0.70272	4.93532e-32	6.75645e-29	-1.0
5100	6	2.16547	1.50727	1.02339e-27	4.74284e-29	-1.0
5100	7	1.83894	0.879923	2.92615e-28	2.3497e-28	1.0
5100	8	2.80556	3.09684	9.55477e-29	1.08103e-27	1.0
5100	9	1.89909	1.86849	0.00256857	0.0011008	1.0
5100	10	1.18176	1.1896	3.82191e-28	1.97413e-31	1.0
5200	1	2.45506	2.73475	0.0	6.87193e-28	NAN
5200	2	1.56666	1.60791	7.83531e-28	4.73988e-28	-1.0
5200	3	0.772851	0.720295	3.73233e-29	1.54772e-28	-1.0
5200	4	1.80937	1.48759	0.00779301	0.00929113	1.0
5200	5	1.05803	0.70272	4.93532e-32	6.75645e-29	-1.0
5200	6	2.16547	1.50727	1.02339e-27	4.74284e-29	-1.0
5200	7	1.83894	0.879923	2.92615e-28	2.3497e-28	1.0
5200	8	2.80556	3.09684	9.55477e-29	1.08103e-27	1.0
5200	9	2.14531	2.02968	0.000430367	0.000184441	1.0
5200	10	1.18176	1.1896	3.82191e-28	1.97413e-31	1.0
5300	1	2.45506	2.73475	0.0	6.87193e-28	NAN
5300	2	1.56666	1.60791	7.83531e-28	4.73988e-28	-1.0
5300	3	0.772851	0.720295	3.73233e-29	1.54772e-28	-1.0
5300	4	2.05001	1.84382	0.0088632	0.0105671	1.0
5300	5	1.05803	0.70272	4.93532e-32	6.75645e-29	-1.0
5300	6	2.16588	1.50841	6.72663e-06	5.02747e-05	1.0
5300	7	1.83894	0.879923	2.92615e-28	2.3497e-28	1.0
5300	8	2.80556	3.09684	9.55477e-29	1.08103e-27	1.0
5300	9	2.15384	2.03541	0.000483566	0.000224029	1.0
5300	10	1.18176	1.1896	3.82191e-28	1.97413e-31	1.0
5400	1	2.45506	2.73475	0.0	6.87193e-28	NAN
5400	2	1.56663	1.60787	8.85159e-07	2.0247e-06	1.0
5400	3	0.772851	0.720295	3.73233e-29	1.54772e-28	-1.0
5400	4	2.03998	1.83287	0.00817634	0.00974815	1.0
5400	5	1.05803	0.70272	4.93532e-32	6.75645e-29	-1.0
5400	6	2.1716	1.52405	7.65186e-05	0.000571899	1.0
5400	7	1.83894	0.879923	2.92615e-28	2.3497e-28	1.0
5400	8	2.80556	3.09684	9.55477e-29	1.08103e-27	1.0
5400	9	2.33338	2.15761	3.33627e-29	2.34546e-27	-1.0
5400	10	1.18176	1.1896	3.82191e-28	1.97413e-31	1.0
5500	1	2.45506	2.73475	0.0	6.87193e-28	NAN
5500	2	1.56666	1.60791	7.83531e-28	4.73988e-28	-1.0
5500	3	0.772851	0.720295	3.73233e-29	1.54772e-28	-1.0
5500	4	2.03777	1.83046	0.00817735	0.00974936	1.0
5500	5	1.05803	0.70272	4.93532e-32	6.75645e-29	-1.0
5500	6	2.18386	1.55756	0.000110342	0.000824695	1.0
5500	7	1.91578	0.808094	1.95883e-28	1.66024e-28	1.0
5500	8	3.01143	3.13032	0.000137868	3.64714e-06	1.0
5500	9	2.39965	2.2673	0.00244245	0.00669323	1.0
5500	10	1.18176	1.1896	3.82191e-28	1.97413e-31	1.0
5600	1	2.45506	2.73475	0.0	6.87193e-28	NAN
5600	2	1.56666	1.60791	7.83531e-28	4.73988e-28	-1.0
5600	3	0.772851	0.720295	3.73233e-29	1.54772e-28	-1.0
5600	4	2.0427	1.83584	0.00865116	0.0103142	1.0
5600	5	1.05803	0.70272	4.93532e-32	6.75645e-29	-1.0
5600	6	2.30236	1.76682	5.88836e-05	0.000440095	1.0
5600	7	1.91578	0.808094	1.95883e-28	1.66024e-28	1.0
5600	8	3.01277	3.13054	3.98063e-27	6.41394e-28	-1.0
5600	9	2.47274	2.3883	1.43914e-28	6.41394e-28	1.0
5600	10	1.18176	1.1896	3.82191e-28	1.97413e-31	1.0
5700	1	2.45506	2.73475	0.0	6.87193e-28	NAN
5700	2	1.56666	1.60791	7.83531e-28	4.73988e-28	-1.0
5700	3	0.772851	0.720295	3.73233e-29	1.54772e-28	-1.0
5700	4	2.03148	1.82359	0.00704541	0.00839982	1.0
5700	5	1.05803	0.70272	4.93532e-32	6.75645e-29	-1.0
5700	6	2.30671	1.77871	1.65388e-06	1.23611e-05	1.0
5700	7	1.91578	0.808094	1.95883e-28	1.66024e-28	1.0
5700	8	3.01277	3.13054	3.98063e-27	6.41394e-28	-1.0
5700	9	2.65197	2.46013	1.49422e-27	2.4183e-28	-1.0
5700	10	1.29664	1.47422	4.1506e-29	7.71143e-28	-1.0
5800	1	2.45506	2.73475	0.0	6.87193e-28	NAN
5800	2	1.56666	1.60791	7.83531e-28	4.73988e-28	-1.0
5800	3	0.772851	0.720295	3.73233e-29	1.54772e-28	-1.0
5800	4	2.03624	1.82879	0.00791869	0.00944097	1.0
5800	5	1.05803	0.70272	4.93532e-32	6.75645e-29	-1.0
5800	6	2.30682	1.77901	2.02151e-28	1.02339e-27	-1.0
5800	7	1.91578	0.808094	1.95883e-28	1.66024e-28	1.0
5800	8	3.22056	3.28929	6.39617e-29	1.35998e-27	-1.0
5800	9	2.65197	2.46013	1.49422e-27	2.4183e-28	-1.0
5800	10	1.29664	1.47422	4.1506e-29	7.71143e-28	-1.0
5900	1	2.45506	2.73475	0.0	6.87193e-28	NAN
5900	2	1.53308	1.7226	8.08602e-28	1.52876e-27	1.0
5900	3	0.772851	0.720295	3.73233e-29	1.54772e-28	-1.0
5900	4	2.05443	1.84865	0.00961083	0.0114584	1.0
5900	5	1.05803	0.70272	4.93532e-32	6.75645e-29	-1.0
5900	6	2.30682	1.77901	2.02151e-28	1.02339e-27	-1.0
5900	7	1.91578	0.808094	1.95883e-28	1.66024e-28	1.0
5900	8	3.21839	3.30251	3.48042e-05	0.00129502	-1.0
5900	9	2.65197	2.46013	1.49422e-27	2.4183e-28	-1.0
5900	10	1.29664	1.47422	4.1506e-29	7.71143e-28	-1.0
6000	1	2.68398	2.92448	2.09435e-27	5.1809e-27	-1.0
6000	2	1.53308	1.7226	8.08602e-28	1.52876e-27	1.0
6000	3	0.772851	0.720295	3.73233e-29	1.54772e-28	-1.0
6000	4	2.13987	1.85602	0.00849393	0.0101268	1.0
6000	5	1.05803	0.70272	4.93532e-32	6.75645e-29	-1.0
6000	6	2.30682	1.77901	2.02151e-28	1.02339e-27	-1.0
6000	7	1.92241	0.821663	0.000449041	0.00187997	1.0
6000	8	3.28792	3.55934	2.63529e-06	7.56283e-07	1.0
6000	9	2.94645	2.74967	2.13522e-27	2.84274e-29	-1.0
6000	10	1.29664	1.47422	4.1506e-29	7.71143e-28	-1.0
6100	1	2.83042	3.09798	2.38474e-06	9.5629e-06	1.0
6100	2	1.69754	1.86148	1.11045e-27	1.2477e-27	-1.0
6100	3	0.775363	0.723361	0.000236693	0.000352503	1.0
6100	4	2.14293	1.85937	0.00910978	0.010861	1.0
6100	5	1.05803	0.70272	4.93532e-32	6.75645e-29	-1.0
6100	6	2.30682	1.77901	2.02151e-28	1.02339e-27	-1.0
6100	7	2.04841	1.07948	2.28209e-28	1.04431e-28	1.0
6100	8	3.28797	3.55936	3.49203e-27	5.75655e-28	1.0
6100	9	2.94645	2.74967	2.13522e-27	2.84274e-29	-1.0
6100	10	1.6625	1.87344	0.00147607	0.00175755	1.0
6200	1	2.83035	3.09784	4.73988e-28	5.30961e-27	1.0
6200	2	1.69754	1.86148	1.11045e-27	1.2477e-27	-1.0
6200	3	0.96611	0.956141	1.89714e-28	1.33451e-28	-1.0
6200	4	2.13443	1.85008	0.0076549	0.00912647	1.0
6200	5	1.23455	0.883369	3.82191e-28	5.44119e-30	1.0
6200	6	2.31834	1.78772	0.000438262	0.0002505	1.0
6200	7	2.04841	1.07948	2.28209e-28	1.04431e-28	1.0
6200	8	3.28797	3.55936	3.49203e-27	5.75655e-28	1.0
6200	9	2.94645	2.74967	2.13522e-27	2.84274e-29	-1.0
6200	10	1.67035	1.882	7.1266e-29	1.3274e-27	1.0
6300	1	2.83035	3.09784	4.73988e-28	5.30961e-27	1.0
6300	2	1.69754	1.86148	1.11045e-27	1.2477e-27	-1.0
6300	3	0.96611	0.956141	1.89714e-28	1.33451e-28	-1.0
6300	4	2.14072	1.85695	0.00807554	0.00962798	1.0
6300	5	1.23455	0.883369	3.82191e-28	5.44119e-30	1.0
6300	6	2.39043	1.84222	9.1267e-05	5.21659e-05	1.0
6300	7	2.0485	1.07949	8.19778e-06	3.08871e-08	1.0
6300	8	3.28797	3.55936	3.49203e-27	5.75655e-28	1.0
6300	9	2.94645	2.74967	2.13522e-27	2.84274e-29	-1.0
6300	10	1.67035	1.882	7.1266e-29	1.3274e-27	1.0
6400	1	2.83013	3.09545	2.17768e-06	0.000254182	1.0
6400	2	1.69754	1.86148	1.11045e-27	1.2477e-27	-1.0
6400	3	0.96611	0.956141	1.89714e-28	1.33451e-28	-1.0
6400	4	2.14344	1.85992	0.00849714	0.0101306	1.0
6400	5	1.23455	0.883369	3.82191e-28	5.44119e-30	1.0
6400	6	2.85557	2.2445	1.66024e-28	2.30262e-27	1.0
6400	7	2.23226	1.09341	0.000115913	0.000120113	1.0
6400	8	4.06997	4.27878	5.1809e-27	1.59904e-27	1.0
6400	9	2.94645	2.74967	2.13522e-27	2.84274e-29	-1.0
6400	10	1.67035	1.882	7.1266e-29	1.3274e-27	1.0
6500	1	2.81175	2.89687	1.41191e-05	0.001648	1.0
6500	2	1.69754	1.86148	1.11045e-27	1.2477e-27	-1.0
6500	3	0.96611	0.956141	1.89714e-28	1.33451e-28	-1.0
6500	4	2.14293	1.85937	0.00858914	0.0102403	1.0
6500	5	1.23455	0.883369	3.82191e-28	5.44119e-30	1.0
6500	6	2.85557	2.2445	1.66024e-28	2.30262e-27	1.0
6500	7	2.23311	1.09427	0.000160326	0.000166135	1.0
6500	8	4.06997	4.27878	5.1809e-27	1.59904e-27	1.0
6500	9	2.94645	2.74967	2.13522e-27	2.84274e-29	-1.0
6500	10	1.67035	1.882	7.1266e-29	1.3274e-27	1.0
6600	1	2.81042	2.88253	1.78903e-06	0.000208817	1.0
6600	2	1.69754	1.86148	1.11045e-27	1.2477e-27	-1.0
6600	3	0.96611	0.956141	1.89714e-28	1.33451e-28	-1.0
6600	4	2.12066	1.83505	0.00594789	0.00709131	1.0
6600	5	1.23455	0.883369	3.82191e-28	5.44119e-30	1.0
6600	6	2.85557	2.2445	1.66024e-28	2.30262e-27	1.0
6600	7	2.23346	1.09464	0.000169575	0.000175718	1.0
6600	8	4.07056	4.27891	6.97601e-05	3.2232e-06	1.0
6600	9	2.94645	2.74967	2.13522e-27	2.84274e-29	-1.0
6600	10	1.67035	1.882	7.1266e-29	1.3274e-27	1.0
6700	1	2.95918	3.00635	1.29522e-27	9.39882e-28	-1.0
6700	2	1.69754	1.86148	1.11045e-27	1.2477e-27	-1.0
6700	3	0.96611	0.956141	1.89714e-28	1.33451e-28	-1.0
6700	4	2.13154	1.84693	0.00734596	0.00875814	1.0
6700	5	1.23455	0.883369	3.82191e-28	5.44119e-30	1.0
6700	6	2.85557	2.2445	1.66024e-28	2.30262e-27	1.0
6700	7	2.23868	1.09995	0.00035391	0.000366733	1.0
6700	8	4.30668	4.32966	6.11505e-27	3.1586e-30	1.0
6700	9	2.94645	2.74967	2.13522e-27	2.84274e-29	-1.0
6700	10	1.67035	1.882	7.1266e-29	1.3274e-27	1.0
6800	1	2.95918	3.00635	1.29522e-27	9.39882e-28	-1.0
6800	2	1.69754	1.86148	1.11045e-27	1.2477e-27	-1.0
6800	3	0.96611	0.956141	1.89714e-28	1.33451e-28	-1.0
6800	4	2.14055	1.85677	0.00858741	0.0102382	1.0
6800	5	1.23455	0.883369	3.82191e-28	5.44119e-30	1.0
6800	6	2.85557	2.2445	1.66024e-28	2.30262e-27	1.0
6800	7	2.23411	1.09404	0.000668242	0.00035712	0.998113
6800	8	4.30668	4.32966	6.11505e-27	3.1586e-30	1.0
6800	9	2.94645	2.74967	2.13522e-27	2.84274e-29	-1.0
6800	10	1.67035	1.882	7.1266e-29	1.3274e-27	1.0
6900	1	2.95918	3.00635	1.29522e-27	9.39882e-28	-1.0
6900	2	1.69754	1.86148	1.11045e-27	1.2477e-27	-1.0
6900	3	0.96611	0.956141	1.89714e-28	1.33451e-28	-1.0
6900	4	2.13409	1.84971	0.0072281	0.00861762	1.0
6900	5	1.23455	0.883369	3.82191e-28	5.44119e-30	1.0
6900	6	2.9423	2.40123	9.95157e-28	2.14982e-28	-1.0
6900	7	2.54525	1.319	1.97413e-27	3.1586e-28	1.0
6900	8	4.35065	4.26386	2.56557e-27	4.56102e-27	-1.0
6900	9	3.14002	2.77217	1.43914e-28	1.70742e-27	1.0
6900	10	1.67035	1.882	7.1266e-29	1.3274e-27	1.0
7000	1	2.95918	3.00635	1.29522e-27	9.39882e-28	-1.0
7000	2	1.69754	1.86148	1.11045e-27	1.2477e-27	-1.0
7000	3	1.2056	1.01537	0.00048785	2.98384e-05	1.0
7000	4	2.55618	2.2092	0.00776324	0.00914942	0.999458
7000	5	1.24086	0.923258	1.14427e-05	0.000457564	1.0
7000	6	2.9423	2.40123	9.95157e-28	2.14982e-28	-1.0
7000	7	2.54525	1.319	1.97413e-27	3.1586e-28	1.0
7000	8	4.35065	4.26386	2.56557e-27	4.56102e-27	-1.0
7000	9	3.14002	2.77217	1.43914e-28	1.70742e-27	1.0
7000	10	1.67035	1.882	7.1266e-29	1.3274e-27	1.0
7100	1	2.95918	3.00635	1.29522e-27	9.39882e-28	-1.0
7100	2	1.69754	1.86148	1.11045e-27	1.2477e-27	-1.0
7100	3	1.20974	1.01639	3.08457e-29	6.41394e-28	1.0
7100	4	2.56961	2.22366	0.00924456	0.0110217	1.0
7100	5	1.2445	0.946236	2.77612e-28	2.85064e-28	-1.0
7100	6	2.9423	2.40123	9.95157e-28	2.14982e-28	-1.0
7100	7	2.54525	1.319	1.97413e-27	3.1586e-28	1.0
7100	8	4.35065	4.26386	2.56557e-27	4.56102e-27	-1.0
7100	9	3.14002	2.77217	1.43914e-28	1.70742e-27	1.0
7100	10	1.67035	1.882	7.1266e-29	1.3274e-27	1.0
7200	1	2.95918	3.00635	1.29522e-27	9.39882e-28	-1.0
7200	2	1.69754	1.86148	1.11045e-27	1.2477e-27	-1.0
7200	3	1.20974	1.01639	3.08457e-29	6.41394e-28	1.0
7200	4	2.57709	2.23183	0.00951436	0.0113434	1.0
7200	5	1.2445	0.946236	2.77612e-28	2.85064e-28	-1.0
7200	6	2.9423	2.40123	9.95157e-28	2.14982e-28	-1.0
7200	7	2.54525	1.319	1.97413e-27	3.1586e-28	1.0
7200	8	4.35065	4.26386	2.56557e-27	4.56102e-27	-1.0
7200	9	3.43428	3.10352	4.09355e-27	1.56371e-27	-1.0
7200	10	1.67035	1.882	7.1266e-29	1.3274e-27	1.0
7300	1	2.95918	3.00635	1.29522e-27	9.39882e-28	-1.0
7300	2	1.69754	1.86148	1.11045e-27	1.2477e-27	-1.0
7300	3	1.20974	1.01639	3.08457e-29	6.41394e-28	1.0
7300	4	2.57233	2.22663	0.00889285	0.0106024	1.0
7300	5	1.2445	0.946236	2.77612e-28	2.85064e-28	-1.0
7300	6	2.9423	2.40123	9.95157e-28	2.14982e-28	-1.0
7300	7	2.54525	1.319	1.97413e-27	3.1586e-28	1.0
7300	8	4.35065	4.26386	2.56557e-27	4.56102e-27	-1.0
7300	9	3.86334	3.37161	3.65134e-27	3.92476e-27	-1.0
7300	10	1.67035	1.882	7.1266e-29	1.3274e-27	1.0
7400	1	2.95918	3.00635	1.29522e-27	9.39882e-28	-1.0
7400	2	1.69754	1.86148	1.11045e-27	1.2477e-27	-1.0
7400	3	1.20974	1.01639	3.08457e-29	6.41394e-28	1.0
7400	4	2.86782	2.45736	0.00775368	0.00924423	1.0
7400	5	1.2445	0.946236	2.77612e-28	2.85064e-28	-1.0
7400	6	2.9423	2.40123	9.95157e-28	2.14982e-28	-1.0
7400	7	2.88675	1.76414	2.38869e-27	8.4695e-28	-1.0
7400	8	4.35065	4.26386	2.56557e-27	4.56102e-27	-1.0
7400	9	3.86334	3.37161	3.65134e-27	3.92476e-27	-1.0
7400	10	1.67031	1.88201	9.89963e-07	7.55982e-08	-1.0
7500	1	2.95918	3.00635	1.29522e-27	9.39882e-28	-1.0
7500	2	1.69754	1.86148	1.11045e-27	1.2477e-27	-1.0
7500	3	1.20974	1.01639	3.08457e-29	6.41394e-28	1.0
7500	4	2.85872	2.44744	0.00666106	0.0079438	0.999995
7500	5	1.2445	0.946236	2.77612e-28	2.85064e-28	-1.0
7500	6	2.9423	2.40123	9.95157e-28	2.14982e-28	-1.0
7500	7	2.88675	1.76414	2.38869e-27	8.4695e-28	-1.0
7500	8	4.35065	4.26386	2.56557e-27	4.56102e-27	-1.0
7500	9	4.01828	3.60409	3.65134e-27	4.44178e-27	1.0
7500	10	1.67035	1.882	7.1266e-29	1.3274e-27	1.0
7600	1	2.95918	3.00635	1.29522e-27	9.39882e-28	-1.0
7600	2	1.93193	2.04438	0.0204378	0.0124447	1.0
7600	3	1.20974	1.01639	3.08457e-29	6.41394e-28	1.0
7600	4	2.88669	2.47796	0.0100122	0.0119369	1.0
7600	5	1.2445	0.946236	2.77612e-28	2.85064e-28	-1.0
7600	6	2.9423	2.40123	9.95157e-28	2.14982e-28	-1.0
7600	7	2.88675	1.76414	2.38869e-27	8.4695e-28	-1.0
7600	8	4.35065	4.26386	2.56557e-27	4.56102e-27	-1.0
7600	9	4.01828	3.60409	3.65134e-27	4.44178e-27	1.0
7600	10	1.67035	1.882	7.1266e-29	1.3274e-27	1.0
7700	1	2.95945	3.0064	2.58654e-05	6.95035e-07	1.0
7700	2	2.10517	2.17957	9.67322e-28	9.67322e-30	-1.0
7700	3	1.20974	1.01639	3.08457e-29	6.41394e-28	1.0
7700	4	2.86238	2.45142	0.00740381	0.00882711	1.0
7700	5	1.2445	0.946236	2.77612e-28	2.85064e-28	-1.0
7700	6	2.9423	2.40123	9.95157e-28	2.14982e-28	-1.0
7700	7	2.92093	1.85418	9.35311e-06	6.49055e-05	1.0
7700	8	4.35065	4.26386	2.56557e-27	4.56102e-27	-1.0
7700	9	4.01828	3.60409	3.65134e-27	4.44178e-27	1.0
7700	10	1.67035	1.882	7.1266e-29	1.3274e-27	1.0
7800	1	3.14507	3.03683	4.92821e-27	1.63477e-27	-1.0
7800	2	2.10517	2.17957	9.67322e-28	9.67322e-30	-1.0
7800	3	1.20974	1.01639	3.08457e-29	6.41394e-28	1.0
7800	4	3.02145	2.48314	0.0122316	0.00981644	0.865574
7800	5	1.7814	1.43664	3.08013e-28	1.71798e-28	1.0
7800	6	2.9423	2.40123	9.95157e-28	2.14982e-28	-1.0
7800	7	2.92149	1.85564	1.14026e-27	1.46006e-27	-1.0
7800	8	4.36829	4.22742	0.000103762	0.000442705	-1.0
7800	9	4.01828	3.60409	3.65134e-27	4.44178e-27	1.0
7800	10	1.67035	1.882	7.1266e-29	1.3274e-27	1.0
7900	1	3.14507	3.03683	4.92821e-27	1.63477e-27	-1.0
7900	2	2.10517	2.17957	9.67322e-28	9.67322e-30	-1.0
7900	3	1.20974	1.01639	3.08457e-29	6.41394e-28	1.0
7900	4	3.14422	2.60056	0.00940697	0.0112154	1.0
7900	5	1.7814	1.43664	3.08013e-28	1.71798e-28	1.0
7900	6	2.9423	2.40123	9.95157e-28	2.14982e-28	-1.0
7900	7	2.92149	1.85564	1.14026e-27	1.46006e-27	-1.0
7900	8	4.4019	4.22396	0.00238828	0.00215529	1.0
7900	9	4.01828	3.60409	3.65134e-27	4.44178e-27	1.0
7900	10	1.69981	1.89717	0.00165334	0.000438369	1.0
8000	1	3.14507	3.03683	4.92821e-27	1.63477e-27	-1.0
8000	2	2.10517	2.17957	9.67322e-28	9.67322e-30	-1.0
8000	3	1.2755	1.05778	9.1254e-29	2.08517e-28	1.0
8000	4	3.53976	2.97428	0.00697481	0.00835565	0.997677
8000	5	1.7814	1.43664	3.08013e-28	1.71798e-28	1.0
8000	6	2.9423	2.40123	9.95157e-28	2.14982e-28	-1.0
8000	7	2.92149	1.85564	1.14026e-27	1.46006e-27	-1.0
8000	8	4.6239	4.4358	1.68817e-05	7.06919e-05	1.0
8000	9	4.01828	3.60409	3.65134e-27	4.44178e-27	1.0
8000	10	1.81406	1.956	4.08694e-28	1.09021e-28	1.0
8100	1	3.14507	3.03683	4.92821e-27	1.63477e-27	-1.0
8100	2	2.10517	2.17957	9.67322e-28	9.67322e-30	-1.0
8100	3	1.2755	1.05778	9.1254e-29	2.08517e-28	1.0
8100	4	4.0177	3.29689	0.00808248	0.00963625	1.0
8100	5	1.7814	1.43664	3.08013e-28	1.71798e-28	1.0
8100	6	2.9423	2.40123	9.95157e-28	2.14982e-28	-1.0
8100	7	2.92149	1.85564	1.14026e-27	1.46006e-27	-1.0
8100	8	4.66399	4.51783	4.54839e-28	9.38184e-27	1.0
8100	9	4.01828	3.60409	3.65134e-27	4.44178e-27	1.0
8100	10	1.8142	1.95605	1.05427e-05	1.22787e-06	1.0
8200	1	3.14507	3.03683	4.92821e-27	1.63477e-27	-1.0
8200	2	2.02684	2.19884	0.00157658	9.54213e-05	-1.0
8200	3	1.2755	1.05778	9.1254e-29	2.08517e-28	1.0
8200	4	4.00818	3.2865	0.00675013	0.00804777	1.0
8200	5	1.7814	1.43664	3.08013e-28	1.71798e-28	1.0
8200	6	2.9423	2.40123	9.95157e-28	2.14982e-28	-1.0
8200	7	2.92149	1.85564	1.14026e-27	1.46006e-27	-1.0
8200	8	4.66399	4.51783	4.54839e-28	9.38184e-27	1.0
8200	9	4.01828	3.60409	3.65134e-27	4.44178e-27	1.0
8200	10	1.81406	1.956	4.08694e-28	1.09021e-28	1.0
8300	1	3.14507	3.03683	4.92821e-27	1.63477e-27	-1.0
8300	2	2.1407	2.32302	1.49422e-27	2.84274e-29	-1.0
8300	3	1.2755	1.05778	9.1254e-29	2.08517e-28	1.0
8300	4	4.07118	3.34932	0.0134398	0.0148284	0.998894
8300	5	1.7814	1.43664	3.08013e-28	1.71798e-28	1.0
8300	6	3.06571	2.59546	1.74434e-27	4.36085e-28	-1.0
8300	7	2.92149	1.85571	1.90576e-08	4.11358e-06	1.0
8300	8	4.66399	4.51783	4.54839e-28	9.38184e-27	1.0
8300	9	4.01828	3.60409	3.65134e-27	4.44178e-27	1.0
8300	10	1.81406	1.956	4.08694e-28	1.09021e-28	1.0
8400	1	3.14507	3.03683	4.92821e-27	1.63477e-27	-1.0
8400	2	2.1407	2.32302	1.49422e-27	2.84274e-29	-1.0
8400	3	1.2755	1.05778	9.1254e-29	2.08517e-28	1.0
8400	4	4.54403	3.75549	0.00871732	0.00938593	0.98694
8400	5	1.7814	1.43664	3.08013e-28	1.71798e-28	1.0
8400	6	3.06571	2.59546	1.74434e-27	4.36085e-28	-1.0
8400	7	2.93022	1.98392	2.26018e-27	1.02339e-27	-1.0
8400	8	4.66399	4.51783	4.54839e-28	9.38184e-27	1.0
8400	9	4.01828	3.60409	3.65134e-27	4.44178e-27	1.0
8400	10	1.81406	1.956	4.08694e-28	1.09021e-28	1.0
8500	1	3.06305	2.91736	0.00167486	0.00355351	1.0
8500	2	2.1407	2.32302	1.49422e-27	2.84274e-29	-1.0
8500	3	1.43577	1.18208	0.0057815	0.00289916	0.99852
8500	4	4.69207	3.79091	0.00228929	0.00273504	0.999194
8500	5	1.7814	1.43664	3.08013e-28	1.71798e-28	1.0
8500	6	3.06571	2.59546	1.74434e-27	4.36085e-28	-1.0
8500	7	2.93022	1.98392	2.26018e-27	1.02339e-27	-1.0
8500	8	4.66399	4.51783	4.54839e-28	9.38184e-27	1.0
8500	9	4.01828	3.60409	3.65134e-27	4.44178e-27	1.0
8500	10	1.81406	1.956	4.08694e-28	1.09021e-28	1.0
8600	1	3.02311	2.85918	3.23441e-27	4.1506e-27	-1.0
8600	2	2.1407	2.32302	1.49422e-27	2.84274e-29	-1.0
8600	3	1.87588	1.44393	1.09569e-27	3.00265e-28	-1.0
8600	4	4.94964	4.02094	0.000369543	0.000300917	1.0
8600	5	1.7814	1.43664	3.08013e-28	1.71798e-28	1.0
8600	6	3.06571	2.59546	1.74434e-27	4.36085e-28	-1.0
8600	7	2.93022	1.98392	2.26018e-27	1.02339e-27	-1.0
8600	8	4.66399	4.51783	4.54839e-28	9.38184e-27	1.0
8600	9	4.01828	3.60409	3.65134e-27	4.44178e-27	1.0
8600	10	1.81406	1.956	4.08694e-28	1.09021e-28	1.0
8700	1	3.20428	2.97933	1.3274e-27	5.24506e-27	1.0
8700	2	2.1407	2.32302	1.49422e-27	2.84274e-29	-1.0
8700	3	1.92631	1.46823	0.00011973	2.78059e-05	1.0
8700	4	5.13066	4.01408	6.39617e-29	3.33627e-27	-1.0
8700	5	1.78233	1.44041	1.0436e-05	0.000172269	1.0
8700	6	3.06505	2.5954	4.37287e-05	3.42223e-06	0.435942
8700	7	3.10169	2.09637	1.02339e-27	2.34546e-27	1.0
8700	8	4.66399	4.51783	4.54839e-28	9.38184e-27	1.0
8700	9	4.31376	3.95481	2.02151e-28	4.38276e-27	-1.0
8700	10	2.00836	2.16534	1.20106e-27	3.00265e-28	-1.0
8800	1	3.20428	2.97933	1.3274e-27	5.24506e-27	1.0
8800	2	2.1407	2.32302	1.49422e-27	2.84274e-29	-1.0
8800	3	1.93072	1.47036	5.86365e-28	7.71143e-28	-1.0
8800	4	5.13066	4.01408	6.39617e-29	3.33627e-27	-1.0
8800	5	1.80405	1.52867	1.39294e-27	8.34068e-28	1.0
8800	6	2.9405	2.59463	0.00021229	2.94544e-05	0.663743
8800	7	3.41278	2.27449	0.0119399	0.00391435	1.0
8800	8	4.66399	4.51783	4.54839e-28	9.38184e-27	1.0
8800	9	4.31376	3.95481	2.02151e-28	4.38276e-27	-1.0
8800	10	2.27563	2.37999	7.15541e-06	5.55272e-07	1.0
8900	1	3.20428	2.97933	1.3274e-27	5.24506e-27	1.0
8900	2	2.25172	2.38949	3.82191e-28	2.17647e-27	-1.0
8900	3	1.93072	1.47036	5.86365e-28	7.71143e-28	-1.0
8900	4	5.13066	4.01408	6.39617e-29	3.33627e-27	-1.0
8900	5	1.80405	1.52867	1.39294e-27	8.34068e-28	1.0
8900	6	3.25378	2.84177	0.00155362	0.000215455	1.0
8900	7	3.49202	2.31986	6.39617e-27	3.08457e-27	1.0
8900	8	4.66399	4.51783	4.54839e-28	9.38184e-27	1.0
8900	9	4.31376	3.95481	2.02151e-28	4.38276e-27	-1.0
8900	10	2.27575	2.38003	1.11045e-27	1.3274e-27	-1.0
9000	1	3.20428	2.97933	1.3274e-27	5.24506e-27	1.0
9000	2	2.25201	2.38983	2.7411e-05	3.91745e-05	1.0
9000	3	1.93072	1.47036	5.86365e-28	7.71143e-28	-1.0
9000	4	5.13066	4.01408	6.39617e-29	3.33627e-27	-1.0
9000	5	1.80405	1.52867	1.39294e-27	8.34068e-28	1.0
9000	6	3.45238	2.91573	7.97567e-27	2.74877e-27	-1.0
9000	7	3.49202	2.31986	6.39617e-27	3.08457e-27	1.0
9000	8	4.66399	4.51783	4.54839e-28	9.38184e-27	1.0
9000	9	4.3138	3.95486	2.0174e-06	2.97472e-06	1.0
9000	10	2.27575	2.37998	1.6982e-10	1.21909e-06	-1.0
9100	1	3.20428	2.97933	1.3274e-27	5.24506e-27	1.0
9100	2	2.44309	2.61826	1.04431e-28	1.54772e-28	-1.0
9100	3	1.93072	1.47036	5.86365e-28	7.71143e-28	-1.0
9100	4	5.13066	4.01408	6.39617e-29	3.33627e-27	-1.0
9100	5	1.80405	1.52867	1.39294e-27	8.34068e-28	1.0
9100	6	3.49707	2.95039	0.00711036	0.00427838	1.0
9100	7	3.49202	2.31986	6.39617e-27	3.08457e-27	1.0
9100	8	4.67192	4.53266	0.000193098	0.000674887	1.0
9100	9	4.31376	3.95481	2.02151e-28	4.38276e-27	-1.0
9100	10	2.27633	2.33063	4.93532e-30	2.34546e-27	1.0
9200	1	3.20428	2.97933	1.3274e-27	5.24506e-27	1.0
9200	2	2.44309	2.61826	1.04431e-28	1.54772e-28	-1.0
9200	3	1.93072	1.47036	5.86365e-28	7.71143e-28	-1.0
9200	4	5.13066	4.01408	6.39617e-29	3.33627e-27	-1.0
9200	5	1.80405	1.52867	1.39294e-27	8.34068e-28	1.0
9200	6	3.80425	3.18867	2.26018e-27	1.49422e-27	1.0
9200	7	3.49202	2.31986	6.39617e-27	3.08457e-27	1.0
9200	8	4.69848	4.58232	0.000412471	0.00144161	1.0
9200	9	4.31376	3.95481	2.02151e-28	4.38276e-27	-1.0
9200	10	2.27633	2.33063	4.93532e-30	2.34546e-27	1.0
9300	1	3.20428	2.97933	1.3274e-27	5.24506e-27	1.0
9300	2	2.44309	2.61826	1.04431e-28	1.54772e-28	-1.0
9300	3	1.93072	1.47036	5.86365e-28	7.71143e-28	-1.0
9300	4	5.13066	4.01408	6.39617e-29	3.33627e-27	-1.0
9300	5	1.80405	1.52867	1.39294e-27	8.34068e-28	1.0
9300	6	3.82111	3.20644	0.00164252	0.00182435	1.0
9300	7	3.49209	2.31995	5.04012e-06	7.8498e-06	1.0
9300	8	4.69612	4.57791	0.000404639	0.00141424	1.0
9300	9	4.31376	3.95481	2.02151e-28	4.38276e-27	-1.0
9300	10	2.27633	2.33063	4.93532e-30	2.34546e-27	1.0
9400	1	3.20428	2.97933	1.3274e-27	5.24506e-27	1.0
9400	2	2.61608	2.6755	4.32413e-27	1.6709e-27	1.0
9400	3	1.93072	1.47036	5.86365e-28	7.71143e-28	-1.0
9400	4	5.13066	4.01408	6.39617e-29	3.33627e-27	-1.0
9400	5	1.80405	1.52867	1.39294e-27	8.34068e-28	1.0
9400	6	4.01898	3.41497	4.56102e-27	7.5838e-27	1.0
9400	7	3.63401	2.49706	2.4183e-28	5.05376e-29	1.0
9400	8	4.69804	4.5815	0.000417868	0.00146047	1.0
9400	9	4.31376	3.95481	2.02151e-28	4.38276e-27	-1.0
9400	10	2.30585	2.31516	1.97413e-29	1.77671e-30	1.0
9500	1	3.20428	2.97933	1.3274e-27	5.24506e-27	1.0
9500	2	2.61608	2.6755	4.32413e-27	1.6709e-27	1.0
9500	3	1.93072	1.47036	5.86365e-28	7.71143e-28	-1.0
9500	4	5.13066	4.01408	6.39617e-29	3.33627e-27	-1.0
9500	5	1.80402	1.52869	3.04815e-07	1.50666e-07	-1.0
9500	6	4.01898	3.41497	4.56102e-27	7.5838e-27	1.0
9500	7	3.63401	2.49706	2.4183e-28	5.05376e-29	1.0
9500	8	4.70034	4.58579	0.000415825	0.00145333	1.0
9500	9	4.31376	3.95481	2.02151e-28	4.38276e-27	-1.0
9500	10	2.38886	2.25324	0.00204068	0.000683975	0.96454
9600	1	3.20428	2.97933	1.3274e-27	5.24506e-27	1.0
9600	2	2.61608	2.6755	4.32413e-27	1.6709e-27	1.0
9600	3	1.93072	1.47036	5.86365e-28	7.71143e-28	-1.0
9600	4	5.13066	4.01408	6.39617e-29	3.33627e-27	-1.0
9600	5	1.78387	1.54286	9.8119e-28	4.73988e-28	-1.0
9600	6	4.01898	3.41497	4.56102e-27	7.5838e-27	1.0
9600	7	3.63401	2.49706	2.4183e-28	5.05376e-29	1.0
9600	8	4.69601	4.5777	0.000423936	0.00148168	1.0
9600	9	4.31376	3.95481	2.02151e-28	4.38276e-27	-1.0
9600	10	2.67999	2.42094	9.39882e-28	4.93532e-30	1.0
9700	1	3.20428	2.97933	1.3274e-27	5.24506e-27	1.0
9700	2	2.61608	2.6755	4.32413e-27	1.6709e-27	1.0
9700	3	1.93072	1.47036	5.86365e-28	7.71143e-28	-1.0
9700	4	5.13066	4.01408	6.39617e-29	3.33627e-27	-1.0
9700	5	1.78387	1.54286	9.8119e-28	4.73988e-28	-1.0
9700	6	4.01898	3.41497	4.56102e-27	7.5838e-27	1.0
9700	7	3.63401	2.49706	2.4183e-28	5.05376e-29	1.0
9700	8	4.69543	4.57661	0.000425356	0.00148664	1.0
9700	9	4.31376	3.95481	2.02151e-28	4.38276e-27	-1.0
9700	10	2.67999	2.42094	9.39882e-28	4.93532e-30	1.0
9800	1	3.20428	2.97933	1.3274e-27	5.24506e-27	1.0
9800	2	3.10187	3.09645	5.50564e-27	3.18407e-27	-1.0
9800	3	1.93072	1.47036	5.86365e-28	7.71143e-28	-1.0
9800	4	5.13066	4.01408	6.39617e-29	3.33627e-27	-1.0
9800	5	2.01211	1.86036	0.000221612	0.000428826	1.0
9800	6	4.01898	3.41497	4.56102e-27	7.5838e-27	1.0
9800	7	3.63401	2.49706	2.4183e-28	5.05376e-29	1.0
9800	8	4.69165	4.56955	0.000407117	0.0014229	1.0
9800	9	4.31376	3.95481	2.02151e-28	4.38276e-27	-1.0
9800	10	2.67999	2.42094	9.39882e-28	4.93532e-30	1.0
9900	1	3.20428	2.97933	1.3274e-27	5.24506e-27	1.0
9900	2	3.10187	3.09645	5.50564e-27	3.18407e-27	-1.0
9900	3	1.92082	1.46985	0.000689993	1.84488e-06	1.0
9900	4	5.13066	4.01408	6.39617e-29	3.33627e-27	-1.0
9900	5	2.01407	1.86308	5.33804e-28	4.44178e-31	-1.0
9900	6	4.13102	3.53909	4.39798e-05	5.39659e-05	1.0
9900	7	3.63401	2.49706	2.4183e-28	5.05376e-29	1.0
9900	8	4.69836	4.5821	0.000376534	0.00131601	1.0
9900	9	4.31376	3.95481	2.02151e-28	4.38276e-27	-1.0
9900	10	2.69207	2.61531	0.000183054	0.00031813	-1.0
10000	1	3.20428	2.97933	1.3274e-27	5.24506e-27	1.0
10000	2	3.10187	3.09645	5.50564e-27	3.18407e-27	-1.0
10000	3	1.80442	1.46383	0.00140543	3.75779e-06	1.0
10000	4	5.13066	4.01408	6.39617e-29	3.33627e-27	-1.0
10000	5	2.01407	1.86308	5.33804e-28	4.44178e-31	-1.0
10000	6	4.13181	3.53996	5.97687e-27	5.1347e-28	1.0
10000	7	3.63401	2.49706	2.4183e-28	5.05376e-29	1.0
10000	8	4.69641	4.57846	0.000412905	0.00144312	1.0
10000	9	4.31376	3.95481	2.02151e-28	4.38276e-27	-1.0
10000	10	2.74381	2.74109	0.00368687	0.00614999	1.0
