100	1	0.0	0.0	0.0	0.0	NAN
100	2	0.0	0.0	0.0	0.0	NAN
100	3	0.00105433	-0.032901	0.000277069	0.000363701	0.041696
100	4	0.240859	0.0	7.10686e-30	0.0	NAN
100	5	0.0	0.0	0.0	0.0	NAN
100	6	0.0	0.0	0.0	0.0	NAN
100	7	-0.0125679	0.239152	0.00104918	0.00165766	-0.0445117
100	8	0.0	0.0	0.0	0.0	NAN
100	9	0.0	0.0	0.0	0.0	NAN
100	10	0.0	0.0	0.0	0.0	NAN
200	1	0.0	0.0	0.0	0.0	NAN
200	2	0.0	0.0	0.0	0.0	NAN
200	3	0.527166	-0.0542921	2.08517e-30	2.29463e-31	-1.0
200	4	0.240859	0.0	7.10686e-30	0.0	NAN
200	5	0.0	0.0	0.0	0.0	NAN
200	6	0.0	0.0	0.0	0.0	NAN
200	7	-0.16193	0.252404	0.000751913	8.66456e-30	-1.15043e-13
200	8	0.0	0.0	0.0	0.0	NAN
200	9	0.0	0.0	0.0	0.0	NAN
200	10	0.0	0.0	0.0	0.0	NAN
300	1	0.0	0.0	0.0	0.0	NAN
300	2	0.0	0.0	0.0	0.0	NAN
300	3	0.527166	-0.0542921	2.08517e-30	2.29463e-31	-1.0
300	4	0.240859	-0.154899	7.10686e-30	0.00928501	-8.38743e-15
300	5	0.0	0.0	0.0	0.0	NAN
300	6	-0.00764966	-0.00479539	0.000459188	0.000180449	1.0
300	7	-0.170992	0.252404	1.34364e-29	8.66456e-30	-1.0
300	8	0.0	0.0	0.0	0.0	NAN
300	9	0.0	0.0	0.0	0.0	NAN
300	10	0.0	0.0	0.0	0.0	NAN
400	1	0.13532	0.0	3.88733e-30	0.0	NAN
400	2	0.0	0.0	0.0	0.0	NAN
400	3	0.527166	-0.0542921	2.08517e-30	2.29463e-31	-1.0
400	4	0.240859	-0.280614	7.10686e-30	3.08457e-33	-1.0
400	5	0.0	0.0	0.0	0.0	NAN
400	6	-0.130763	-0.0819725	7.41069e-31	2.08517e-30	-1.0
400	7	-0.170992	0.252404	1.34364e-29	8.66456e-30	-1.0
400	8	0.0	0.0	0.0	0.0	NAN
400	9	0.0	0.0	0.0	0.0	NAN
400	10	0.0	0.0	0.0	0.0	NAN
500	1	0.13532	0.0	3.88733e-30	0.0	NAN
500	2	0.000497574	0.0	4.93176e-05	0.0	NAN
500	3	0.527166	-0.0542921	2.08517e-30	2.29463e-31	-1.0
500	4	0.240859	-0.280614	7.10686e-30	3.08457e-33	-1.0
500	5	0.0	0.0	0.0	0.0	NAN
500	6	-0.130763	-0.0819725	7.41069e-31	2.08517e-30	-1.0
500	7	-0.170992	0.252404	1.34364e-29	8.66456e-30	-1.0
500	8	0.0	0.0	0.0	0.0	NAN
500	9	0.0	0.0	0.0	0.0	NAN
500	10	0.0	0.0	0.0	0.0	NAN
600	1	0.13532	0.0	3.88733e-30	0.0	NAN
600	2	0.013902	-0.236719	1.73507e-33	6.38584e-30	1.0
600	3	0.527166	-0.0542921	2.08517e-30	2.29463e-31	-1.0
600	4	0.240859	-0.280614	7.10686e-30	3.08457e-33	-1.0
600	5	0.0	0.0	0.0	0.0	NAN
600	6	-0.130763	-0.429336	7.41069e-31	0.000120782	-5.1912e-13
600	7	-0.170992	0.252404	1.34364e-29	8.66456e-30	-1.0
600	8	0.0	0.0	0.0	0.0	NAN
600	9	0.0	0.0	0.0	0.0	NAN
600	10	0.0	0.0	0.0	0.0	NAN
700	1	0.13532	0.0	3.88733e-30	0.0	NAN
700	2	0.013902	-0.236719	1.73507e-33	6.38584e-30	1.0
700	3	0.527166	-0.0542921	2.08517e-30	2.29463e-31	-1.0
700	4	0.240859	-0.280614	7.10686e-30	3.08457e-33	-1.0
700	5	0.0	0.0	0.0	0.0	NAN
700	6	-0.130763	-0.430032	7.41069e-31	3.33627e-29	-1.0
700	7	-0.170808	0.252504	1.68864e-05	5.05863e-06	1.0
700	8	0.0	0.0	0.0	0.0	NAN
700	9	0.0	0.0	0.0	0.0	NAN
700	10	0.0	0.0	0.0	0.0	NAN
800	1	0.13532	0.0	3.88733e-30	0.0	NAN
800	2	0.013902	-0.236719	1.73507e-33	6.38584e-30	1.0
800	3	0.527166	-0.0542921	2.08517e-30	2.29463e-31	-1.0
800	4	0.240859	-0.280614	7.10686e-30	3.08457e-33	-1.0
800	5	0.203708	0.0	0.0	0.0	NAN
800	6	-0.130763	-0.430032	7.41069e-31	3.33627e-29	-1.0
800	7	-0.170992	0.252404	1.34364e-29	8.66456e-30	-1.0
800	8	0.0	0.0	0.0	0.0	NAN
800	9	0.0	0.0	0.0	0.0	NAN
800	10	0.0	0.0	0.0	0.0	NAN
900	1	0.13532	0.0	3.88733e-30	0.0	NAN
900	2	0.013902	-0.236719	1.73507e-33	6.38584e-30	1.0
900	3	0.527166	-0.0542921	2.08517e-30	2.29463e-31	-1.0
900	4	0.240859	-0.280614	7.10686e-30	3.08457e-33	-1.0
900	5	0.203708	0.0	0.0	0.0	NAN
900	6	-0.130763	-0.430032	7.41069e-31	3.33627e-29	-1.0
900	7	-0.170992	0.252404	1.34364e-29	8.66456e-30	-1.0
900	8	0.0	0.0	0.0	0.0	NAN
900	9	0.0	0.0	0.0	0.0	NAN
900	10	0.0	0.0	0.0	0.0	NAN
1000	1	0.13532	0.0	3.88733e-30	0.0	NAN
1000	2	0.013902	-0.236719	1.73507e-33	6.38584e-30	1.0
1000	3	0.527052	-0.0543896	1.30593e-05	9.50623e-06	1.0
1000	4	0.240859	-0.280614	7.10686e-30	3.08457e-33	-1.0
1000	5	0.203708	0.0	0.0	0.0	NAN
1000	6	-0.130763	-0.426869	7.41069e-31	1.75815e-05	-5.49302e-13
1000	7	-0.170992	0.252404	1.34364e-29	8.66456e-30	-1.0
1000	8	0.374786	-0.0875387	2.80995e-06	7.67066e-06	-1.0
1000	9	0.0	-0.0427696	0.0	0.00653076	NAN
1000	10	0.0	-0.0384839	0.0	0.00266473	NAN
1100	1	0.264521	0.169675	1.87665e-29	4.10942e-30	-1.0
1100	2	0.013902	-0.161945	1.73507e-33	1.29629e-30	1.0
1100	3	0.298725	-0.249194	1.30593e-05	9.50623e-06	1.0
1100	4	0.240859	-0.280614	7.10686e-30	3.08457e-33	-1.0
1100	5	0.203708	0.0	0.0	0.0	NAN
1100	6	-0.130763	-0.42892	7.41069e-31	4.11362e-08	-3.08933e-11
1100	7	-0.170992	0.252404	1.34364e-29	8.66456e-30	-1.0
1100	8	0.374892	-0.0877141	6.52696e-30	4.39571e-30	-1.0
1100	9	0.0	-0.139171	0.0	0.0140017	NAN
1100	10	0.0	-0.173742	0.0	2.78383e-31	NAN
1200	1	0.264521	0.169675	1.87665e-29	4.10942e-30	-1.0
1200	2	0.013902	-0.161945	1.73507e-33	1.29629e-30	1.0
1200	3	0.0559224	-0.425987	0.00224964	0.000185289	1.0
1200	4	0.240859	-0.280614	7.10686e-30	3.08457e-33	-1.0
1200	5	0.159181	-0.157169	5.21293e-31	1.29629e-30	1.0
1200	6	-0.130763	-0.428926	7.41069e-31	3.93869e-29	-1.0
1200	7	-0.170992	0.252404	1.34364e-29	8.66456e-30	-1.0
1200	8	0.374892	-0.0877141	6.52696e-30	4.39571e-30	-1.0
1200	9	0.0	-0.155803	0.0	0.0143384	NAN
1200	10	0.0	-0.173742	0.0	2.78383e-31	NAN
1300	1	0.264521	0.169675	1.87665e-29	4.10942e-30	-1.0
1300	2	0.013902	-0.161945	1.73507e-33	1.29629e-30	1.0
1300	3	-0.0315872	-0.606436	4.34973e-31	3.08457e-29	-1.0
1300	4	0.240859	-0.280614	7.10686e-30	3.08457e-33	-1.0
1300	5	0.159181	-0.157169	5.21293e-31	1.29629e-30	1.0
1300	6	-0.130763	-0.428926	7.41069e-31	3.93869e-29	-1.0
1300	7	-0.170992	0.252404	1.34364e-29	8.66456e-30	-1.0
1300	8	0.374892	-0.0877141	6.52696e-30	4.39571e-30	-1.0
1300	9	0.0	-0.153767	0.0	0.0139315	NAN
1300	10	0.0	-0.173742	0.0	2.78383e-31	NAN
1400	1	0.264521	0.169675	1.87665e-29	4.10942e-30	-1.0
1400	2	-0.111666	-0.38158	1.40541e-31	6.04576e-29	-1.0
1400	3	-0.0315872	-0.606436	4.34973e-31	3.08457e-29	-1.0
1400	4	0.240859	-0.280614	7.10686e-30	3.08457e-33	-1.0
1400	5	0.159181	-0.157169	5.21293e-31	1.29629e-30	1.0
1400	6	-0.376687	-0.428926	0.000635366	3.93869e-29	-5.03224e-16
1400	7	-0.170992	0.252404	1.34364e-29	8.66456e-30	-1.0
1400	8	0.603981	0.0420019	1.23383e-32	4.81964e-33	-1.0
1400	9	0.0	-0.173964	0.0	0.0145431	NAN
1400	10	0.208318	0.0187467	2.28135e-29	7.71143e-34	1.0
1500	1	0.264521	0.169675	1.87665e-29	4.10942e-30	-1.0
1500	2	-0.111666	-0.38158	1.40541e-31	6.04576e-29	-1.0
1500	3	-0.0315128	-0.606431	1.84241e-06	7.95756e-09	1.0
1500	4	0.240859	-0.280614	7.10686e-30	3.08457e-33	-1.0
1500	5	0.159181	-0.157169	5.21293e-31	1.29629e-30	1.0
1500	6	-0.381962	-0.428926	0.0	3.93869e-29	NAN
1500	7	-0.170992	0.252404	1.34364e-29	8.66456e-30	-1.0
1500	8	0.603921	0.0420019	1.80983e-06	4.81964e-33	-8.58701e-14
1500	9	0.0	-0.140359	0.0	0.0144478	NAN
1500	10	0.208318	0.0187388	2.28135e-29	6.21514e-08	1.1476e-13
1600	1	0.264521	0.169675	1.87665e-29	4.10942e-30	-1.0
1600	2	-0.111666	-0.38158	1.40541e-31	6.04576e-29	-1.0
1600	3	-0.0315872	-0.606436	4.34973e-31	3.08457e-29	-1.0
1600	4	0.240859	-0.280614	7.10686e-30	3.08457e-33	-1.0
1600	5	0.138519	-0.157169	0.000290727	1.29629e-30	1.1491e-15
1600	6	-0.2624	-0.36745	1.78866e-05	4.72891e-06	1.0
1600	7	-0.170992	-0.0229463	1.34364e-29	1.32841e-31	-1.0
1600	8	0.620582	0.0420019	1.23383e-32	4.81964e-33	1.0
1600	9	0.0	-0.185844	0.0	0.0141279	NAN
1600	10	0.211978	0.0187467	0.000277981	7.71143e-34	2.85155e-13
1700	1	0.264521	0.169675	1.87665e-29	4.10942e-30	-1.0
1700	2	-0.111666	-0.38158	1.40541e-31	6.04576e-29	-1.0
1700	3	0.0741907	-0.523117	0.00481478	0.00298725	1.0
1700	4	0.240859	-0.280614	7.10686e-30	3.08457e-33	-1.0
1700	5	0.111574	-0.157169	2.68435e-30	1.29629e-30	-1.0
1700	6	-0.2621	-0.367296	2.84274e-29	2.66785e-29	1.0
1700	7	-0.366286	-0.0229463	0.00197336	1.32841e-31	9.90942e-14
1700	8	0.794106	0.0420019	0.0032187	4.81964e-33	1.16157e-13
1700	9	0.0321433	-0.191445	0.000288856	0.0144059	0.0394021
1700	10	0.229956	0.0187467	0.00146969	7.71143e-34	1.27221e-13
1800	1	0.264521	0.169675	1.87665e-29	4.10942e-30	-1.0
1800	2	-0.111666	-0.460081	1.40541e-31	1.54213e-06	3.51702e-12
1800	3	0.163936	-0.452427	4.45412e-30	5.9597e-29	1.0
1800	4	0.239596	-0.280614	1.89037e-05	3.08457e-33	-5.26745e-13
1800	5	0.111574	-0.157169	2.68435e-30	1.29629e-30	-1.0
1800	6	-0.2621	-0.367296	2.84274e-29	2.66785e-29	1.0
1800	7	-0.384428	-0.0229463	1.42631e-29	1.32841e-31	1.0
1800	8	0.831553	0.0420019	6.21973e-29	4.81964e-33	1.0
1800	9	0.0502239	-0.307333	4.44178e-31	0.0145166	4.64358e-15
1800	10	0.279595	0.0187467	0.0032254	7.71143e-34	6.50154e-14
1900	1	0.264521	0.169675	1.87665e-29	4.10942e-30	-1.0
1900	2	-0.111666	-0.46012	1.40541e-31	1.92508e-29	1.0
1900	3	0.163936	-0.452427	4.45412e-30	5.9597e-29	1.0
1900	4	0.226729	-0.599746	0.000120288	3.59785e-29	5.51817e-14
1900	5	0.111574	-0.157169	2.68435e-30	1.29629e-30	-1.0
1900	6	-0.2621	-0.367296	2.84274e-29	2.66785e-29	1.0
1900	7	-0.384432	-0.0229541	1.65622e-08	6.14331e-08	1.0
1900	8	0.831553	0.0420019	6.21973e-29	4.81964e-33	1.0
1900	9	0.0502239	-0.341616	4.44178e-31	0.0142411	1.89778e-14
1900	10	0.315551	0.0187467	0.00269148	7.71143e-34	1.90117e-14
2000	1	0.264521	0.168981	1.87665e-29	6.83731e-05	-2.33746e-13
2000	2	-0.111666	-0.46012	1.40541e-31	1.92508e-29	1.0
2000	3	0.163936	-0.452427	4.45412e-30	5.9597e-29	1.0
2000	4	0.217476	-0.599746	0.000105866	3.59785e-29	2.00264e-13
2000	5	0.0450679	-0.223615	0.00218552	0.0021816	1.0
2000	6	-0.262698	-0.369027	1.39236e-05	0.000117045	1.0
2000	7	-0.384428	-0.0229463	1.42631e-29	1.32841e-31	1.0
2000	8	0.831553	0.0420019	6.21973e-29	4.81964e-33	1.0
2000	9	0.0502239	-0.313613	4.44178e-31	0.0143989	5.36418e-15
2000	10	0.350632	0.0187467	0.00119391	7.71143e-34	-7.38202e-14
2100	1	0.264521	-0.0284846	1.87665e-29	9.82661e-06	1.9721e-13
2100	2	-0.111666	-0.46012	1.40541e-31	1.92508e-29	1.0
2100	3	0.163936	-0.654452	4.45412e-30	2.08517e-30	-1.0
2100	4	0.211642	-0.599746	4.73647e-05	3.59785e-29	5.72646e-13
2100	5	-0.0230533	-0.291675	9.33083e-32	7.10686e-30	-1.0
2100	6	0.0943917	-0.249422	0.000100301	0.000463146	1.0
2100	7	-0.384428	-0.0229463	1.42631e-29	1.32841e-31	1.0
2100	8	0.762748	0.0420019	1.1847e-06	4.81964e-33	3.15648e-12
2100	9	0.0502239	-0.330076	4.44178e-31	0.014057	1.59587e-14
2100	10	0.0868206	-0.261287	0.0331077	0.0368145	0.979492
2200	1	0.264521	-0.0285838	1.87665e-29	3.86066e-31	1.0
2200	2	-0.111666	-0.46012	1.40541e-31	1.92508e-29	1.0
2200	3	0.476719	-0.221633	1.78165e-29	1.14777e-29	1.0
2200	4	0.208693	-0.599746	3.88373e-06	3.59785e-29	2.56735e-12
2200	5	-0.0230533	-0.291675	9.33083e-32	7.10686e-30	-1.0
2200	6	-0.0272106	-0.510727	1.52106e-05	7.02361e-05	1.0
2200	7	-0.384563	-0.0230404	1.82913e-05	8.84506e-06	1.0
2200	8	0.762714	0.0420019	1.18571e-29	4.81964e-33	1.0
2200	9	0.0502239	-0.338901	4.44178e-31	0.0147781	1.75097e-14
2200	10	0.166566	-0.153627	0.000623252	5.3124e-30	6.03076e-14
2300	1	0.478726	-0.0285838	3.33627e-29	3.86066e-31	1.0
2300	2	-0.111666	-0.46012	1.40541e-31	1.92508e-29	1.0
2300	3	0.476719	-0.221633	1.78165e-29	1.14777e-29	1.0
2300	4	0.20845	-0.599746	2.69661e-29	3.59785e-29	1.0
2300	5	-0.0230533	-0.291675	9.33083e-32	7.10686e-30	-1.0
2300	6	-0.0274577	-0.511258	1.45794e-33	1.3603e-28	-1.0
2300	7	-0.384428	-0.0229463	1.42631e-29	1.32841e-31	1.0
2300	8	0.762714	0.0420019	1.18571e-29	4.81964e-33	1.0
2300	9	0.0502239	-0.35677	4.44178e-31	0.0140238	2.70943e-14
2300	10	0.167679	-0.153627	0.000551597	5.3124e-30	6.74302e-14
2400	1	0.478726	-0.0285838	3.33627e-29	3.86066e-31	1.0
2400	2	-0.111668	-0.46018	6.98418e-09	3.52187e-06	1.0
2400	3	0.476719	-0.221633	1.78165e-29	1.14777e-29	1.0
2400	4	0.20845	-0.599746	2.69661e-29	3.59785e-29	1.0
2400	5	-0.0230533	-0.291675	9.33083e-32	7.10686e-30	-1.0
2400	6	-0.0274577	-1.01033	1.45794e-33	3.99761e-28	1.0
2400	7	-0.363232	-0.016112	0.000395106	4.10771e-05	1.0
2400	8	0.762714	0.0420019	1.18571e-29	4.81964e-33	1.0
2400	9	0.0502239	-0.338901	4.44178e-31	0.0137977	1.6759e-14
2400	10	0.172611	-0.153627	0.000179081	5.3124e-30	1.50357e-13
2500	1	0.478726	-0.0285838	3.33627e-29	3.86066e-31	1.0
2500	2	-0.116951	-0.31864	1.23383e-32	0.000330854	-2.53335e-13
2500	3	0.476719	-0.221633	1.78165e-29	1.14777e-29	1.0
2500	4	0.20845	-0.599746	2.69661e-29	3.59785e-29	1.0
2500	5	-0.0230533	-0.291675	9.33083e-32	7.10686e-30	-1.0
2500	6	0.0259712	-1.01033	3.24073e-31	3.99761e-28	-1.0
2500	7	-0.324972	-0.00377561	5.44119e-30	3.48219e-33	-1.0
2500	8	0.762714	0.0420019	1.18571e-29	4.81964e-33	1.0
2500	9	0.0502239	-0.347048	4.44178e-31	0.0141608	2.37945e-14
2500	10	0.174759	-0.153627	4.93532e-30	5.3124e-30	1.0
2600	1	0.478726	-0.0285838	3.33627e-29	3.86066e-31	1.0
2600	2	-0.116951	-0.519598	1.23383e-32	6.16977e-05	-8.36621e-13
2600	3	0.476719	-0.221633	1.78165e-29	1.14777e-29	1.0
2600	4	0.20845	-0.599746	2.69661e-29	3.59785e-29	1.0
2600	5	-0.0230986	-0.291755	2.05604e-06	6.49399e-06	1.0
2600	6	0.0259712	-1.01033	3.24073e-31	3.99761e-28	-1.0
2600	7	-0.324972	-0.00377561	5.44119e-30	3.48219e-33	-1.0
2600	8	0.762714	0.0420019	1.18571e-29	4.81964e-33	1.0
2600	9	0.0502239	-0.336185	4.44178e-31	0.0142623	1.76347e-14
2600	10	0.0125014	-0.243426	6.77763e-32	1.68911e-29	1.0
2700	1	0.478793	-0.028575	4.47933e-06	7.64657e-08	1.0
2700	2	-0.116951	-0.806271	1.23383e-32	3.59785e-29	-1.0
2700	3	0.476719	-0.221633	1.78165e-29	1.14777e-29	1.0
2700	4	0.20845	-0.599746	2.69661e-29	3.59785e-29	1.0
2700	5	0.168542	-0.595943	0.000293885	9.67322e-30	-5.01677e-14
2700	6	0.0259712	-1.01033	3.24073e-31	3.99761e-28	-1.0
2700	7	-0.324972	-0.00377561	5.44119e-30	3.48219e-33	-1.0
2700	8	0.762714	0.0420019	1.18571e-29	4.81964e-33	1.0
2700	9	0.0502239	-0.352309	4.44178e-31	0.0146358	2.11603e-14
2700	10	0.0125014	-0.243426	6.77763e-32	1.68911e-29	1.0
2800	1	0.478726	-0.0285838	3.33627e-29	3.86066e-31	1.0
2800	2	-0.327075	-0.985287	3.02319e-29	3.99761e-28	-1.0
2800	3	0.476719	-0.221633	1.78165e-29	1.14777e-29	1.0
2800	4	0.209201	-0.59982	1.70196e-05	6.41625e-07	-0.18129
2800	5	0.171657	-0.595943	4.07935e-31	9.67322e-30	-1.0
2800	6	0.0259712	-1.01033	3.24073e-31	3.99761e-28	-1.0
2800	7	-0.324972	-0.00377561	5.44119e-30	3.48219e-33	-1.0
2800	8	0.762714	0.0420019	1.18571e-29	4.81964e-33	1.0
2800	9	0.0502239	-0.339175	4.44178e-31	0.0143683	1.52897e-14
2800	10	0.0125014	-0.243426	6.77763e-32	1.68911e-29	1.0
2900	1	0.478726	-0.0285838	3.33627e-29	3.86066e-31	1.0
2900	2	-0.327075	-0.985287	3.02319e-29	3.99761e-28	-1.0
2900	3	0.476719	-0.221633	1.78165e-29	1.14777e-29	1.0
2900	4	0.265821	-0.610293	2.22771e-05	2.17846e-05	-1.0
2900	5	0.171657	-0.595943	4.07935e-31	9.67322e-30	-1.0
2900	6	0.0259712	-1.01033	3.24073e-31	3.99761e-28	-1.0
2900	7	-0.178427	0.109875	4.10942e-30	3.51352e-30	1.0
2900	8	0.762714	0.0420019	1.18571e-29	4.81964e-33	1.0
2900	9	0.0502239	-0.302477	4.44178e-31	0.0136039	-1.58007e-14
2900	10	0.0125014	-0.243426	6.77763e-32	1.68911e-29	1.0
3000	1	0.478726	-0.0285838	3.33627e-29	3.86066e-31	1.0
3000	2	-0.327075	-0.985287	3.02319e-29	3.99761e-28	-1.0
3000	3	0.476719	-0.221633	1.78165e-29	1.14777e-29	1.0
3000	4	0.269999	-0.614425	2.59413e-30	1.51144e-29	-1.0
3000	5	0.171657	-0.595943	4.07935e-31	9.67322e-30	-1.0
3000	6	0.124966	-1.01033	0.000953555	3.99761e-28	-3.40844e-14
3000	7	-0.103004	0.109875	3.41019e-30	3.51352e-30	-1.0
3000	8	0.762714	0.0420019	1.18571e-29	4.81964e-33	1.0
3000	9	0.0502239	-0.325728	4.44178e-31	0.014192	-2.17807e-14
3000	10	0.0125014	-0.243426	6.77763e-32	1.68911e-29	1.0
3100	1	0.489549	-0.0221638	0.000734633	0.0002585	1.0
3100	2	-0.327075	-0.985287	3.02319e-29	3.99761e-28	-1.0
3100	3	0.476719	-0.221633	1.78165e-29	1.14777e-29	1.0
3100	4	0.269999	-0.614425	2.59413e-30	1.51144e-29	-1.0
3100	5	0.171657	-0.595943	4.07935e-31	9.67322e-30	-1.0
3100	6	0.144315	-1.01033	8.39775e-31	3.99761e-28	1.0
3100	7	-0.103004	0.109875	3.41019e-30	3.51352e-30	-1.0
3100	8	0.762714	0.0420019	1.18571e-29	4.81964e-33	1.0
3100	9	0.0502239	-0.344567	4.44178e-31	0.013591	-1.52556e-14
3100	10	0.0703415	-0.0942691	1.85267e-31	8.39775e-31	1.0
3200	1	0.625975	0.0587633	1.49293e-30	5.21293e-31	1.0
3200	2	-0.327075	-0.985287	3.02319e-29	3.99761e-28	-1.0
3200	3	0.476719	-0.221633	1.78165e-29	1.14777e-29	1.0
3200	4	0.269999	-0.614425	2.59413e-30	1.51144e-29	-1.0
3200	5	0.171657	-0.595943	4.07935e-31	9.67322e-30	-1.0
3200	6	0.144315	-1.01033	8.39775e-31	3.99761e-28	1.0
3200	7	-0.103004	0.109875	3.41019e-30	3.51352e-30	-1.0
3200	8	0.762714	0.0420019	1.18571e-29	4.81964e-33	1.0
3200	9	0.0503148	-0.341197	4.13144e-06	0.0144958	0.0424019
3200	10	0.0703415	-0.0942691	1.85267e-31	8.39775e-31	1.0
3300	1	0.625975	0.0587633	1.49293e-30	5.21293e-31	1.0
3300	2	-0.327075	-0.985287	3.02319e-29	3.99761e-28	-1.0
3300	3	0.476719	-0.221633	1.78165e-29	1.14777e-29	1.0
3300	4	0.450124	-0.614425	9.77316e-29	1.51144e-29	-1.0
3300	5	0.171657	-0.595943	4.07935e-31	9.67322e-30	-1.0
3300	6	0.144315	-1.01033	8.39775e-31	3.99761e-28	1.0
3300	7	-0.103004	0.109875	3.41019e-30	3.51352e-30	-1.0
3300	8	0.762714	0.0420019	1.18571e-29	4.81964e-33	1.0
3300	9	0.0502239	-0.343719	4.44178e-31	0.0135217	-1.74772e-14
3300	10	0.0703415	-0.0942691	1.85267e-31	8.39775e-31	1.0
3400	1	0.625975	0.0587633	1.49293e-30	5.21293e-31	1.0
3400	2	-0.326811	-0.985154	2.31711e-05	5.92194e-06	1.0
3400	3	0.476719	-0.221633	1.78165e-29	1.14777e-29	1.0
3400	4	0.450235	-0.614363	1.22583e-05	3.77276e-06	1.0
3400	5	0.171657	-0.595943	4.07935e-31	9.67322e-30	-1.0
3400	6	0.144315	-1.01033	8.39775e-31	3.99761e-28	1.0
3400	7	-0.103004	0.109875	3.41019e-30	3.51352e-30	-1.0
3400	8	0.762714	0.0420019	1.18571e-29	4.81964e-33	1.0
3400	9	0.0502239	-0.341682	4.44178e-31	0.0136954	-1.42305e-14
3400	10	0.0703415	-0.0629619	1.85267e-31	5.83177e-31	1.0
3500	1	0.625975	0.0587633	1.49293e-30	5.21293e-31	1.0
3500	2	-0.299803	-0.9715	0.00213738	0.00054626	1.0
3500	3	0.476719	-0.221633	1.78165e-29	1.14777e-29	1.0
3500	4	0.450124	-0.614425	9.77316e-29	1.51144e-29	-1.0
3500	5	0.171657	-0.595943	4.07935e-31	9.67322e-30	-1.0
3500	6	0.144315	-1.01033	8.39775e-31	3.99761e-28	1.0
3500	7	-0.103004	0.109875	3.41019e-30	3.51352e-30	-1.0
3500	8	0.762714	0.0420019	1.18571e-29	4.81964e-33	1.0
3500	9	0.395916	0.128898	0.00143582	0.0150767	0.241315
3500	10	0.0703415	-0.0629619	1.85267e-31	5.83177e-31	1.0
3600	1	0.625975	0.0587633	1.49293e-30	5.21293e-31	1.0
3600	2	-0.188694	-0.915329	0.0025307	0.000646782	1.0
3600	3	0.476719	-0.592187	1.78165e-29	9.99401e-31	1.0
3600	4	0.450124	-0.614425	9.77316e-29	1.51144e-29	-1.0
3600	5	0.171657	-0.595943	4.07935e-31	9.67322e-30	-1.0
3600	6	0.144315	-1.01033	8.39775e-31	3.99761e-28	1.0
3600	7	-0.103004	0.109875	3.41019e-30	3.51352e-30	-1.0
3600	8	0.762714	0.0420019	1.18571e-29	4.81964e-33	1.0
3600	9	0.853666	0.547939	0.000754445	0.0140887	0.173771
3600	10	0.0703415	-0.0629619	1.85267e-31	5.83177e-31	1.0
3700	1	0.625918	0.0586368	3.24241e-06	1.59996e-05	1.0
3700	2	-0.152977	-0.897273	0.000159269	4.07052e-05	1.0
3700	3	0.522491	-0.512768	9.77316e-29	1.23383e-30	-1.0
3700	4	0.450124	-0.614425	9.77316e-29	1.51144e-29	-1.0
3700	5	0.248103	-0.463985	2.16614e-30	1.87665e-29	-1.0
3700	6	0.144315	-1.01033	8.39775e-31	3.99761e-28	1.0
3700	7	-0.13809	0.0851377	0.00340909	0.00169456	1.0
3700	8	0.762714	0.0420019	1.18571e-29	4.81964e-33	1.0
3700	9	0.856938	0.534145	2.28135e-29	0.0135743	2.5761e-14
3700	10	0.184876	-0.0629619	1.64139e-05	5.83177e-31	-7.22614e-13
3800	1	0.512091	-0.194216	1.74723e-28	4.8127e-30	1.0
3800	2	-0.15113	-0.896339	1.92786e-30	1.68911e-29	1.0
3800	3	0.522491	-0.512768	9.77316e-29	1.23383e-30	-1.0
3800	4	0.450124	-0.614425	9.77316e-29	1.51144e-29	-1.0
3800	5	0.248103	-0.46576	2.16614e-30	0.000128308	-3.585e-13
3800	6	0.144315	-1.01033	8.39775e-31	3.99761e-28	1.0
3800	7	-0.327197	-0.0481888	2.33471e-29	1.56156e-32	1.0
3800	8	0.762714	0.0420019	1.18571e-29	4.81964e-33	1.0
3800	9	0.856938	0.566222	2.28135e-29	0.0142435	4.78942e-14
3800	10	0.185163	-0.290029	8.82882e-30	0.00772052	2.37005e-14
3900	1	0.512091	-0.205987	1.74723e-28	2.21662e-06	2.00493e-12
3900	2	-0.15113	-0.896339	1.92786e-30	1.68911e-29	1.0
3900	3	0.522491	-0.512768	9.77316e-29	1.23383e-30	-1.0
3900	4	0.450124	-0.614425	9.77316e-29	1.51144e-29	-1.0
3900	5	0.248103	-0.611933	2.16614e-30	9.33885e-29	1.0
3900	6	0.144315	-1.01033	8.39775e-31	3.99761e-28	1.0
3900	7	-0.327197	-0.0481888	2.33471e-29	1.56156e-32	1.0
3900	8	0.827097	0.0420019	0.000906942	4.81964e-33	2.78315e-13
3900	9	0.856938	0.486371	2.28135e-29	0.0173059	-1.96804e-15
3900	10	0.32901	-0.15714	0.00108697	0.00210419	1.0
4000	1	0.512091	-0.206376	1.74723e-28	8.82882e-30	1.0
4000	2	-0.15113	-0.896339	1.92786e-30	1.68911e-29	1.0
4000	3	0.522491	-0.512768	9.77316e-29	1.23383e-30	-1.0
4000	4	0.450124	-0.614425	9.77316e-29	1.51144e-29	-1.0
4000	5	0.248551	-0.611933	4.00096e-05	9.33885e-29	2.23526e-13
4000	6	0.144315	-1.01033	8.39775e-31	3.99761e-28	1.0
4000	7	-0.327197	-0.0481888	2.33471e-29	1.56156e-32	1.0
4000	8	0.854755	0.0420019	4.29496e-29	4.81964e-33	1.0
4000	9	0.856938	0.387298	2.28135e-29	0.0143419	-1.7768e-14
4000	10	0.344551	-0.135518	1.68911e-29	2.4985e-31	1.0
4100	1	0.512091	-0.206376	1.74723e-28	8.82882e-30	1.0
4100	2	-0.15113	-0.896339	1.92786e-30	1.68911e-29	1.0
4100	3	0.522491	-0.512768	9.77316e-29	1.23383e-30	-1.0
4100	4	0.450124	-0.614425	9.77316e-29	1.51144e-29	-1.0
4100	5	0.248103	-0.611933	2.16614e-30	9.33885e-29	1.0
4100	6	0.144315	-1.01033	8.39775e-31	3.99761e-28	1.0
4100	7	-0.327197	-0.0481888	2.33471e-29	1.56156e-32	1.0
4100	8	0.854755	0.0420019	4.29496e-29	4.81964e-33	1.0
4100	9	0.856938	0.430577	2.28135e-29	0.0142112	-1.53524e-14
4100	10	0.344551	-0.135518	1.68911e-29	2.4985e-31	1.0
4200	1	0.512091	-0.206376	1.74723e-28	8.82882e-30	1.0
4200	2	-0.15113	-0.896339	1.92786e-30	1.68911e-29	1.0
4200	3	0.522491	-0.512768	9.77316e-29	1.23383e-30	-1.0
4200	4	0.450124	-0.614425	9.77316e-29	1.51144e-29	-1.0
4200	5	0.248103	-0.611933	2.16614e-30	9.33885e-29	1.0
4200	6	0.369671	-1.01033	2.84274e-29	3.99761e-28	1.0
4200	7	-0.327197	-0.0481888	2.33471e-29	1.56156e-32	1.0
4200	8	0.854755	0.0420019	4.29496e-29	4.81964e-33	1.0
4200	9	0.856938	0.411738	2.28135e-29	0.0154542	-1.24321e-14
4200	10	0.344551	-0.135518	1.68911e-29	2.4985e-31	1.0
4300	1	0.512091	-0.206376	1.74723e-28	8.82882e-30	1.0
4300	2	-0.15113	-0.896339	1.92786e-30	1.68911e-29	1.0
4300	3	0.522491	-0.512768	9.77316e-29	1.23383e-30	-1.0
4300	4	0.450124	-0.614425	9.77316e-29	1.51144e-29	-1.0
4300	5	0.248103	-0.611933	2.16614e-30	9.33885e-29	1.0
4300	6	0.229963	-1.22025	2.68435e-30	4.1506e-29	-1.0
4300	7	-0.327197	-0.0481888	2.33471e-29	1.56156e-32	1.0
4300	8	0.854755	0.0420019	4.29496e-29	4.81964e-33	1.0
4300	9	0.856938	0.378812	2.28135e-29	0.0140421	-1.30297e-14
4300	10	0.344551	-0.135518	1.68911e-29	2.4985e-31	1.0
4400	1	0.512091	-0.206376	1.74723e-28	8.82882e-30	1.0
4400	2	-0.172499	-0.934115	0.00174115	0.0054413	1.0
4400	3	0.522491	-0.512768	9.77316e-29	1.23383e-30	-1.0
4400	4	0.39331	-0.640654	0.000271403	5.78464e-05	1.0
4400	5	0.248103	-0.611933	2.16614e-30	9.33885e-29	1.0
4400	6	0.234929	-1.22025	6.19343e-05	4.1506e-29	-3.00869e-13
4400	7	-0.327197	-0.0481888	2.33471e-29	1.56156e-32	1.0
4400	8	0.665956	0.0420019	0.0014307	4.81964e-33	5.96735e-14
4400	9	0.856938	0.347075	2.28135e-29	0.0115308	-1.5719e-14
4400	10	0.344551	-0.135518	1.68911e-29	2.4985e-31	1.0
4500	1	0.512091	-0.206376	1.74723e-28	8.82882e-30	1.0
4500	2	-0.135802	-1.22771	0.00449722	1.09021e-28	-5.16419e-15
4500	3	0.440238	-0.603696	0.0065528	0.00800807	1.0
4500	4	0.383907	-0.644995	1.34364e-29	2.96242e-29	-1.0
4500	5	0.25677	-0.616244	0.000482828	0.000119488	-1.0
4500	6	0.261102	-1.22025	4.22278e-30	4.1506e-29	1.0
4500	7	-0.327197	-0.0481888	2.33471e-29	1.56156e-32	1.0
4500	8	0.651198	0.0420019	7.10686e-30	4.81964e-33	1.0
4500	9	0.856938	0.420055	2.28135e-29	0.0145312	-1.81773e-14
4500	10	0.344551	-0.135518	1.68911e-29	2.4985e-31	1.0
4600	1	0.512091	-0.206376	1.74723e-28	8.82882e-30	1.0
4600	2	-0.0923413	-1.22771	6.94029e-33	1.09021e-28	1.0
4600	3	0.270568	-0.791262	1.34364e-29	8.7059e-29	-1.0
4600	4	0.383907	-0.644995	1.34364e-29	2.96242e-29	-1.0
4600	5	0.376406	-0.633105	0.000111861	0.000352659	0.707991
4600	6	0.261102	-1.22025	4.22278e-30	4.1506e-29	1.0
4600	7	-0.327197	-0.0481888	2.33471e-29	1.56156e-32	1.0
4600	8	0.651198	0.0420019	7.10686e-30	4.81964e-33	1.0
4600	9	0.856938	0.393408	2.28135e-29	0.014314	-1.71274e-14
4600	10	0.246255	-0.268084	9.67157e-06	1.75913e-05	1.0
4700	1	0.512091	-0.206376	1.74723e-28	8.82882e-30	1.0
4700	2	-0.0447057	-1.16956	0.000135994	0.000129513	1.0
4700	3	0.281228	-0.791262	0.000159601	8.7059e-29	-5.19609e-14
4700	4	0.383907	-0.644995	1.34364e-29	2.96242e-29	-1.0
4700	5	0.386474	-0.613648	2.66785e-29	8.34068e-30	1.0
4700	6	0.261102	-1.22025	4.22278e-30	4.1506e-29	1.0
4700	7	-0.327197	-0.0479633	2.33471e-29	5.04058e-06	5.85308e-14
4700	8	0.705921	0.0420019	3.97709e-05	4.81964e-33	9.26753e-13
4700	9	1.07174	0.851092	9.99401e-29	0.0118316	9.70336e-14
4700	10	0.246058	-0.26835	9.16195e-30	1.92508e-29	1.0
4800	1	0.512091	-0.206376	1.74723e-28	8.82882e-30	1.0
4800	2	-0.0318094	-1.15698	2.71105e-31	7.1266e-29	-1.0
4800	3	0.310944	-0.791262	2.84274e-29	8.7059e-29	-1.0
4800	4	0.383907	-0.644995	1.34364e-29	2.96242e-29	-1.0
4800	5	0.386474	-0.613648	2.66785e-29	8.34068e-30	1.0
4800	6	0.26092	-1.22025	3.31907e-05	4.1506e-29	3.5473e-13
4800	7	-0.327197	-0.00310527	2.33471e-29	5.0864e-07	-7.17093e-14
4800	8	0.707462	0.0419987	6.03037e-06	4.92644e-09	-1.0
4800	9	1.07174	0.877059	9.99401e-29	0.0134331	7.97753e-14
4800	10	0.242285	-0.272863	0.000555763	0.000794932	1.0
4900	1	0.512091	-0.206376	1.74723e-28	8.82882e-30	1.0
4900	2	-0.0318094	-1.15698	2.71105e-31	7.1266e-29	-1.0
4900	3	0.310944	-0.791262	2.84274e-29	8.7059e-29	-1.0
4900	4	0.383907	-0.644995	1.34364e-29	2.96242e-29	-1.0
4900	5	0.386474	-0.613648	2.66785e-29	8.34068e-30	1.0
4900	6	0.261102	-1.22032	4.22278e-30	4.19562e-06	3.16229e-12
4900	7	-0.327197	-0.00308272	2.33471e-29	2.71105e-33	-1.0
4900	8	0.707353	0.0420019	3.46583e-29	4.81964e-33	1.0
4900	9	1.07174	0.90082	9.99401e-29	0.0135865	6.42278e-14
4900	10	-0.0557875	-0.629349	7.29164e-31	7.70033e-29	1.0
5000	1	0.511655	-0.206899	9.81339e-06	1.41708e-05	1.0
5000	2	-0.0318094	-1.15698	2.71105e-31	7.1266e-29	-1.0
5000	3	0.310944	-0.791262	2.84274e-29	8.7059e-29	-1.0
5000	4	0.555119	-0.644995	0.000652924	2.96242e-29	-1.12245e-13
5000	5	0.386474	-0.613648	2.66785e-29	8.34068e-30	1.0
5000	6	0.261102	-1.22025	4.22278e-30	4.1506e-29	1.0
5000	7	-0.327197	-0.039308	2.33471e-29	5.41535e-31	1.0
5000	8	0.707353	0.0420019	3.46583e-29	4.81964e-33	1.0
5000	9	1.04222	0.88249	0.000113442	0.0136139	0.0303085
5000	10	-0.0557875	-0.629349	7.29164e-31	7.70033e-29	1.0
5100	1	0.466223	-0.261494	8.66456e-30	4.44178e-31	-1.0
5100	2	0.00994629	-1.13507	0.00200374	0.000944218	0.978678
5100	3	0.310944	-0.791262	2.84274e-29	8.7059e-29	-1.0
5100	4	0.562906	-0.644995	1.87665e-29	2.96242e-29	-1.0
5100	5	0.386474	-0.613648	2.66785e-29	8.34068e-30	1.0
5100	6	0.261102	-1.22025	4.22278e-30	4.1506e-29	1.0
5100	7	-0.327197	-0.039308	2.33471e-29	5.41535e-31	1.0
5100	8	0.707353	0.0574444	3.46583e-29	0.000658229	2.16353e-14
5100	9	1.03449	0.890467	4.45412e-28	0.0135058	-6.74014e-14
5100	10	-0.0557875	-0.629349	7.29164e-31	7.70033e-29	1.0
5200	1	0.466223	-0.261494	8.66456e-30	4.44178e-31	-1.0
5200	2	0.272815	-1.10442	0.000827928	0.0064563	1.0
5200	3	0.441057	-0.791262	5.21293e-29	8.7059e-29	-1.0
5200	4	0.562906	-0.644995	1.87665e-29	2.96242e-29	-1.0
5200	5	0.386474	-0.613648	2.66785e-29	8.34068e-30	1.0
5200	6	0.261102	-1.22025	4.22278e-30	4.1506e-29	1.0
5200	7	-0.327197	-0.039308	2.33471e-29	5.41535e-31	1.0
5200	8	0.707353	0.148502	3.46583e-29	2.78383e-31	-1.0
5200	9	1.03449	1.02335	4.45412e-28	0.0143989	-1.23788e-13
5200	10	-0.0557875	-0.629349	7.29164e-31	7.70033e-29	1.0
5300	1	0.466223	-0.261494	8.66456e-30	4.44178e-31	-1.0
5300	2	0.293812	-1.16451	0.00040401	1.11045e-29	-6.66419e-14
5300	3	0.441057	-0.791262	5.21293e-29	8.7059e-29	-1.0
5300	4	0.558196	-0.644995	3.20249e-05	2.96242e-29	-1.86571e-13
5300	5	0.386474	-0.613648	2.66785e-29	8.34068e-30	1.0
5300	6	0.261102	-1.22025	4.22278e-30	4.1506e-29	1.0
5300	7	-0.327197	-0.039308	2.33471e-29	5.41535e-31	1.0
5300	8	0.707353	0.148502	3.46583e-29	2.78383e-31	-1.0
5300	9	1.03449	1.03404	4.45412e-28	0.0138448	-1.13301e-13
5300	10	-0.0557875	-0.629349	7.29164e-31	7.70033e-29	1.0
5400	1	0.466223	-0.276672	8.66456e-30	1.42631e-29	-1.0
5400	2	0.313363	-1.16451	7.40606e-30	1.11045e-29	1.0
5400	3	0.441057	-0.791262	5.21293e-29	8.7059e-29	-1.0
5400	4	1.03441	-0.119888	0.000242184	0.000276012	0.988447
5400	5	0.386474	-0.613648	2.66785e-29	8.34068e-30	1.0
5400	6	0.261102	-1.22025	4.22278e-30	4.1506e-29	1.0
5400	7	-0.327197	-0.039308	2.33471e-29	5.41535e-31	1.0
5400	8	0.707353	0.148502	3.46583e-29	2.78383e-31	-1.0
5400	9	1.03449	1.01402	4.45412e-28	0.0132521	-1.17768e-13
5400	10	-0.0557875	-0.629349	7.29164e-31	7.70033e-29	1.0
5500	1	0.461557	-0.276672	8.28456e-05	1.42631e-29	9.14447e-14
5500	2	0.313363	-1.16451	7.40606e-30	1.11045e-29	1.0
5500	3	0.441057	-0.791262	5.21293e-29	8.7059e-29	-1.0
5500	4	1.0348	-0.118836	2.77612e-28	2.37531e-30	1.0
5500	5	0.386474	-0.613648	2.66785e-29	8.34068e-30	1.0
5500	6	0.267873	-1.22025	0.00057438	4.1506e-29	8.92355e-14
5500	7	-0.327197	-0.039308	2.33471e-29	5.41535e-31	1.0
5500	8	0.707353	0.148502	3.46583e-29	2.78383e-31	-1.0
5500	9	1.03449	1.03014	4.45412e-28	0.0150448	-1.02065e-13
5500	10	-0.0557875	-0.629349	7.29164e-31	7.70033e-29	1.0
5600	1	0.441526	-0.276672	1.27112e-28	1.42631e-29	1.0
5600	2	0.313363	-1.16451	7.40606e-30	1.11045e-29	1.0
5600	3	0.441057	-0.791262	5.21293e-29	8.7059e-29	-1.0
5600	4	1.0348	-0.11962	2.77612e-28	0.000122388	1.40729e-13
5600	5	0.386474	-0.613648	2.66785e-29	8.34068e-30	1.0
5600	6	0.444119	-1.22025	1.97413e-29	4.1506e-29	1.0
5600	7	-0.327197	-0.039308	2.33471e-29	5.41535e-31	1.0
5600	8	0.707353	0.148502	3.46583e-29	2.78383e-31	-1.0
5600	9	1.03449	0.998234	4.45412e-28	0.0129312	-1.25403e-13
5600	10	-0.0557875	-0.635265	7.29164e-31	0.000601273	3.59644e-13
5700	1	0.441526	-0.167536	1.27112e-28	3.7786e-32	1.0
5700	2	0.313363	-1.16451	7.40606e-30	1.11045e-29	1.0
5700	3	0.441057	-0.791262	5.21293e-29	8.7059e-29	-1.0
5700	4	1.02141	-0.43237	0.00046489	2.44329e-29	7.90813e-13
5700	5	0.386474	-0.613648	2.66785e-29	8.34068e-30	1.0
5700	6	0.444119	-1.22025	1.97413e-29	4.1506e-29	1.0
5700	7	-0.327197	-0.039308	2.33471e-29	5.41535e-31	1.0
5700	8	0.707353	0.148502	3.46583e-29	2.78383e-31	-1.0
5700	9	1.03449	1.01317	4.45412e-28	0.01467	-1.03614e-13
5700	10	-0.0557875	-0.827085	7.29164e-31	0.000948808	2.28262e-13
5800	1	0.441526	-0.167536	1.27112e-28	3.7786e-32	1.0
5800	2	0.309839	-1.1593	3.69766e-05	8.05248e-05	-1.0
5800	3	0.441052	-0.79124	2.3324e-08	4.84515e-07	-1.0
5800	4	0.951594	-0.43237	2.92615e-28	2.44329e-29	1.0
5800	5	0.386474	-0.613648	2.66785e-29	8.34068e-30	1.0
5800	6	0.444119	-1.22025	1.97413e-29	4.1506e-29	1.0
5800	7	-0.327197	-0.039308	2.33471e-29	5.41535e-31	1.0
5800	8	0.899297	0.145643	2.76596e-05	6.13917e-09	-1.0
5800	9	1.03449	1.02437	4.45412e-28	0.0143835	-1.14462e-13
5800	10	-0.0557875	-0.836946	7.29164e-31	4.59108e-29	1.0
5900	1	0.441526	-0.167536	1.27112e-28	3.7786e-32	1.0
5900	2	0.458079	-1.12908	1.16897e-05	2.54569e-05	-1.0
5900	3	0.441057	-0.791262	5.21293e-29	8.7059e-29	-1.0
5900	4	0.951594	-0.43237	2.92615e-28	2.44329e-29	1.0
5900	5	0.386474	-0.613648	2.66785e-29	8.34068e-30	1.0
5900	6	0.444119	-1.22025	1.97413e-29	4.1506e-29	1.0
5900	7	-0.327197	-0.039308	2.33471e-29	5.41535e-31	1.0
5900	8	0.899586	0.145638	2.08517e-28	2.2286e-31	1.0
5900	9	1.03449	1.00519	4.45412e-28	0.0136147	-1.16671e-13
5900	10	-0.0557875	-0.836946	7.29164e-31	4.59108e-29	1.0
6000	1	0.441526	-0.167536	1.27112e-28	3.7786e-32	1.0
6000	2	0.457092	-1.12762	1.78165e-29	4.44178e-31	-1.0
6000	3	0.441057	-0.791262	5.21293e-29	8.7059e-29	-1.0
6000	4	0.940711	-0.586339	8.89175e-08	1.77976e-05	1.0
6000	5	0.390874	-0.613648	0.000518788	8.34068e-30	2.26093e-13
6000	6	0.444078	-1.22037	8.30094e-07	6.98051e-06	1.0
6000	7	-0.24618	0.00555251	2.41591e-29	7.08563e-33	1.0
6000	8	0.899586	0.145638	2.08517e-28	2.2286e-31	1.0
6000	9	1.03449	1.01521	4.45412e-28	0.0149092	-9.9708e-14
6000	10	-0.0557875	-0.836946	7.29164e-31	4.59108e-29	1.0
6100	1	0.441526	-0.167536	1.27112e-28	3.7786e-32	1.0
6100	2	0.457092	-1.12762	1.78165e-29	4.44178e-31	-1.0
6100	3	0.441057	-0.791262	5.21293e-29	8.7059e-29	-1.0
6100	4	0.940695	-0.586571	9.99401e-29	5.37456e-29	-1.0
6100	5	0.630884	-0.613648	9.33885e-29	8.34068e-30	1.0
6100	6	0.403883	-1.33693	1.13635e-05	9.55589e-05	1.0
6100	7	-0.24618	0.00555251	2.41591e-29	7.08563e-33	1.0
6100	8	0.899586	0.145638	2.08517e-28	2.2286e-31	1.0
6100	9	1.03449	0.765372	4.45412e-28	0.0190472	-2.80896e-14
6100	10	0.158234	-0.836946	0.0220735	4.59108e-29	-2.02241e-15
6200	1	0.441862	-0.167416	1.59849e-05	2.05965e-06	1.0
6200	2	0.457092	-1.12762	1.78165e-29	4.44178e-31	-1.0
6200	3	0.424144	-0.778665	0.00038419	0.000189227	-0.903662
6200	4	0.940695	-0.586571	9.99401e-29	5.37456e-29	-1.0
6200	5	0.630884	-0.613648	9.33885e-29	8.34068e-30	1.0
6200	6	0.403353	-1.33847	2.72553e-29	4.1506e-29	-1.0
6200	7	-0.24618	0.00555251	2.41591e-29	7.08563e-33	1.0
6200	8	0.899586	0.145638	2.08517e-28	2.2286e-31	1.0
6200	9	1.03449	0.772306	4.45412e-28	0.0141413	5.59802e-15
6200	10	0.357329	-1.16588	2.75257e-06	0.000243682	0.0030151
6300	1	0.441526	-0.167536	1.27112e-28	3.7786e-32	1.0
6300	2	0.457092	-1.12762	1.78165e-29	4.44178e-31	-1.0
6300	3	0.386661	-0.749823	2.96242e-29	0.0	NAN
6300	4	0.940695	-0.586571	9.99401e-29	5.37456e-29	-1.0
6300	5	0.630884	-0.613648	9.33885e-29	8.34068e-30	1.0
6300	6	0.403353	-1.33847	2.72553e-29	4.1506e-29	-1.0
6300	7	-0.24618	0.00555251	2.41591e-29	7.08563e-33	1.0
6300	8	0.899586	0.145638	2.08517e-28	2.2286e-31	1.0
6300	9	1.03449	0.654188	4.45412e-28	0.0148852	4.40005e-14
6300	10	0.494621	-1.16737	0.000538987	7.89651e-31	2.41408e-13
6400	1	0.441526	-0.167536	1.27112e-28	3.7786e-32	1.0
6400	2	0.456946	-1.12774	2.13823e-05	1.57479e-05	1.0
6400	3	0.386661	-0.749823	2.96242e-29	0.0	NAN
6400	4	1.04915	-0.586571	2.28209e-28	5.37456e-29	1.0
6400	5	0.630717	-0.613746	2.76616e-05	9.74016e-06	1.0
6400	6	0.403353	-1.33847	2.72553e-29	4.1506e-29	-1.0
6400	7	-0.24618	0.00555251	2.41591e-29	7.08563e-33	1.0
6400	8	0.899586	0.145638	2.08517e-28	2.2286e-31	1.0
6400	9	1.03392	0.631703	7.57303e-05	0.0136972	-0.0035449
6400	10	0.502455	-1.16737	2.96242e-29	7.89651e-31	1.0
6500	1	0.441526	-0.167536	1.27112e-28	3.7786e-32	1.0
6500	2	0.165369	-1.37797	0.000106483	7.84241e-05	1.0
6500	3	0.686873	-0.749823	7.1266e-29	0.0	NAN
6500	4	1.04915	-0.586571	2.28209e-28	5.37456e-29	1.0
6500	5	0.630884	-0.613648	9.33885e-29	8.34068e-30	1.0
6500	6	0.403353	-1.33847	2.72553e-29	4.1506e-29	-1.0
6500	7	-0.24618	0.00555251	2.41591e-29	7.08563e-33	1.0
6500	8	0.78115	0.0654142	0.00498137	0.00228558	1.0
6500	9	0.968067	0.439293	5.44119e-28	0.0140565	-1.33456e-14
6500	10	0.502455	-1.16737	2.96242e-29	7.89651e-31	1.0
6600	1	0.441526	-0.167536	1.27112e-28	3.7786e-32	1.0
6600	2	0.164638	-1.3786	1.90079e-29	5.1347e-28	1.0
6600	3	0.686873	-0.749823	7.1266e-29	0.0	NAN
6600	4	1.04845	-0.587293	0.000123691	0.000130179	1.0
6600	5	0.630884	-0.614031	9.33885e-29	3.27252e-06	1.57047e-12
6600	6	0.403013	-1.33872	5.77454e-05	3.21605e-05	1.0
6600	7	-0.24618	0.00555251	2.41591e-29	7.08563e-33	1.0
6600	8	0.791247	-0.085119	3.99761e-28	2.33271e-30	1.0
6600	9	0.968067	0.465769	5.44119e-28	0.0141045	-5.65895e-15
6600	10	0.502455	-1.16737	2.96242e-29	7.89651e-31	1.0
6700	1	0.441526	-0.167536	1.27112e-28	3.7786e-32	1.0
6700	2	0.164638	-1.3786	1.90079e-29	5.1347e-28	1.0
6700	3	0.686873	-0.749823	7.1266e-29	0.0	NAN
6700	4	0.696928	-0.947917	4.74284e-29	2.72553e-29	1.0
6700	5	0.630884	-0.631474	9.33885e-29	1.97413e-31	1.0
6700	6	0.403353	-1.33847	2.72553e-29	4.1506e-29	-1.0
6700	7	-0.24618	0.00555251	2.41591e-29	7.08563e-33	1.0
6700	8	0.792596	-0.0932324	1.00023e-05	0.000361753	-1.0
6700	9	0.968067	0.462545	5.44119e-28	0.0148849	-1.17408e-14
6700	10	0.502455	-1.16737	2.96242e-29	7.89651e-31	1.0
6800	1	0.441526	-0.167536	1.27112e-28	3.7786e-32	1.0
6800	2	0.164638	-1.3786	1.90079e-29	5.1347e-28	1.0
6800	3	0.686873	-0.749823	7.1266e-29	0.0	NAN
6800	4	0.696928	-0.947917	4.74284e-29	2.72553e-29	1.0
6800	5	0.630884	-0.631474	9.33885e-29	1.97413e-31	1.0
6800	6	0.403353	-1.33847	2.72553e-29	4.1506e-29	-1.0
6800	7	-0.24618	0.00555251	2.41591e-29	7.08563e-33	1.0
6800	8	0.807404	-0.182285	8.99461e-30	2.07407e-29	1.0
6800	9	0.968067	0.458132	5.44119e-28	0.0138887	-6.50187e-15
6800	10	0.502455	-1.16737	2.96242e-29	7.89651e-31	1.0
6900	1	0.441526	-0.135394	1.27112e-28	2.23302e-05	1.22726e-13
6900	2	0.164638	-1.65297	1.90079e-29	8.21286e-28	-1.0
6900	3	0.686873	-0.749823	7.1266e-29	0.0	NAN
6900	4	0.696928	-0.947917	4.74284e-29	2.72553e-29	1.0
6900	5	0.630884	-0.631474	9.33885e-29	1.97413e-31	1.0
6900	6	0.403353	-1.33847	2.72553e-29	4.1506e-29	-1.0
6900	7	-0.24618	0.00555251	2.41591e-29	7.08563e-33	1.0
6900	8	0.807404	-0.182285	8.99461e-30	2.07407e-29	1.0
6900	9	0.968067	0.444384	5.44119e-28	0.0136557	-5.13356e-15
6900	10	0.702906	-1.16737	0.0305956	7.89651e-31	4.98503e-16
7000	1	0.441526	-0.134055	1.27112e-28	1.51144e-31	1.0
7000	2	0.164638	-1.65297	1.90079e-29	8.21286e-28	-1.0
7000	3	0.686873	-0.749823	7.1266e-29	0.0	NAN
7000	4	0.696928	-0.947917	4.74284e-29	2.72553e-29	1.0
7000	5	0.630884	-0.631474	9.33885e-29	1.97413e-31	1.0
7000	6	0.616144	-1.35393	0.000143728	6.4266e-06	-1.0
7000	7	-0.24618	0.00555251	2.41591e-29	7.08563e-33	1.0
7000	8	0.807404	-0.182285	8.99461e-30	2.07407e-29	1.0
7000	9	0.968106	0.417908	1.53415e-06	0.0120129	0.0184303
7000	10	0.937439	-1.16737	0.0155842	7.89651e-31	-1.09182e-13
7100	1	0.441526	-0.134055	1.27112e-28	1.51144e-31	1.0
7100	2	0.164638	-1.65297	1.90079e-29	8.21286e-28	-1.0
7100	3	0.686873	-0.749823	7.1266e-29	0.0	NAN
7100	4	0.696928	-0.947917	4.74284e-29	2.72553e-29	1.0
7100	5	0.630884	-0.631474	9.33885e-29	1.97413e-31	1.0
7100	6	0.620033	-1.35476	1.11045e-29	6.75645e-29	-1.0
7100	7	-0.244741	0.0061532	0.000127485	2.2213e-05	1.0
7100	8	0.807404	-0.182285	8.99461e-30	2.07407e-29	1.0
7100	9	0.968067	0.43488	5.44119e-28	0.0136622	-1.26315e-14
7100	10	0.940049	-1.16774	0.0146405	4.62209e-05	0.0329522
7200	1	0.441526	-0.134055	1.27112e-28	1.51144e-31	1.0
7200	2	0.164638	-2.05645	1.90079e-29	9.12836e-28	-1.0
7200	3	0.7145	-0.749823	0.00109682	0.0	NAN
7200	4	0.696928	-0.947917	4.74284e-29	2.72553e-29	1.0
7200	5	0.630884	-0.631474	9.33885e-29	1.97413e-31	1.0
7200	6	0.484793	-1.59917	9.4465e-29	1.37641e-27	1.0
7200	7	-0.24618	0.00555251	2.41591e-29	7.08563e-33	1.0
7200	8	0.807404	-0.182285	8.99461e-30	2.07407e-29	1.0
7200	9	0.968067	0.461866	5.44119e-28	0.0139357	-7.37669e-15
7200	10	0.895531	-1.16737	0.0208463	7.89651e-31	-5.55195e-14
7300	1	0.441526	-0.134055	1.27112e-28	1.51144e-31	1.0
7300	2	0.164638	-2.05645	1.90079e-29	9.12836e-28	-1.0
7300	3	0.795104	-0.749823	1.75884e-05	0.0	NAN
7300	4	0.696928	-0.947917	4.74284e-29	2.72553e-29	1.0
7300	5	0.536381	-0.868527	9.1254e-29	1.74723e-28	1.0
7300	6	0.484793	-1.59917	9.4465e-29	1.37641e-27	1.0
7300	7	-0.24618	0.00555251	2.41591e-29	7.08563e-33	1.0
7300	8	0.807404	-0.182285	8.99461e-30	2.07407e-29	1.0
7300	9	1.00648	0.548079	1.28703e-05	0.013554	-0.079791
7300	10	0.940469	-1.16737	0.0145956	7.89651e-31	-1.12569e-13
7400	1	0.441526	-0.134076	1.27112e-28	4.3554e-07	5.78951e-13
7400	2	0.542068	-2.05645	9.77316e-29	9.12836e-28	1.0
7400	3	0.795429	-0.749823	2.18252e-28	0.0	NAN
7400	4	0.696788	-0.947917	1.96e-05	2.72553e-29	1.57002e-12
7400	5	0.536381	-0.868527	9.1254e-29	1.74723e-28	1.0
7400	6	0.484793	-1.59917	9.4465e-29	1.37641e-27	1.0
7400	7	-0.24618	0.00555251	2.41591e-29	7.08563e-33	1.0
7400	8	0.807404	-0.182285	8.99461e-30	2.07407e-29	1.0
7400	9	1.00763	0.553568	3.08457e-29	0.0146301	7.68851e-15
7400	10	0.937439	-1.16737	0.0154566	7.89651e-31	-1.02874e-13
7500	1	0.441526	-0.134055	1.27112e-28	1.51144e-31	1.0
7500	2	0.542068	-2.05645	9.77316e-29	9.12836e-28	1.0
7500	3	0.795429	-0.749823	2.18252e-28	0.0	NAN
7500	4	0.884298	-0.950641	1.43914e-28	2.05321e-28	-1.0
7500	5	0.536381	-0.868527	9.1254e-29	1.74723e-28	1.0
7500	6	0.484793	-1.59917	9.4465e-29	1.37641e-27	1.0
7500	7	-0.24618	-0.0350911	2.41591e-29	5.24859e-32	1.0
7500	8	0.807404	-0.182285	8.99461e-30	2.07407e-29	1.0
7500	9	1.00763	0.558151	3.08457e-29	0.0142901	1.04534e-14
7500	10	0.957889	-1.16737	0.0113296	7.89651e-31	-1.43288e-13
7600	1	0.441526	-0.134055	1.27112e-28	1.51144e-31	1.0
7600	2	0.542068	-2.05645	9.77316e-29	9.12836e-28	1.0
7600	3	0.795429	-0.749916	2.18252e-28	8.70146e-06	-3.25595e-15
7600	4	0.884298	-0.950641	1.43914e-28	2.05321e-28	-1.0
7600	5	0.538513	-0.866637	0.000345319	0.000271552	1.0
7600	6	0.484793	-1.59917	9.4465e-29	1.37641e-27	1.0
7600	7	-0.24618	-0.0350911	2.41591e-29	5.24859e-32	1.0
7600	8	0.807404	-0.182285	8.99461e-30	2.07407e-29	1.0
7600	9	1.00763	0.566127	3.08457e-29	0.0137731	1.87202e-15
7600	10	0.978085	-1.16737	0.00705257	7.89651e-31	-2.13831e-13
7700	1	0.441526	-0.134055	1.27112e-28	1.51144e-31	1.0
7700	2	0.532827	-2.07325	0.00025803	0.000852766	1.0
7700	3	0.795429	-0.749823	2.18252e-28	0.0	NAN
7700	4	0.884298	-0.950641	1.43914e-28	2.05321e-28	-1.0
7700	5	0.86432	-0.577718	2.88827e-28	1.42631e-29	1.0
7700	6	0.484793	-1.59917	9.4465e-29	1.37641e-27	1.0
7700	7	-0.46438	-0.755961	4.66665e-29	2.11737e-28	1.0
7700	8	0.807404	-0.182285	8.99461e-30	2.07407e-29	1.0
7700	9	1.00763	0.586664	3.08457e-29	0.0142352	-9.19105e-15
7700	10	0.965462	-1.16737	0.00998093	7.89651e-31	-1.67863e-13
7800	1	0.441526	-0.134055	1.27112e-28	1.51144e-31	1.0
7800	2	0.755781	-1.91762	3.23806e-28	2.03379e-27	-1.0
7800	3	0.795429	-0.749823	2.18252e-28	0.0	NAN
7800	4	1.0367	-0.951014	1.67641e-06	5.93867e-06	1.0
7800	5	0.86432	-0.577718	2.88827e-28	1.42631e-29	1.0
7800	6	0.484793	-1.88874	9.4465e-29	1.39294e-27	1.0
7800	7	-0.46438	-0.755961	4.66665e-29	2.11737e-28	1.0
7800	8	0.807404	-0.182285	8.99461e-30	2.07407e-29	1.0
7800	9	0.998262	0.515098	0.000111395	0.0150505	0.317325
7800	10	0.968492	-1.16737	0.00920513	7.89651e-31	-1.73951e-13
7900	1	0.441526	-0.134055	1.27112e-28	1.51144e-31	1.0
7900	2	0.903374	-1.64394	4.89707e-29	3.00265e-28	1.0
7900	3	0.795429	-0.749823	2.18252e-28	0.0	NAN
7900	4	1.01963	-0.983138	5.44119e-28	5.49313e-28	-1.0
7900	5	0.86432	-0.57756	2.88827e-28	2.49495e-05	7.58411e-13
7900	6	0.484793	-1.88874	9.4465e-29	1.39294e-27	1.0
7900	7	-0.46438	-0.755961	4.66665e-29	2.11737e-28	1.0
7900	8	0.807404	-0.182285	8.99461e-30	2.07407e-29	1.0
7900	9	0.973562	0.421946	2.70258e-28	0.014297	1.09623e-14
7900	10	0.946275	-1.16737	0.0143825	7.89651e-31	-1.21852e-13
8000	1	0.518069	-0.0445031	0.00501186	0.00226754	1.0
8000	2	0.903374	-1.64394	4.89707e-29	3.00265e-28	1.0
8000	3	0.795429	-0.749823	2.18252e-28	0.0	NAN
8000	4	1.01963	-0.983138	5.44119e-28	5.49313e-28	-1.0
8000	5	0.86432	-0.275709	2.88827e-28	0.00200435	-4.74068e-14
8000	6	0.484793	-1.88874	9.4465e-29	1.39294e-27	1.0
8000	7	-0.46438	-0.755961	4.66665e-29	2.11737e-28	1.0
8000	8	0.807404	-0.182285	8.99461e-30	2.07407e-29	1.0
8000	9	0.973562	0.384777	2.70258e-28	0.0124418	1.04598e-14
8000	10	0.946275	-1.16737	0.0136169	7.89651e-31	-1.19761e-13
8100	1	0.492222	-0.0979242	1.78165e-29	5.01436e-31	-1.0
8100	2	0.903374	-1.64394	4.89707e-29	3.00265e-28	1.0
8100	3	0.795429	-0.749823	2.18252e-28	0.0	NAN
8100	4	1.01963	-0.983138	5.44119e-28	5.49313e-28	-1.0
8100	5	0.86432	-0.261809	2.88827e-28	9.67322e-30	-1.0
8100	6	0.566816	-1.82976	2.96242e-29	7.58854e-28	1.0
8100	7	-0.257901	-0.755982	0.00027788	1.3688e-07	-0.00825662
8100	8	0.807404	-0.182285	8.99461e-30	2.07407e-29	1.0
8100	9	0.973562	0.397506	2.70258e-28	0.0133609	1.40042e-14
8100	10	1.0625	-1.16737	0.0116583	7.89651e-31	-4.40438e-14
8200	1	0.492222	-0.0979242	1.78165e-29	5.01436e-31	-1.0
8200	2	0.903374	-1.64394	4.89707e-29	3.00265e-28	1.0
8200	3	0.795429	-0.749823	2.18252e-28	0.0	NAN
8200	4	1.01963	-0.983138	5.44119e-28	5.49313e-28	-1.0
8200	5	0.86432	-0.261809	2.88827e-28	9.67322e-30	-1.0
8200	6	0.554738	-1.8084	2.06661e-05	6.46324e-05	-1.0
8200	7	-0.255393	-0.755961	1.22427e-29	2.11737e-28	1.0
8200	8	0.807319	-0.182285	7.14097e-06	2.07407e-29	1.12326e-12
8200	9	0.973562	0.393093	2.70258e-28	0.0128714	9.1938e-15
8200	10	1.04962	-1.16737	0.0155617	7.89651e-31	-4.7418e-14
8300	1	0.492222	-0.0979242	1.78165e-29	5.01436e-31	-1.0
8300	2	0.903374	-1.64394	4.89707e-29	3.00265e-28	1.0
8300	3	0.795429	-0.749823	2.18252e-28	0.0	NAN
8300	4	1.01963	-0.982885	5.44119e-28	3.1963e-05	-4.14534e-12
8300	5	0.86432	-0.261809	2.88827e-28	9.67322e-30	-1.0
8300	6	0.549777	-2.0168	5.87758e-06	0.00132304	1.0
8300	7	-0.255393	-0.755961	1.22427e-29	2.11737e-28	1.0
8300	8	0.638395	-0.182285	6.94029e-29	2.07407e-29	-1.0
8300	9	0.973562	0.370942	2.70258e-28	0.0132183	-1.97313e-14
8300	10	1.03195	-1.16737	0.0171465	7.89651e-31	-7.50755e-14
8400	1	0.492222	-0.0979242	1.78165e-29	5.01436e-31	-1.0
8400	2	0.903374	-1.64394	4.89707e-29	3.00265e-28	1.0
8400	3	0.795429	-0.749823	2.18252e-28	0.0	NAN
8400	4	1.01963	-0.983138	5.44119e-28	5.49313e-28	-1.0
8400	5	0.86432	-0.261809	2.88827e-28	9.67322e-30	-1.0
8400	6	0.541458	-2.14161	6.39617e-29	2.85064e-28	-1.0
8400	7	-0.360574	-0.964072	7.89651e-31	8.29627e-29	-1.0
8400	8	0.638395	-0.182285	6.94029e-29	2.07407e-29	-1.0
8400	9	0.973562	0.383332	2.70258e-28	0.0149331	-1.47011e-14
8400	10	1.04836	-1.16737	0.0146931	7.89651e-31	-5.67022e-14
8500	1	0.492222	-0.0979242	1.78165e-29	5.01436e-31	-1.0
8500	2	0.903374	-1.84759	4.89707e-29	0.000251743	-6.62178e-13
8500	3	0.795429	-0.749823	2.18252e-28	0.0	NAN
8500	4	1.01963	-0.983138	5.44119e-28	5.49313e-28	-1.0
8500	5	0.997476	-0.261809	0.000685103	9.67322e-30	-6.81862e-13
8500	6	0.541458	-2.14161	6.39617e-29	2.85064e-28	-1.0
8500	7	-0.360574	-0.964072	7.89651e-31	8.29627e-29	-1.0
8500	8	0.638395	-0.182285	6.94029e-29	2.07407e-29	-1.0
8500	9	1.0965	0.358892	3.86929e-29	0.0135301	-1.61802e-14
8500	10	1.06275	-1.16737	0.012259	7.89651e-31	-4.70003e-14
8600	1	0.492222	-0.0979242	1.78165e-29	5.01436e-31	-1.0
8600	2	0.903374	-1.8247	4.89707e-29	3.90926e-28	-1.0
8600	3	0.795672	-0.749572	2.93723e-05	3.15126e-05	1.0
8600	4	1.01963	-0.983138	5.44119e-28	5.49313e-28	-1.0
8600	5	1.00792	-0.261891	2.19934e-06	6.66952e-06	1.0
8600	6	0.541458	-2.14161	6.39617e-29	2.85064e-28	-1.0
8600	7	-0.360574	-1.19541	7.89651e-31	2.84274e-29	1.0
8600	8	0.638395	-0.182285	6.94029e-29	2.07407e-29	-1.0
8600	9	1.0965	0.385538	3.86929e-29	0.0147938	-1.76577e-14
8600	10	1.0572	-1.16737	0.0127954	7.89651e-31	-4.75138e-14
8700	1	0.492222	-0.0979242	1.78165e-29	5.01436e-31	-1.0
8700	2	1.13866	-1.4898	8.31195e-05	0.000168404	1.0
8700	3	1.03792	-0.498649	2.55847e-28	1.18497e-28	1.0
8700	4	1.27466	-0.983138	1.18497e-28	5.49313e-28	1.0
8700	5	1.00796	-0.261809	3.65016e-28	9.67322e-30	-1.0
8700	6	0.541458	-2.14161	6.39617e-29	2.85064e-28	-1.0
8700	7	-0.360574	-1.19541	7.89651e-31	2.84274e-29	1.0
8700	8	0.651806	-0.447383	0.000238994	0.00597845	1.0
8700	9	1.01836	0.357874	3.05532e-05	0.0135058	0.00834937
8700	10	1.05694	-1.16737	0.0128299	7.89651e-31	-4.6128e-14
8800	1	0.492222	-0.0979242	1.78165e-29	5.01436e-31	-1.0
8800	2	1.13936	-1.4888	6.87193e-28	3.31851e-28	1.0
8800	3	1.03792	-0.498649	2.55847e-28	1.18497e-28	1.0
8800	4	1.27466	-0.983138	1.18497e-28	5.49313e-28	1.0
8800	5	1.00796	-0.261809	3.65016e-28	9.67322e-30	-1.0
8800	6	0.541496	-2.14158	1.44852e-06	7.10587e-07	1.0
8800	7	-0.360574	-1.19541	7.89651e-31	2.84274e-29	1.0
8800	8	0.685867	-0.277025	1.34364e-29	4.74284e-29	1.0
8800	9	1.01757	0.345315	2.77612e-28	0.0128427	-1.81714e-14
8800	10	1.04205	-1.16737	0.0155336	7.89651e-31	-5.70183e-14
8900	1	0.492222	-0.0979242	1.78165e-29	5.01436e-31	-1.0
8900	2	1.13936	-1.4888	6.87193e-28	3.31851e-28	1.0
8900	3	1.03792	-0.498649	2.55847e-28	1.18497e-28	1.0
8900	4	1.27466	-1.35119	1.18497e-28	1.59904e-29	-1.0
8900	5	1.00796	-0.311108	3.65016e-28	7.40606e-30	1.0
8900	6	0.541458	-2.14161	6.39617e-29	2.85064e-28	-1.0
8900	7	-0.360574	-1.19541	7.89651e-31	2.84274e-29	1.0
8900	8	0.685867	-0.277025	1.34364e-29	4.74284e-29	1.0
8900	9	1.01757	0.352273	2.77612e-28	0.0131618	-1.35781e-14
8900	10	1.08446	-1.16737	0.00742355	7.89651e-31	-1.27296e-14
9000	1	0.492222	-0.0979242	1.78165e-29	5.01436e-31	-1.0
9000	2	1.13936	-1.4888	6.87193e-28	3.31851e-28	1.0
9000	3	1.03792	-0.498649	2.55847e-28	1.18497e-28	1.0
9000	4	1.27466	-1.35119	1.18497e-28	1.59904e-29	-1.0
9000	5	1.00796	-0.311108	3.65016e-28	7.40606e-30	1.0
9000	6	0.541458	-2.14161	6.39617e-29	2.85064e-28	-1.0
9000	7	-0.360574	-1.19541	7.89651e-31	2.84274e-29	1.0
9000	8	0.685867	-0.277025	1.34364e-29	4.74284e-29	1.0
9000	9	1.01757	0.376204	2.77612e-28	0.0142029	-1.50132e-14
9000	10	1.05164	-1.16737	0.014546	7.89651e-31	-4.85546e-14
9100	1	0.492222	-0.0979242	1.78165e-29	5.01436e-31	-1.0
9100	2	1.13936	-1.4888	6.87193e-28	3.31851e-28	1.0
9100	3	1.03792	-0.498649	2.55847e-28	1.18497e-28	1.0
9100	4	1.27466	-1.35119	1.18497e-28	1.59904e-29	-1.0
9100	5	1.00796	-0.311108	3.65016e-28	7.40606e-30	1.0
9100	6	0.541458	-2.14161	6.39617e-29	2.85064e-28	-1.0
9100	7	-0.360574	-1.19541	7.89651e-31	2.84274e-29	1.0
9100	8	0.685867	-0.277025	1.34364e-29	4.74284e-29	1.0
9100	9	1.01757	0.363645	2.77612e-28	0.013424	-1.81822e-14
9100	10	1.11105	-1.16737	0.00832873	7.89651e-31	-1.53778e-13
9200	1	0.492222	-0.0979242	1.78165e-29	5.01436e-31	-1.0
9200	2	1.13936	-1.4888	6.87193e-28	3.31851e-28	1.0
9200	3	1.03792	-0.498649	2.55847e-28	1.18497e-28	1.0
9200	4	1.27466	-1.35119	1.18497e-28	1.59904e-29	-1.0
9200	5	1.00796	-0.311108	3.65016e-28	7.40606e-30	1.0
9200	6	0.541458	-2.14161	6.39617e-29	2.85064e-28	-1.0
9200	7	-0.360574	-1.19541	7.89651e-31	2.84274e-29	1.0
9200	8	0.685867	-0.277025	1.34364e-29	4.74284e-29	1.0
9200	9	1.01757	0.356177	2.77612e-28	0.0130185	-2.14794e-14
9200	10	1.04509	-1.16737	0.0224316	7.89651e-31	-8.39455e-14
9300	1	0.492222	-0.0979242	1.78165e-29	5.01436e-31	-1.0
9300	2	1.13936	-1.4888	6.87193e-28	3.31851e-28	1.0
9300	3	1.05687	-0.498649	0.00322699	1.18497e-28	2.32877e-13
9300	4	1.27466	-1.35119	1.18497e-28	1.59904e-29	-1.0
9300	5	1.00796	-0.311108	3.65016e-28	7.40606e-30	1.0
9300	6	0.541458	-2.14161	6.39617e-29	2.85064e-28	-1.0
9300	7	-0.360574	-1.19541	7.89651e-31	2.84274e-29	1.0
9300	8	0.685867	-0.277025	1.34364e-29	4.74284e-29	1.0
9300	9	1.01757	0.364615	2.77612e-28	0.014063	-1.28163e-14
9300	10	1.22015	-1.11099	0.0139256	0.000263202	0.282426
9400	1	0.771277	-0.0981341	1.53094e-07	2.20117e-05	1.0
9400	2	1.13936	-1.4888	6.87193e-28	3.31851e-28	1.0
9400	3	1.40219	-0.498649	8.34068e-30	1.18497e-28	1.0
9400	4	1.27466	-1.35119	1.18497e-28	1.59904e-29	-1.0
9400	5	1.00796	-0.311108	3.65016e-28	7.40606e-30	1.0
9400	6	0.541458	-2.14161	6.39617e-29	2.85064e-28	-1.0
9400	7	-0.360574	-1.19541	7.89651e-31	2.84274e-29	1.0
9400	8	0.685867	-0.277025	1.34364e-29	4.74284e-29	1.0
9400	9	1.01757	0.388593	2.77612e-28	0.0148644	-1.01668e-14
9400	10	1.31206	-1.04185	0.012378	1.95883e-28	6.76791e-14
9500	1	0.771294	-0.0979242	9.55477e-29	5.01436e-31	-1.0
9500	2	1.13936	-1.4888	6.87193e-28	3.31851e-28	1.0
9500	3	1.40219	-0.499056	8.34068e-30	2.0531e-05	2.39891e-12
9500	4	1.27452	-1.35097	1.74979e-06	4.63126e-06	-1.0
9500	5	1.00796	-0.311108	3.65016e-28	7.40606e-30	1.0
9500	6	0.541458	-2.14201	6.39617e-29	2.62769e-05	-3.33444e-12
9500	7	-0.360574	-1.19541	7.89651e-31	2.84274e-29	1.0
9500	8	0.685867	-0.277025	1.34364e-29	4.74284e-29	1.0
9500	9	1.01757	0.389442	2.77612e-28	0.0146789	-1.21772e-14
9500	10	1.27596	-1.04185	0.0193539	1.95883e-28	3.94376e-14
9600	1	0.771294	-0.0979242	9.55477e-29	5.01436e-31	-1.0
9600	2	1.13936	-1.4888	6.87193e-28	3.31851e-28	1.0
9600	3	1.40219	-0.600325	8.34068e-30	4.93532e-32	1.0
9600	4	1.24808	-1.30795	9.67322e-30	1.18497e-28	1.0
9600	5	1.00796	-0.311108	3.65016e-28	7.40606e-30	1.0
9600	6	0.541458	-2.2743	6.39617e-29	1.39294e-27	1.0
9600	7	-0.360574	-1.23213	7.89651e-31	0.0006234	1.74171e-13
9600	8	0.685891	-0.277025	1.80903e-07	4.74284e-29	8.7248e-12
9600	9	1.01757	0.388593	2.77612e-28	0.0143454	-1.35028e-14
9600	10	1.28858	-1.04185	0.0181162	1.95883e-28	4.74603e-14
9700	1	0.771288	-0.0979242	4.33073e-08	5.01436e-31	-4.68471e-11
9700	2	1.09063	-1.5437	0.0046646	0.00591811	1.0
9700	3	1.40219	-0.600325	7.60137e-10	4.93532e-32	1.07006e-10
9700	4	1.24808	-1.30795	9.67322e-30	1.18497e-28	1.0
9700	5	1.00796	-0.311108	3.65016e-28	7.40606e-30	1.0
9700	6	0.541458	-2.2743	6.39617e-29	1.39294e-27	1.0
9700	7	-0.360574	-1.26528	7.89651e-31	6.75645e-29	1.0
9700	8	0.685867	-0.277025	1.34364e-29	4.74284e-29	1.0
9700	9	1.20579	0.64054	0.00140707	0.0170107	0.372597
9700	10	1.2875	-1.04168	0.0165411	2.90641e-05	0.00239383
9800	1	0.771294	-0.0979242	9.55477e-29	5.01436e-31	-1.0
9800	2	0.886178	-1.77398	3.04127e-28	7.96017e-28	1.0
9800	3	1.40219	-0.600325	8.34068e-30	4.93532e-32	1.0
9800	4	1.24808	-1.30795	9.67322e-30	1.18497e-28	1.0
9800	5	1.00796	-0.311108	3.65016e-28	7.40606e-30	1.0
9800	6	0.541458	-2.2743	6.39617e-29	1.39294e-27	1.0
9800	7	-0.360574	-1.26528	7.89651e-31	6.75645e-29	1.0
9800	8	0.685867	-0.277025	1.34364e-29	4.74284e-29	1.0
9800	9	1.22007	0.672077	1.83643e-28	0.014673	3.62083e-14
9800	10	1.30954	-1.04185	0.0129739	1.95883e-28	7.04992e-14
9900	1	0.771294	-0.0979242	9.55477e-29	5.01436e-31	-1.0
9900	2	0.886178	-1.77398	3.04127e-28	7.96017e-28	1.0
9900	3	1.41662	-0.600325	0.00118322	4.93532e-32	-9.70695e-15
9900	4	1.24808	-1.30795	9.67322e-30	1.18497e-28	1.0
9900	5	1.00796	-0.311108	3.65016e-28	7.40606e-30	1.0
9900	6	0.538731	-2.2743	4.44925e-05	1.39294e-27	9.82136e-13
9900	7	-0.360574	-1.26528	7.89651e-31	6.75645e-29	1.0
9900	8	0.685867	-0.277025	1.34364e-29	4.74284e-29	1.0
9900	9	1.27544	0.628756	8.7059e-29	0.0126742	3.23512e-14
9900	10	1.28858	-1.04185	0.017223	1.95883e-28	2.68144e-14
10000	1	0.77113	-0.0982111	1.35113e-05	4.11048e-05	1.0
10000	2	0.886178	-2.10537	3.04127e-28	1.59904e-27	1.0
10000	3	1.58148	-0.600325	8.21286e-28	4.93532e-32	-1.0
10000	4	1.24808	-1.30795	9.67322e-30	1.18497e-28	1.0
10000	5	1.00796	-0.311108	3.65016e-28	7.40606e-30	1.0
10000	6	0.58479	-2.15757	0.000597806	0.00129007	1.0
10000	7	-0.360483	-1.26518	8.38963e-06	1.00766e-05	1.0
10000	8	0.685867	-0.277025	1.34364e-29	4.74284e-29	1.0
10000	9	1.27544	0.653196	8.7059e-29	0.0143267	3.95347e-14
10000	10	1.31888	-1.04185	0.011522	1.95883e-28	7.14704e-14
