100	1	0.0	0.0	0.0	0.0	NAN
100	2	0.0	0.0	0.0	0.0	NAN
100	3	0.0	0.0	0.0	0.0	NAN
100	4	0.0	0.0	0.0	0.0	NAN
100	5	0.0	0.0	0.0	0.0	NAN
100	6	0.0	0.0	0.0	0.0	NAN
100	7	0.0	0.0	0.0	0.0	NAN
100	8	0.0	0.0	0.0	0.0	NAN
100	9	0.0	0.0	0.0	0.0	NAN
100	10	-0.000135205	-5.99167e-05	1.82805e-05	3.59001e-06	1.0
200	1	0.0	0.0	0.0	0.0	NAN
200	2	0.0	0.0	0.0	0.0	NAN
200	3	0.0	0.0	0.0	0.0	NAN
200	4	0.0	0.0	0.0	0.0	NAN
200	5	0.0	0.0	0.0	0.0	NAN
200	6	-6.26352e-05	0.0	3.92316e-06	0.0	NAN
200	7	0.0	0.0255338	0.0	0.000192252	NAN
200	8	0.0	0.0	0.0	0.0	NAN
200	9	0.0	0.0	0.0	0.0	NAN
200	10	0.0	0.0	0.0	0.0	NAN
300	1	0.0	0.0	0.0	0.0	NAN
300	2	0.0	0.0	0.0	0.0	NAN
300	3	0.0	0.0	0.0	0.0	NAN
300	4	0.0	-0.0917875	0.0	0.00664046	NAN
300	5	0.0	0.0	0.0	0.0	NAN
300	6	0.0	0.0	0.0	0.0	NAN
300	7	0.0	0.0406913	0.0	5.01436e-31	NAN
300	8	0.0	0.0	0.0	0.0	NAN
300	9	0.0	0.0	0.0	0.0	NAN
300	10	0.0	0.0	0.0	0.0	NAN
400	1	0.0	0.0	0.0	0.0	NAN
400	2	0.0	0.0	0.0	0.0	NAN
400	3	0.0945677	0.159203	1.88949e-30	0.0	NAN
400	4	0.0	-0.238719	0.0	4.69163e-30	NAN
400	5	0.0	0.0	0.0	0.0	NAN
400	6	0.0	0.0	0.0	0.0	NAN
400	7	0.0	0.0406913	0.0	5.01436e-31	NAN
400	8	0.0	0.0	0.0	0.0	NAN
400	9	0.0	0.0	0.0	0.0	NAN
400	10	0.0	0.0	0.0	0.0	NAN
500	1	0.0	0.0	0.0	0.0	NAN
500	2	0.34603	0.353804	5.37456e-29	4.07013e-06	3.30309e-12
500	3	0.0945677	0.159203	1.88949e-30	0.0	NAN
500	4	0.0	-0.238719	0.0	4.69163e-30	NAN
500	5	0.0	0.139338	0.0	0.00406959	NAN
500	6	0.234323	0.128996	1.30323e-29	3.3591e-30	-1.0
500	7	0.0	0.0406913	0.0	5.01436e-31	NAN
500	8	0.0	0.0	0.0	0.0	NAN
500	9	0.0	0.0	0.0	0.0	NAN
500	10	0.646765	0.227948	7.71143e-30	4.45412e-30	1.0
600	1	0.0	0.0	0.0	0.0	NAN
600	2	0.34603	0.353868	5.37456e-29	4.51612e-29	1.0
600	3	0.0945677	0.159203	1.88949e-30	0.0	NAN
600	4	0.0	-0.238719	0.0	4.69163e-30	NAN
600	5	0.0	0.197783	0.0	5.18517e-30	NAN
600	6	0.234323	0.128996	1.30323e-29	3.3591e-30	-1.0
600	7	0.0	0.0406913	0.0	5.01436e-31	NAN
600	8	0.0	0.0	0.0	0.0	NAN
600	9	0.0	0.0	0.0	0.0	NAN
600	10	0.646765	0.227948	7.71143e-30	4.45412e-30	1.0
700	1	0.0	0.0	0.0	0.0	NAN
700	2	0.34603	0.353868	5.37456e-29	4.51612e-29	1.0
700	3	0.0945677	0.159203	1.88949e-30	0.0	NAN
700	4	0.0	-0.238719	0.0	4.69163e-30	NAN
700	5	0.0	0.197783	0.0	5.18517e-30	NAN
700	6	0.234323	0.128996	1.30323e-29	3.3591e-30	-1.0
700	7	0.0	0.0406913	0.0	5.01436e-31	NAN
700	8	0.0	0.0	0.0	0.0	NAN
700	9	0.0	0.0	0.0	0.0	NAN
700	10	0.646765	0.227948	7.71143e-30	4.45412e-30	1.0
800	1	0.0	0.000725999	0.0	5.36019e-06	NAN
800	2	0.34603	0.353868	5.37456e-29	4.51612e-29	1.0
800	3	0.0945677	0.159203	1.88949e-30	0.0	NAN
800	4	0.0	-0.238719	0.0	4.69163e-30	NAN
800	5	0.0	0.197783	0.0	5.18517e-30	NAN
800	6	0.234323	0.0969432	1.30323e-29	0.00297605	-1.73296e-14
800	7	0.0	0.0406913	0.0	5.01436e-31	NAN
800	8	0.0	0.0	0.0	0.0	NAN
800	9	0.0	0.0	0.0	0.0	NAN
800	10	0.646765	0.227948	7.71143e-30	4.45412e-30	1.0
900	1	0.0	0.0149691	0.0	2.0363e-33	NAN
900	2	0.34603	0.353868	5.37456e-29	4.51612e-29	1.0
900	3	0.0945677	0.159203	1.88949e-30	0.0	NAN
900	4	0.0	-0.238719	0.0	4.69163e-30	NAN
900	5	0.0	0.197783	0.0	5.18517e-30	NAN
900	6	0.234323	-0.0905452	1.30323e-29	1.3281e-30	1.0
900	7	0.0	0.040755	0.0	1.35233e-06	NAN
900	8	-0.00205425	0.0	3.08973e-05	0.0	NAN
900	9	0.0	0.222599	0.0	2.50544e-30	NAN
900	10	0.646765	0.227948	7.71143e-30	4.45412e-30	1.0
1000	1	0.0	0.0149691	0.0	2.0363e-33	NAN
1000	2	0.34603	0.353868	5.37456e-29	4.51612e-29	1.0
1000	3	0.0945677	0.159203	1.88949e-30	0.0	NAN
1000	4	0.0	-0.238719	0.0	4.69163e-30	NAN
1000	5	0.0	0.197783	0.0	5.18517e-30	NAN
1000	6	0.234323	-0.0905452	1.30323e-29	1.3281e-30	1.0
1000	7	0.474578	0.579414	4.36806e-29	5.80133e-06	-5.76132e-12
1000	8	0.151504	0.0	1.84946e-06	0.0	NAN
1000	9	0.0	0.222599	0.0	2.50544e-30	NAN
1000	10	0.646765	0.227948	7.71143e-30	4.45412e-30	1.0
1100	1	0.0	0.015023	0.0	1.45238e-06	NAN
1100	2	0.34603	0.353868	5.37456e-29	4.51612e-29	1.0
1100	3	0.489436	0.732484	0.000780304	0.00164473	1.0
1100	4	0.0	-0.238719	0.0	4.69163e-30	NAN
1100	5	0.0014073	0.212561	6.40998e-05	0.000463903	-0.0377528
1100	6	0.234323	-0.0905452	1.30323e-29	1.3281e-30	1.0
1100	7	0.474578	0.57969	4.36806e-29	1.95883e-28	-1.0
1100	8	0.151389	0.0	4.07935e-31	0.0	NAN
1100	9	0.0	0.222599	0.0	2.50544e-30	NAN
1100	10	0.646765	0.227948	7.71143e-30	4.45412e-30	1.0
1200	1	0.0	0.0149691	0.0	2.0363e-33	NAN
1200	2	0.34603	0.353868	5.37456e-29	4.51612e-29	1.0
1200	3	0.493424	0.738275	2.44329e-29	2.72553e-29	-1.0
1200	4	0.0	-0.238719	0.0	4.69163e-30	NAN
1200	5	0.0938198	0.273959	6.04576e-31	2.4985e-29	1.0
1200	6	0.234323	-0.0905452	1.30323e-29	1.3281e-30	1.0
1200	7	0.474578	0.57969	4.36806e-29	1.95883e-28	-1.0
1200	8	0.108815	0.0	3.24073e-31	0.0	NAN
1200	9	0.0	0.222599	0.0	2.50544e-30	NAN
1200	10	0.646765	0.227948	7.71143e-30	4.45412e-30	1.0
1300	1	0.0	0.0149691	0.0	2.0363e-33	NAN
1300	2	0.34603	0.353868	5.37456e-29	4.51612e-29	1.0
1300	3	0.493424	0.736949	2.44329e-29	0.000174176	-3.89081e-13
1300	4	0.0	-0.238719	0.0	4.69163e-30	NAN
1300	5	0.0938198	0.259361	6.04576e-31	5.33297e-08	-4.53412e-12
1300	6	0.234323	-0.0905452	1.30323e-29	1.3281e-30	1.0
1300	7	0.474578	0.57969	4.36806e-29	1.95883e-28	-1.0
1300	8	0.108815	0.0	3.24073e-31	0.0	NAN
1300	9	0.557335	0.723844	0.0123584	0.00999612	1.0
1300	10	0.64698	0.228107	9.1533e-06	5.04059e-06	1.0
1400	1	0.0	0.0149691	0.0	2.0363e-33	NAN
1400	2	0.34603	0.353868	5.37456e-29	4.51612e-29	1.0
1400	3	0.493424	0.473126	2.44329e-29	1.22427e-29	1.0
1400	4	0.0	-0.238719	0.0	4.69163e-30	NAN
1400	5	0.0938198	0.259354	6.04576e-31	1.11353e-30	-1.0
1400	6	0.234323	-0.0905452	1.30323e-29	1.3281e-30	1.0
1400	7	0.474578	0.57969	4.36806e-29	1.95883e-28	-1.0
1400	8	0.108815	0.0	3.24073e-31	0.0	NAN
1400	9	0.601994	0.764009	0.000453446	0.00036677	1.0
1400	10	0.73251	0.291577	9.55477e-29	1.46856e-29	-1.0
1500	1	0.0	0.0149691	0.0	2.0363e-33	NAN
1500	2	0.347448	0.353868	0.000104007	4.51612e-29	7.03103e-13
1500	3	0.49351	0.473126	3.64167e-06	1.22427e-29	2.58055e-12
1500	4	0.246163	-0.238719	1.92786e-30	4.69163e-30	1.0
1500	5	0.0938198	0.259354	6.04576e-31	1.11353e-30	-1.0
1500	6	0.234323	-0.0905452	1.30323e-29	1.3281e-30	1.0
1500	7	0.74027	0.717714	6.04576e-31	3.73233e-29	1.0
1500	8	0.108815	0.0	3.24073e-31	0.0	NAN
1500	9	0.603502	0.765366	7.71143e-30	5.37456e-29	-1.0
1500	10	0.73251	0.291577	9.55477e-29	1.46856e-29	-1.0
1600	1	0.0	0.0149691	0.0	2.0363e-33	NAN
1600	2	0.495056	0.353868	2.22309e-05	4.51612e-29	2.45358e-12
1600	3	0.493424	0.473126	2.44329e-29	1.22427e-29	1.0
1600	4	0.246163	-0.238719	1.92786e-30	4.69163e-30	1.0
1600	5	0.645694	0.688074	5.97173e-30	2.08517e-30	-1.0
1600	6	0.234323	-0.0905452	1.30323e-29	1.3281e-30	1.0
1600	7	0.806177	0.717714	0.000313412	3.73233e-29	-1.32827e-13
1600	8	0.108815	0.0	3.24073e-31	0.0	NAN
1600	9	0.603502	0.981871	7.71143e-30	3.11924e-28	1.0
1600	10	0.73251	0.291577	9.55477e-29	1.46856e-29	-1.0
1700	1	0.0	0.0149691	0.0	2.0363e-33	NAN
1700	2	0.495355	0.353868	1.3603e-28	4.51612e-29	1.0
1700	3	0.493424	0.473126	2.44329e-29	1.22427e-29	1.0
1700	4	0.246163	-0.238719	1.92786e-30	4.69163e-30	1.0
1700	5	0.645694	0.688074	5.97173e-30	2.08517e-30	-1.0
1700	6	0.466973	0.217411	6.84806e-29	6.10822e-30	-1.0
1700	7	0.81555	0.717714	3.99761e-30	3.73233e-29	1.0
1700	8	0.108815	0.0	3.24073e-31	0.0	NAN
1700	9	0.603502	0.981871	7.71143e-30	3.11924e-28	1.0
1700	10	0.73251	0.291577	9.55477e-29	1.46856e-29	-1.0
1800	1	0.0	0.140167	0.0	0.0	NAN
1800	2	0.495355	0.353868	1.3603e-28	4.51612e-29	1.0
1800	3	0.493424	0.738973	2.44329e-29	7.71143e-30	1.0
1800	4	0.246163	-0.238719	1.92786e-30	4.69163e-30	1.0
1800	5	0.645694	0.688074	5.97173e-30	2.08517e-30	-1.0
1800	6	0.466973	0.217411	6.84806e-29	6.10822e-30	-1.0
1800	7	0.81555	0.717714	3.99761e-30	3.73233e-29	1.0
1800	8	0.108815	0.0	3.24073e-31	0.0	NAN
1800	9	0.603502	0.981871	7.71143e-30	3.11924e-28	1.0
1800	10	0.73251	0.291577	9.55477e-29	1.46856e-29	-1.0
1900	1	0.0	0.140167	0.0	0.0	NAN
1900	2	0.602192	0.353868	0.00376209	4.51612e-29	-1.30742e-13
1900	3	0.493424	0.738973	2.44329e-29	7.71143e-30	1.0
1900	4	0.556946	0.215237	2.31577e-28	0.000107996	-2.24868e-13
1900	5	0.673894	0.718995	0.00740725	0.00890532	1.0
1900	6	0.466973	0.217411	6.84806e-29	6.10822e-30	-1.0
1900	7	0.815539	0.717714	5.14584e-08	3.73233e-29	8.95108e-12
1900	8	0.108815	0.0	3.24073e-31	0.0	NAN
1900	9	0.603502	0.981871	7.71143e-30	3.11924e-28	1.0
1900	10	0.73251	0.291577	9.55477e-29	1.46856e-29	-1.0
2000	1	0.0	0.140167	0.0	0.0	NAN
2000	2	0.670785	0.344784	1.30897e-28	0.000676787	-2.44838e-13
2000	3	0.493424	0.738973	2.44329e-29	7.71143e-30	1.0
2000	4	0.556946	0.588709	2.31577e-28	1.97413e-29	1.0
2000	5	1.21539	1.31273	9.67322e-30	1.33451e-28	1.0
2000	6	0.466973	0.217411	6.84806e-29	6.10822e-30	-1.0
2000	7	0.81555	0.717714	3.99761e-30	3.73233e-29	1.0
2000	8	0.108815	0.0	3.24073e-31	0.0	NAN
2000	9	0.603502	0.980287	7.71143e-30	4.58087e-05	2.25853e-12
2000	10	0.73251	0.291577	9.55477e-29	1.46856e-29	-1.0
2100	1	0.0	0.140167	0.0	0.0	NAN
2100	2	0.670785	0.199896	1.30897e-28	1.66636e-29	-1.0
2100	3	0.493424	0.738973	2.44329e-29	7.71143e-30	1.0
2100	4	0.556946	0.588709	2.31577e-28	1.97413e-29	1.0
2100	5	1.21539	1.31273	9.67322e-30	1.33451e-28	1.0
2100	6	0.466973	0.217411	6.84806e-29	6.10822e-30	-1.0
2100	7	0.81555	0.717714	3.99761e-30	3.73233e-29	1.0
2100	8	0.108815	0.0	3.24073e-31	0.0	NAN
2100	9	0.938844	1.31687	4.22278e-28	1.09021e-28	1.0
2100	10	0.73251	0.291577	9.55477e-29	1.46856e-29	-1.0
2200	1	0.0	0.140167	0.0	0.0	NAN
2200	2	0.670785	0.199896	1.30897e-28	1.66636e-29	-1.0
2200	3	0.493424	0.738973	2.44329e-29	7.71143e-30	1.0
2200	4	0.556946	0.588709	2.31577e-28	1.97413e-29	1.0
2200	5	1.21539	1.31273	9.67322e-30	1.33451e-28	1.0
2200	6	0.466973	0.217411	6.84806e-29	6.10822e-30	-1.0
2200	7	1.01932	0.717714	1.43914e-28	3.73233e-29	-1.0
2200	8	0.60975	0.23341	7.17223e-05	0.000109068	1.0
2200	9	0.938844	1.43598	4.22278e-28	0.000295372	-7.42569e-13
2200	10	0.73251	0.291577	9.55477e-29	1.46856e-29	-1.0
2300	1	0.376887	0.140167	3.55465e-05	0.0	NAN
2300	2	0.670785	0.199896	1.30897e-28	1.66636e-29	-1.0
2300	3	0.493424	0.738973	2.44329e-29	7.71143e-30	1.0
2300	4	0.556946	0.588709	2.31577e-28	1.97413e-29	1.0
2300	5	1.21537	1.31275	4.90143e-07	3.70754e-07	-1.0
2300	6	0.467022	0.217444	2.45316e-06	1.09419e-06	1.0
2300	7	1.01932	0.717714	1.43914e-28	3.73233e-29	-1.0
2300	8	0.61051	0.234348	5.44119e-30	3.40074e-31	1.0
2300	9	0.938844	1.48161	4.22278e-28	0.00683717	-1.96801e-13
2300	10	0.73251	0.291577	9.55477e-29	1.46856e-29	-1.0
2400	1	0.500952	0.302885	2.08517e-30	1.23383e-30	1.0
2400	2	0.670785	0.199896	1.30897e-28	1.66636e-29	-1.0
2400	3	0.493424	0.738973	2.44329e-29	7.71143e-30	1.0
2400	4	0.556946	0.588709	2.31577e-28	1.97413e-29	1.0
2400	5	1.21539	1.31273	9.67322e-30	1.33451e-28	1.0
2400	6	0.466973	0.217411	6.84806e-29	6.10822e-30	-1.0
2400	7	1.14149	0.976175	1.4939e-05	6.68687e-05	1.0
2400	8	0.61051	0.234348	5.44119e-30	3.40074e-31	1.0
2400	9	0.938844	1.74268	4.22278e-28	0.00925658	-7.73756e-14
2400	10	0.73251	0.291577	9.55477e-29	1.46856e-29	-1.0
2500	1	0.500952	0.301765	2.08517e-30	0.000124358	9.61798e-14
2500	2	0.670785	0.199896	1.30897e-28	1.66636e-29	-1.0
2500	3	0.493424	0.738973	2.44329e-29	7.71143e-30	1.0
2500	4	0.556946	0.588709	2.31577e-28	1.97413e-29	1.0
2500	5	1.21539	1.31273	9.67322e-30	1.33451e-28	1.0
2500	6	0.466973	0.217411	6.84806e-29	6.10822e-30	-1.0
2500	7	1.14173	0.976693	3.56577e-28	1.04431e-28	1.0
2500	8	0.61051	0.234348	5.44119e-30	3.40074e-31	1.0
2500	9	0.938844	1.8008	4.22278e-28	0.000389017	-2.12154e-13
2500	10	0.73251	0.291577	9.55477e-29	1.46856e-29	-1.0
2600	1	0.500952	0.10483	2.08517e-30	0.00261499	-2.55948e-14
2600	2	0.670785	0.199896	1.30897e-28	1.66636e-29	-1.0
2600	3	0.536014	0.685141	3.10157e-05	4.95501e-05	-1.0
2600	4	0.556946	0.588709	2.31577e-28	1.97413e-29	1.0
2600	5	1.21539	1.31273	9.67322e-30	1.33451e-28	1.0
2600	6	0.466973	0.217411	6.84806e-29	6.10822e-30	-1.0
2600	7	1.41943	0.976693	3.1586e-28	1.04431e-28	1.0
2600	8	0.61051	0.234348	5.44119e-30	3.40074e-31	1.0
2600	9	0.938844	1.79428	4.22278e-28	0.00149937	-1.1628e-13
2600	10	0.73251	0.291577	9.55477e-29	1.46856e-29	-1.0
2700	1	0.500952	0.093404	2.08517e-30	4.89946e-05	-1.1825e-13
2700	2	0.670785	0.199896	1.30897e-28	1.66636e-29	-1.0
2700	3	0.537377	0.683419	1.18497e-28	1.33451e-28	-1.0
2700	4	0.556946	0.590201	2.31577e-28	2.55721e-05	7.69538e-13
2700	5	1.21557	1.31273	7.56391e-06	1.33451e-28	1.12053e-12
2700	6	0.466973	0.217411	6.84806e-29	6.10822e-30	-1.0
2700	7	1.41933	0.976693	4.46343e-06	1.04431e-28	8.43435e-12
2700	8	0.61051	0.234348	5.44119e-30	3.40074e-31	1.0
2700	9	1.23008	1.96823	1.11045e-29	0.00324063	7.59661e-13
2700	10	0.73251	0.291577	9.55477e-29	1.46856e-29	-1.0
2800	1	0.500952	0.0947904	2.08517e-30	6.26361e-31	-1.0
2800	2	0.670785	0.199896	1.30897e-28	1.66636e-29	-1.0
2800	3	0.537377	0.683419	1.18497e-28	1.33451e-28	-1.0
2800	4	0.556946	0.624239	2.31577e-28	5.37456e-29	1.0
2800	5	1.21539	1.31273	9.67322e-30	1.33451e-28	1.0
2800	6	0.466973	0.217411	6.84806e-29	6.10822e-30	-1.0
2800	7	1.32518	0.976693	1.33366e-05	1.04431e-28	7.44406e-12
2800	8	0.61051	0.234348	5.44119e-30	3.40074e-31	1.0
2800	9	1.40398	1.97801	6.05464e-05	0.00161749	-0.0210323
2800	10	0.73251	0.291577	9.55477e-29	1.46856e-29	-1.0
2900	1	0.500952	0.0947904	2.08517e-30	6.26361e-31	-1.0
2900	2	0.670785	0.199896	1.30897e-28	1.66636e-29	-1.0
2900	3	0.537377	0.683419	1.18497e-28	1.33451e-28	-1.0
2900	4	0.556946	0.624239	2.31577e-28	5.37456e-29	1.0
2900	5	1.21539	1.31273	9.67322e-30	1.33451e-28	1.0
2900	6	0.466973	0.217411	6.84806e-29	6.10822e-30	-1.0
2900	7	1.3249	0.976693	7.46664e-28	1.04431e-28	1.0
2900	8	0.61051	0.234952	5.44119e-30	2.40038e-05	1.17134e-13
2900	9	1.40468	1.97692	3.65016e-28	0.00192395	-9.78672e-13
2900	10	0.73251	0.645548	9.55477e-29	1.25863e-28	-1.0
3000	1	0.773365	0.0947904	2.4985e-29	6.26361e-31	-1.0
3000	2	0.670785	0.199896	1.30897e-28	1.66636e-29	-1.0
3000	3	0.537377	0.683419	1.18497e-28	1.33451e-28	-1.0
3000	4	0.556946	0.624239	2.31577e-28	5.37456e-29	1.0
3000	5	1.21539	1.31273	9.67322e-30	1.33451e-28	1.0
3000	6	0.466973	0.217411	6.84806e-29	6.10822e-30	-1.0
3000	7	1.3249	0.976693	7.46664e-28	1.04431e-28	1.0
3000	8	0.61051	0.314921	5.44119e-30	2.4985e-31	-1.0
3000	9	1.40468	1.98145	3.65016e-28	0.00111268	-1.2856e-12
3000	10	0.73251	0.767701	9.55477e-29	2.88827e-28	1.0
3100	1	0.773365	0.0947904	2.4985e-29	6.26361e-31	-1.0
3100	2	0.670785	0.199896	1.30897e-28	1.66636e-29	-1.0
3100	3	0.622267	0.756316	0.00301695	0.0022247	1.0
3100	4	0.556946	0.624239	2.31577e-28	5.37456e-29	1.0
3100	5	1.21539	1.31273	9.67322e-30	1.33451e-28	1.0
3100	6	0.466973	0.218843	6.84806e-29	0.000168965	-1.89934e-13
3100	7	1.3249	0.976693	7.46664e-28	1.04431e-28	1.0
3100	8	0.61051	0.314921	5.44119e-30	2.4985e-31	-1.0
3100	9	1.40386	1.96823	4.45993e-05	0.0034375	-0.0404136
3100	10	0.73251	0.767701	9.55477e-29	2.88827e-28	1.0
3200	1	0.773365	0.21705	2.4985e-29	0.011147	9.61366e-16
3200	2	0.670785	0.199896	1.30897e-28	1.66636e-29	-1.0
3200	3	0.695165	0.818915	3.04127e-28	7.89651e-29	1.0
3200	4	0.556946	0.624239	2.31577e-28	5.37456e-29	1.0
3200	5	1.21539	1.31273	9.67322e-30	1.33451e-28	1.0
3200	6	0.467226	0.45591	3.19819e-05	0.000113882	0.708123
3200	7	1.62808	1.23472	0.00231876	0.00243734	1.0
3200	8	0.61051	0.314921	5.44119e-30	2.4985e-31	-1.0
3200	9	1.42223	2.13092	0.00336734	0.00617332	0.886709
3200	10	0.73251	0.767701	9.55477e-29	2.88827e-28	1.0
3300	1	0.773365	0.494219	2.4985e-29	8.09515e-29	-1.0
3300	2	0.670785	0.199896	1.30897e-28	1.66636e-29	-1.0
3300	3	0.696004	0.818915	0.000116789	7.89651e-29	1.5955e-12
3300	4	0.832883	0.902071	5.44119e-30	5.38949e-28	1.0
3300	5	1.21539	1.31273	9.67322e-30	1.33451e-28	1.0
3300	6	0.466973	0.45605	6.84806e-29	2.90227e-29	1.0
3300	7	1.78925	1.39994	0.00360071	0.00378443	0.999998
3300	8	0.61051	0.528376	5.44119e-30	2.84274e-29	-1.0
3300	9	1.59596	2.19797	8.73008e-28	0.00019569	1.25585e-12
3300	10	0.73251	0.767701	9.55477e-29	2.88827e-28	1.0
3400	1	0.773365	0.494219	2.4985e-29	8.09515e-29	-1.0
3400	2	0.670736	0.199896	2.43316e-06	1.66636e-29	-7.36265e-12
3400	3	0.974899	0.818915	4.88609e-28	7.89651e-29	-1.0
3400	4	0.832883	0.902071	5.44119e-30	5.38949e-28	1.0
3400	5	1.21539	1.31273	9.67322e-30	1.33451e-28	1.0
3400	6	0.466973	0.45605	6.84806e-29	2.90227e-29	1.0
3400	7	1.81742	1.42884	0.00103729	0.00109034	1.0
3400	8	0.61051	0.528376	5.44119e-30	2.84274e-29	-1.0
3400	9	1.59596	2.15922	8.73008e-28	0.00608988	2.76278e-13
3400	10	0.736533	0.773434	0.00038895	0.000789619	1.0
3500	1	0.773365	0.494219	2.4985e-29	8.09515e-29	-1.0
3500	2	0.670785	0.199896	1.30897e-28	1.66636e-29	-1.0
3500	3	1.34141	1.21258	4.93532e-30	8.59929e-28	1.0
3500	4	0.832883	0.902071	5.44119e-30	5.38949e-28	1.0
3500	5	1.21539	1.31273	9.67322e-30	1.33451e-28	1.0
3500	6	0.466973	0.45605	6.84806e-29	2.90227e-29	1.0
3500	7	1.80707	1.41822	0.00204606	0.0021507	1.0
3500	8	0.61051	0.528376	5.44119e-30	2.84274e-29	-1.0
3500	9	1.59596	2.1547	8.73008e-28	0.00692248	2.61336e-13
3500	10	0.944686	1.05435	0.000165147	2.02151e-28	9.49348e-13
3600	1	0.773365	0.494219	2.4985e-29	8.09515e-29	-1.0
3600	2	0.670785	0.199896	1.30897e-28	1.66636e-29	-1.0
3600	3	1.38893	1.26317	0.000660736	0.000749041	1.0
3600	4	1.06482	1.33963	0.000651129	1.33451e-28	6.40021e-13
3600	5	1.22911	1.32245	0.00160342	0.000805314	1.0
3600	6	0.466973	0.45605	6.84806e-29	2.90227e-29	1.0
3600	7	2.18649	1.66354	0.00350583	0.0026707	0.978283
3600	8	0.610467	0.528358	1.83967e-06	3.20573e-07	1.0
3600	9	1.92007	2.42216	2.3497e-28	0.00528599	5.6418e-13
3600	10	0.97573	1.05435	2.70258e-28	2.02151e-28	-1.0
3700	1	0.773365	0.494219	2.4985e-29	8.09515e-29	-1.0
3700	2	0.670785	0.199896	1.30897e-28	1.66636e-29	-1.0
3700	3	1.41555	1.29282	7.73881e-05	2.08517e-28	-8.63785e-13
3700	4	1.10527	1.33963	2.85064e-28	1.33451e-28	1.0
3700	5	1.46711	1.49113	7.1266e-29	3.00265e-28	1.0
3700	6	0.466973	0.45605	6.84806e-29	2.90227e-29	1.0
3700	7	2.20862	1.68345	0.000476824	0.000501209	1.0
3700	8	0.61051	0.528376	5.44119e-30	2.84274e-29	-1.0
3700	9	1.92007	2.44176	2.3497e-28	0.00538216	3.40655e-13
3700	10	0.97573	1.05435	2.70258e-28	2.02151e-28	-1.0
3800	1	0.773365	0.494219	2.4985e-29	8.09515e-29	-1.0
3800	2	0.670785	0.199896	1.30897e-28	1.66636e-29	-1.0
3800	3	1.30922	1.29282	0.00117541	2.08517e-28	4.55201e-13
3800	4	1.35387	1.5687	8.73008e-28	5.65044e-28	1.0
3800	5	1.46711	1.49113	7.1266e-29	3.00265e-28	1.0
3800	6	0.466973	0.45605	6.84806e-29	2.90227e-29	1.0
3800	7	2.19548	1.66997	0.00172645	0.00181474	1.0
3800	8	0.61051	0.528376	5.44119e-30	2.84274e-29	-1.0
3800	9	2.01137	2.48335	4.36085e-28	0.00381024	-2.05211e-13
3800	10	0.97573	1.05435	2.70258e-28	2.02151e-28	-1.0
3900	1	0.773406	0.494307	1.6713e-06	7.64907e-06	1.0
3900	2	0.670785	0.199896	1.30897e-28	1.66636e-29	-1.0
3900	3	1.28797	1.29282	3.1586e-28	2.08517e-28	1.0
3900	4	1.35387	1.5687	8.73008e-28	5.65044e-28	1.0
3900	5	1.46711	1.49113	7.1266e-29	3.00265e-28	1.0
3900	6	0.466973	0.45605	6.84806e-29	2.90227e-29	1.0
3900	7	2.4787	1.66244	0.00236799	0.00247764	0.998689
3900	8	0.61051	0.528376	5.44119e-30	2.84274e-29	-1.0
3900	9	2.01137	2.50436	4.36085e-28	0.000324837	-9.47503e-13
3900	10	0.97573	1.05435	2.70258e-28	2.02151e-28	-1.0
4000	1	0.773365	0.494219	2.4985e-29	8.09515e-29	-1.0
4000	2	0.670785	0.199896	1.30897e-28	1.66636e-29	-1.0
4000	3	1.28797	1.29282	3.1586e-28	2.08517e-28	1.0
4000	4	1.35387	1.5687	8.73008e-28	5.65044e-28	1.0
4000	5	1.46711	1.49113	7.1266e-29	3.00265e-28	1.0
4000	6	0.467253	0.45627	2.60437e-05	1.60026e-05	1.0
4000	7	2.75644	1.95163	0.00226447	0.00238027	1.0
4000	8	0.61051	0.528376	5.44119e-30	2.84274e-29	-1.0
4000	9	2.01137	2.50617	4.36085e-28	3.00265e-28	-1.0
4000	10	0.97573	1.05435	2.70258e-28	2.02151e-28	-1.0
4100	1	0.773365	0.494219	2.4985e-29	8.09515e-29	-1.0
4100	2	0.671199	0.199896	8.53071e-05	1.66636e-29	-1.2313e-12
4100	3	1.28797	1.29282	3.1586e-28	2.08517e-28	1.0
4100	4	1.35895	1.5687	0.000234452	5.65044e-28	1.55957e-12
4100	5	1.46711	1.92364	7.1266e-29	4.6814e-05	-2.25588e-12
4100	6	0.653506	0.602268	8.99461e-30	1.03765e-29	1.0
4100	7	2.73762	1.93233	0.00374048	0.00393176	1.0
4100	8	0.61051	0.528376	5.44119e-30	2.84274e-29	-1.0
4100	9	2.01137	2.50617	4.36085e-28	3.00265e-28	-1.0
4100	10	0.97573	1.2409	2.70258e-28	0.000453469	-2.15521e-13
4200	1	0.773365	0.494219	2.4985e-29	8.09515e-29	-1.0
4200	2	1.03789	0.199896	0.00459463	1.66636e-29	-1.37722e-13
4200	3	1.28797	1.29282	3.1586e-28	2.08517e-28	1.0
4200	4	1.45435	1.5687	3.23806e-28	5.65044e-28	-1.0
4200	5	1.46711	1.92386	7.1266e-29	2.3497e-28	-1.0
4200	6	0.653506	0.602268	8.99461e-30	1.03765e-29	1.0
4200	7	2.74898	1.94398	0.00289173	0.00303961	1.0
4200	8	0.61051	0.528376	5.44119e-30	2.84274e-29	-1.0
4200	9	2.01137	2.50617	4.36085e-28	3.00265e-28	-1.0
4200	10	0.97573	1.24568	2.70258e-28	1.59904e-29	-1.0
4300	1	1.0817	0.494219	0.000642267	8.09515e-29	2.64224e-13
4300	2	1.06341	0.199896	1.18497e-28	1.66636e-29	-1.0
4300	3	1.28797	1.29282	3.1586e-28	2.08517e-28	1.0
4300	4	1.45435	1.5687	3.23806e-28	5.65044e-28	-1.0
4300	5	1.46711	1.92386	7.1266e-29	2.3497e-28	-1.0
4300	6	0.653506	0.533317	8.99461e-30	1.16091e-28	1.0
4300	7	2.75154	1.94661	0.00245063	0.00257595	1.0
4300	8	0.61051	0.528376	5.44119e-30	2.84274e-29	-1.0
4300	9	2.0323	2.79471	0.000574956	0.00341708	0.907558
4300	10	0.97573	1.24568	2.70258e-28	1.59904e-29	-1.0
4400	1	1.08592	0.494071	3.08457e-29	1.09795e-05	2.70149e-12
4400	2	1.06341	0.199896	1.18497e-28	1.66636e-29	-1.0
4400	3	1.28797	1.29282	3.1586e-28	2.08517e-28	1.0
4400	4	1.45435	1.5687	3.23806e-28	5.65044e-28	-1.0
4400	5	1.5881	1.92386	2.4183e-30	2.3497e-28	1.0
4400	6	0.653506	0.533317	8.99461e-30	1.16091e-28	1.0
4400	7	2.74285	1.9377	0.00320545	0.00336938	1.0
4400	8	0.61051	0.528376	5.44119e-30	2.84274e-29	-1.0
4400	9	2.08293	2.9114	1.20106e-27	8.86185e-28	1.0
4400	10	0.97573	1.24568	2.70258e-28	1.59904e-29	-1.0
4500	1	1.08592	0.494219	3.08457e-29	8.09515e-29	1.0
4500	2	1.06341	0.199896	1.18497e-28	1.66636e-29	-1.0
4500	3	1.28802	1.29282	3.23207e-06	2.08517e-28	9.89524e-12
4500	4	1.45435	1.5687	3.23806e-28	5.65044e-28	-1.0
4500	5	1.58809	1.92386	1.32416e-07	2.3497e-28	4.28572e-12
4500	6	0.653506	0.532527	8.99461e-30	4.48588e-06	5.1446e-12
4500	7	2.75611	1.95129	0.00213815	0.00224749	1.0
4500	8	0.610658	0.528376	2.1827e-05	2.84274e-29	-5.00926e-13
4500	9	2.08293	2.9114	1.20106e-27	8.86185e-28	1.0
4500	10	0.97573	1.24568	2.70258e-28	1.59904e-29	-1.0
4600	1	1.08592	0.778258	3.08457e-29	3.99761e-30	-1.0
4600	2	1.06341	0.199896	1.18497e-28	1.66636e-29	-1.0
4600	3	1.28797	1.29282	3.1586e-28	2.08517e-28	1.0
4600	4	1.45435	1.5687	3.23806e-28	5.65044e-28	-1.0
4600	5	1.56556	2.07693	2.20483e-09	0.000234464	1.0
4600	6	0.844623	0.768004	7.70033e-29	6.57507e-29	-1.0
4600	7	2.74074	1.93553	0.00348647	0.00366476	1.0
4600	8	0.61051	0.528376	5.44119e-30	2.84274e-29	-1.0
4600	9	2.08293	2.9114	1.20106e-27	8.86185e-28	1.0
4600	10	0.97573	1.24568	2.70258e-28	1.59904e-29	-1.0
4700	1	1.08592	0.778258	3.08457e-29	3.99761e-30	-1.0
4700	2	1.09553	0.237962	0.00489201	0.00687373	1.0
4700	3	1.28795	1.29273	2.48951e-08	1.64888e-06	1.0
4700	4	1.45435	1.5687	3.23806e-28	5.65044e-28	-1.0
4700	5	1.56557	2.08006	2.28209e-28	9.67322e-30	-1.0
4700	6	0.844623	0.768004	7.70033e-29	6.57507e-29	-1.0
4700	7	2.75009	2.24322	0.00270696	0.00284539	1.0
4700	8	0.61051	0.528376	5.44119e-30	2.84274e-29	-1.0
4700	9	2.54654	2.9114	9.55477e-29	8.86185e-28	1.0
4700	10	0.97573	1.24568	2.70258e-28	1.59904e-29	-1.0
4800	1	1.08592	0.778258	3.08457e-29	3.99761e-30	-1.0
4800	2	1.40324	0.602713	2.70258e-28	3.73233e-29	-1.0
4800	3	1.28349	1.21129	5.97173e-30	1.47801e-05	2.42254e-12
4800	4	1.45435	1.5687	3.23806e-28	5.65044e-28	-1.0
4800	5	1.56557	2.08006	2.28209e-28	9.67322e-30	-1.0
4800	6	0.844623	0.768004	7.70033e-29	6.57507e-29	-1.0
4800	7	3.08651	2.23032	0.00362747	0.0037787	0.99157
4800	8	0.61051	0.528376	5.44119e-30	2.84274e-29	-1.0
4800	9	2.54654	2.9114	9.55477e-29	8.86185e-28	1.0
4800	10	0.97573	1.24585	2.70258e-28	1.3967e-05	-1.05377e-12
4900	1	1.08592	0.778258	3.08457e-29	3.99761e-30	-1.0
4900	2	1.40324	0.602713	2.70258e-28	3.73233e-29	-1.0
4900	3	1.28349	1.21063	5.97173e-30	8.29627e-29	1.0
4900	4	1.45435	1.5687	3.23806e-28	5.65044e-28	-1.0
4900	5	1.56557	2.08006	2.28209e-28	9.67322e-30	-1.0
4900	6	0.844623	0.768082	7.70033e-29	3.02845e-06	-4.63365e-12
4900	7	3.11492	2.25909	0.00123498	0.00129813	1.0
4900	8	0.61051	0.528376	5.44119e-30	2.84274e-29	-1.0
4900	9	2.54654	2.9114	9.55477e-29	8.86185e-28	1.0
4900	10	0.97573	1.24568	2.70258e-28	1.59904e-29	-1.0
5000	1	1.08592	0.778258	3.08457e-29	3.99761e-30	-1.0
5000	2	1.40324	0.602713	2.70258e-28	3.73233e-29	-1.0
5000	3	1.62129	1.49323	3.65016e-28	3.1586e-30	1.0
5000	4	1.45435	1.5687	3.23806e-28	5.65044e-28	-1.0
5000	5	1.56557	2.18901	2.28209e-28	1.6709e-27	-1.0
5000	6	0.899781	0.865325	9.55477e-29	7.10686e-30	-1.0
5000	7	3.12272	2.34002	0.000499623	0.00230683	0.471846
5000	8	0.61051	0.528376	5.44119e-30	2.84274e-29	-1.0
5000	9	2.54654	2.9114	9.55477e-29	8.86185e-28	1.0
5000	10	0.97573	1.24568	2.70258e-28	1.59904e-29	-1.0
5100	1	1.08592	0.778258	3.08457e-29	3.99761e-30	-1.0
5100	2	1.40324	0.602713	2.70258e-28	3.73233e-29	-1.0
5100	3	1.62129	1.49323	3.65016e-28	3.1586e-30	1.0
5100	4	1.45435	1.5687	3.23806e-28	5.65044e-28	-1.0
5100	5	1.56557	2.18901	2.28209e-28	1.6709e-27	-1.0
5100	6	0.899781	0.865325	9.55477e-29	7.10686e-30	-1.0
5100	7	3.12406	2.39303	0.000361344	0.000379822	1.0
5100	8	0.61051	0.528376	5.44119e-30	2.84274e-29	-1.0
5100	9	2.54654	2.9114	9.55477e-29	8.86185e-28	1.0
5100	10	0.97573	1.24568	2.70258e-28	1.59904e-29	-1.0
5200	1	1.08592	0.778258	3.08457e-29	3.99761e-30	-1.0
5200	2	1.87148	0.602713	3.48236e-28	3.73233e-29	1.0
5200	3	1.62129	1.49323	3.65016e-28	3.1586e-30	1.0
5200	4	1.45435	1.86085	3.23806e-28	0.00215609	-5.65568e-13
5200	5	1.56557	2.18901	2.28209e-28	1.6709e-27	-1.0
5200	6	0.899781	0.865325	9.55477e-29	7.10686e-30	-1.0
5200	7	3.12617	2.3952	0.000135088	0.000141996	1.0
5200	8	0.61051	0.528376	5.44119e-30	2.84274e-29	-1.0
5200	9	2.64606	2.9114	7.43513e-06	8.86185e-28	6.33203e-14
5200	10	0.97573	1.24568	2.70258e-28	1.59904e-29	-1.0
5300	1	1.08592	0.778258	3.08457e-29	3.99761e-30	-1.0
5300	2	1.87148	0.602713	3.48236e-28	3.73233e-29	1.0
5300	3	1.62129	1.49323	3.65016e-28	3.1586e-30	1.0
5300	4	1.45466	1.87623	1.63151e-05	4.6077e-06	1.0
5300	5	1.56557	2.18901	2.28209e-28	1.6709e-27	-1.0
5300	6	1.5281	0.865325	1.15531e-27	7.10686e-30	-1.0
5300	7	3.1274	2.39646	9.39882e-28	1.97413e-27	-1.0
5300	8	0.61051	0.528376	5.44119e-30	2.84274e-29	-1.0
5300	9	2.64621	2.9114	1.97413e-31	8.86185e-28	1.0
5300	10	1.00961	1.24568	1.38633e-28	1.59904e-29	-1.0
5400	1	1.08592	0.778258	3.08457e-29	3.99761e-30	-1.0
5400	2	1.87148	0.602713	3.48236e-28	3.73233e-29	1.0
5400	3	1.62129	1.49323	3.65016e-28	3.1586e-30	1.0
5400	4	1.5589	1.93162	2.70258e-28	1.58132e-27	-1.0
5400	5	1.56557	2.18901	2.28209e-28	1.6709e-27	-1.0
5400	6	1.5281	0.865325	1.15531e-27	7.10686e-30	-1.0
5400	7	3.1274	2.39646	9.39882e-28	1.97413e-27	-1.0
5400	8	0.61051	0.528376	5.44119e-30	2.84274e-29	-1.0
5400	9	2.64621	2.9114	1.97413e-31	8.86185e-28	1.0
5400	10	1.00961	1.24568	1.38633e-28	1.59904e-29	-1.0
5500	1	1.08592	0.778258	3.08457e-29	3.99761e-30	-1.0
5500	2	1.91588	0.703879	3.39994e-28	2.14982e-28	1.0
5500	3	1.62129	1.49323	3.65016e-28	3.1586e-30	1.0
5500	4	1.5589	1.93707	2.70258e-28	0.000529128	-1.63282e-12
5500	5	1.56557	2.18901	2.28209e-28	1.6709e-27	-1.0
5500	6	1.5281	0.876552	1.15531e-27	0.00118349	-4.03165e-14
5500	7	3.1274	2.39646	9.39882e-28	1.97413e-27	-1.0
5500	8	0.61051	0.528376	5.44119e-30	2.84274e-29	-1.0
5500	9	2.64621	2.9114	1.97413e-31	8.86185e-28	1.0
5500	10	1.00961	1.24568	1.38633e-28	1.59904e-29	-1.0
5600	1	1.23964	1.27895	2.84274e-29	1.77671e-30	-1.0
5600	2	1.91588	0.708722	3.39994e-28	0.000402745	7.3215e-13
5600	3	1.62138	1.49337	2.64756e-06	6.26215e-06	1.0
5600	4	1.5589	2.12955	2.70258e-28	1.56371e-27	1.0
5600	5	1.40257	2.18901	7.10686e-30	1.6709e-27	-1.0
5600	6	1.5281	1.08545	1.15531e-27	2.3497e-28	1.0
5600	7	3.1274	2.39646	9.39882e-28	1.97413e-27	-1.0
5600	8	0.61051	0.528376	5.44119e-30	2.84274e-29	-1.0
5600	9	2.64621	2.9114	1.97413e-31	8.86185e-28	1.0
5600	10	1.00961	1.24566	1.38633e-28	2.74883e-08	-2.39902e-11
5700	1	1.23964	1.27895	2.84274e-29	1.77671e-30	-1.0
5700	2	1.9621	0.884199	1.97413e-29	2.4183e-30	1.0
5700	3	1.68076	1.5847	1.93484e-27	5.65044e-28	1.0
5700	4	1.55909	2.12955	3.1093e-06	1.56371e-27	9.46983e-12
5700	5	1.40257	2.18901	7.10686e-30	1.6709e-27	-1.0
5700	6	1.84726	1.08545	5.09837e-05	2.3497e-28	-4.47436e-12
5700	7	3.1274	2.39646	9.39882e-28	1.97413e-27	-1.0
5700	8	0.61051	0.858581	5.44119e-30	1.33451e-28	-1.0
5700	9	2.64621	2.9114	1.97413e-31	8.86185e-28	1.0
5700	10	1.00961	1.24371	1.38633e-28	3.56577e-28	-1.0
5800	1	1.23964	1.27895	2.84274e-29	1.77671e-30	-1.0
5800	2	1.9621	0.884199	1.97413e-29	2.4183e-30	1.0
5800	3	1.68076	1.5847	1.93484e-27	5.65044e-28	1.0
5800	4	1.5927	2.12955	1.27928e-27	1.56371e-27	-1.0
5800	5	1.55641	2.25988	3.82191e-28	2.21813e-27	-1.0
5800	6	1.84758	1.08545	1.02339e-27	2.3497e-28	-1.0
5800	7	3.1274	2.39646	9.39882e-28	1.97413e-27	-1.0
5800	8	0.636288	0.858581	0.00388743	1.33451e-28	-8.86813e-14
5800	9	2.64621	2.9114	1.97413e-31	8.86185e-28	1.0
5800	10	1.00961	1.24371	1.38633e-28	3.56577e-28	-1.0
5900	1	1.24158	1.28116	0.00014101	0.000182266	1.0
5900	2	1.9621	1.08127	1.97413e-29	8.86185e-28	1.0
5900	3	1.68076	1.69565	1.93484e-27	6.16115e-06	-1.23575e-11
5900	4	1.56402	2.04626	2.5336e-06	1.73574e-06	0.83533
5900	5	1.55641	2.25988	3.82191e-28	2.21813e-27	-1.0
5900	6	2.08878	1.08545	0.0026594	2.3497e-28	-6.37577e-13
5900	7	3.1274	2.39646	9.39882e-28	1.97413e-27	-1.0
5900	8	0.954212	0.858581	1.18571e-29	1.33451e-28	-1.0
5900	9	2.64621	2.9114	1.97413e-31	8.86185e-28	1.0
5900	10	1.00961	1.24371	1.38633e-28	3.56577e-28	-1.0
6000	1	1.37851	1.43684	1.23383e-30	7.58854e-28	-1.0
6000	2	1.9621	1.19018	1.97413e-29	0.00457713	8.15719e-14
6000	3	1.68076	1.69576	1.93484e-27	9.26309e-28	-1.0
6000	4	1.564	2.04622	8.4695e-28	1.89595e-27	-1.0
6000	5	1.55641	2.25988	3.82191e-28	2.21813e-27	-1.0
6000	6	2.11047	1.08545	8.86185e-28	2.3497e-28	-1.0
6000	7	3.1274	2.39646	9.39882e-28	1.97413e-27	-1.0
6000	8	0.954212	0.858581	1.18571e-29	1.33451e-28	-1.0
6000	9	2.64621	2.9114	1.97413e-31	8.86185e-28	1.0
6000	10	1.00961	1.24371	1.38633e-28	3.56577e-28	-1.0
6100	1	1.37851	1.43684	1.23383e-30	7.58854e-28	-1.0
6100	2	2.19349	1.44081	3.49203e-27	2.63003e-28	-1.0
6100	3	1.68076	1.69576	1.93484e-27	9.26309e-28	-1.0
6100	4	1.60872	2.04726	0.000258678	5.05528e-05	0.970802
6100	5	1.55641	2.25988	3.82191e-28	2.21813e-27	-1.0
6100	6	2.11047	1.08545	8.86185e-28	2.3497e-28	-1.0
6100	7	3.1274	2.39646	9.39882e-28	1.97413e-27	-1.0
6100	8	1.05491	0.945733	0.00557007	1.71065e-05	-0.0102808
6100	9	2.64621	2.9114	1.97413e-31	8.86185e-28	1.0
6100	10	1.00961	1.24585	1.38633e-28	3.99761e-30	-1.0
6200	1	1.37851	1.43684	1.23383e-30	7.58854e-28	-1.0
6200	2	2.19349	1.44081	3.49203e-27	2.63003e-28	-1.0
6200	3	1.68076	1.69576	1.93484e-27	9.26309e-28	-1.0
6200	4	2.02032	2.37702	2.47634e-27	4.03689e-27	-1.0
6200	5	1.55641	2.25988	3.82191e-28	2.21813e-27	-1.0
6200	6	2.11047	1.08545	8.86185e-28	2.3497e-28	-1.0
6200	7	3.1274	2.39646	9.39882e-28	1.97413e-27	-1.0
6200	8	1.17171	0.946127	1.42631e-29	6.39617e-29	1.0
6200	9	2.64621	2.9114	1.97413e-31	8.86185e-28	1.0
6200	10	1.00961	1.72519	1.38633e-28	8.7059e-29	-1.0
6300	1	1.41905	1.42555	0.00227757	0.00108089	0.713655
6300	2	2.19349	1.44081	3.49203e-27	2.63003e-28	-1.0
6300	3	1.68076	1.69576	1.93484e-27	9.26309e-28	-1.0
6300	4	2.35296	2.77786	1.56371e-27	2.65638e-27	-1.0
6300	5	1.55641	2.25988	3.82191e-28	2.21813e-27	-1.0
6300	6	2.10966	1.0844	5.32412e-05	9.21088e-05	1.0
6300	7	3.1274	2.55261	9.39882e-28	6.87193e-28	1.0
6300	8	1.17171	0.946127	1.42631e-29	6.39617e-29	1.0
6300	9	2.64621	2.9114	1.97413e-31	8.86185e-28	1.0
6300	10	1.00961	1.72519	1.38633e-28	8.7059e-29	-1.0
6400	1	1.35246	1.31158	0.00475455	0.00486846	1.0
6400	2	2.19349	1.44081	3.49203e-27	2.63003e-28	-1.0
6400	3	1.68076	1.69576	1.93484e-27	9.26309e-28	-1.0
6400	4	2.35296	2.77786	1.56371e-27	2.65638e-27	-1.0
6400	5	1.55641	2.25988	3.82191e-28	2.21813e-27	-1.0
6400	6	2.34606	1.12537	0.00197869	0.00446836	0.869971
6400	7	3.1274	2.55261	9.39882e-28	6.87193e-28	1.0
6400	8	1.17171	1.04389	1.42631e-29	0.00526964	1.95113e-13
6400	9	2.64621	2.9114	1.97413e-31	8.86185e-28	1.0
6400	10	1.00961	1.72519	1.38633e-28	8.7059e-29	-1.0
6500	1	1.33775	1.2967	0.00408262	0.00418043	1.0
6500	2	2.19349	1.44081	3.49203e-27	2.63003e-28	-1.0
6500	3	1.68076	1.69576	1.93484e-27	9.26309e-28	-1.0
6500	4	2.35296	2.77786	1.56371e-27	2.65638e-27	-1.0
6500	5	1.49568	2.2596	0.000379264	3.85663e-05	0.184644
6500	6	2.31244	1.1042	0.00220098	0.00380775	1.0
6500	7	2.94816	2.55261	0.000285203	6.87193e-28	1.83064e-12
6500	8	1.33081	1.39148	2.70258e-28	4.93532e-32	-1.0
6500	9	2.64621	2.9114	1.97413e-31	8.86185e-28	1.0
6500	10	1.00969	1.72519	3.30708e-06	8.7059e-29	-6.54848e-12
6600	1	1.34081	1.2998	0.00426817	0.00437044	1.0
6600	2	2.19349	1.44081	3.49203e-27	2.63003e-28	-1.0
6600	3	1.68076	1.69751	1.32293e-08	0.000206929	0.0773087
6600	4	2.35296	2.77786	1.56371e-27	2.65638e-27	-1.0
6600	5	1.48406	2.25988	3.90926e-28	2.21813e-27	-1.0
6600	6	2.30212	1.09064	0.00214474	0.00371046	1.0
6600	7	2.94561	2.55261	9.67322e-28	6.87193e-28	1.0
6600	8	1.33081	1.39148	2.70258e-28	4.93532e-32	-1.0
6600	9	2.64621	2.9114	1.97413e-31	8.86185e-28	1.0
6600	10	1.00961	1.72519	1.38633e-28	8.7059e-29	-1.0
6700	1	1.34268	1.30169	0.00456833	0.00467778	1.0
6700	2	2.19349	1.44081	3.49203e-27	2.63003e-28	-1.0
6700	3	1.68743	2.00745	2.00988e-06	0.000206609	1.0
6700	4	2.35296	2.77786	1.56371e-27	2.65638e-27	-1.0
6700	5	1.48406	2.25988	3.90926e-28	2.21813e-27	-1.0
6700	6	2.29107	1.0761	0.00174675	0.00302193	1.0
6700	7	3.33357	2.55261	3.59785e-27	6.87193e-28	1.0
6700	8	1.33081	1.39148	2.70258e-28	4.93532e-32	-1.0
6700	9	2.64621	2.97595	1.97413e-31	0.000844803	8.79894e-14
6700	10	1.00961	1.72519	1.38633e-28	8.7059e-29	-1.0
6800	1	1.34071	1.2997	0.00419263	0.00429309	1.0
6800	2	2.19349	1.44081	3.49203e-27	2.63003e-28	-1.0
6800	3	1.68804	2.01353	3.99761e-28	1.6709e-27	-1.0
6800	4	2.35296	2.77786	1.56371e-27	2.65638e-27	-1.0
6800	5	1.48406	2.25988	3.90926e-28	2.21813e-27	-1.0
6800	6	2.29678	1.08007	0.00224349	0.00335619	0.925172
6800	7	3.33357	2.55261	3.59785e-27	6.87193e-28	1.0
6800	8	1.33081	1.39148	2.70258e-28	4.93532e-32	-1.0
6800	9	2.64621	3.00245	1.97413e-31	8.08602e-28	-1.0
6800	10	1.00961	1.72519	1.38633e-28	8.7059e-29	-1.0
6900	1	1.34101	1.3	0.00424363	0.00434531	1.0
6900	2	2.19349	1.44081	3.49203e-27	2.63003e-28	-1.0
6900	3	1.68804	2.01353	3.99761e-28	1.6709e-27	-1.0
6900	4	2.35296	2.77786	1.56371e-27	2.65638e-27	-1.0
6900	5	1.48413	2.25988	5.64046e-06	2.21813e-27	-8.27406e-12
6900	6	2.53964	1.08738	0.00263494	0.0033757	0.867794
6900	7	3.33357	2.55261	3.59785e-27	6.87193e-28	1.0
6900	8	1.33081	1.39148	2.70258e-28	4.93532e-32	-1.0
6900	9	2.57042	3.00245	4.73988e-28	8.08602e-28	1.0
6900	10	1.00961	1.72519	1.38633e-28	8.7059e-29	-1.0
7000	1	1.34574	1.30479	0.00423599	0.00433748	1.0
7000	2	2.19349	1.44081	3.49203e-27	2.63003e-28	-1.0
7000	3	1.68804	2.01353	3.99761e-28	1.6709e-27	-1.0
7000	4	2.35296	2.77786	1.56371e-27	2.65638e-27	-1.0
7000	5	1.48406	2.25988	3.90926e-28	2.21813e-27	-1.0
7000	6	2.55919	1.1065	0.00229023	0.00396217	1.0
7000	7	3.33357	2.55261	3.59785e-27	6.87193e-28	1.0
7000	8	1.48252	1.39148	5.97173e-28	4.93532e-32	-1.0
7000	9	2.59539	2.985	0.000391893	0.000191356	-1.0
7000	10	1.16433	1.72552	7.84499e-05	0.000113724	1.0
7100	1	1.3341	1.293	0.00404174	0.00413858	1.0
7100	2	2.2135	1.44081	0.000222929	2.63003e-28	-1.76225e-12
7100	3	1.68804	2.01353	3.99761e-28	1.6709e-27	-1.0
7100	4	2.35296	2.77792	1.56371e-27	3.71269e-06	-2.66837e-11
7100	5	1.48406	2.17625	3.90926e-28	9.26975e-05	8.34895e-13
7100	6	2.55993	1.10746	0.00227712	0.00393948	1.0
7100	7	3.33357	2.55261	3.59785e-27	6.87193e-28	1.0
7100	8	1.48258	1.39148	4.85606e-07	4.93532e-32	-3.51456e-11
7100	9	2.62753	2.96229	1.6474e-05	2.43565e-06	1.0
7100	10	1.72422	2.39964	8.86185e-28	4.17725e-28	1.0
7200	1	1.28403	1.30589	0.0126831	0.00471661	0.570816
7200	2	2.23657	1.44081	4.44178e-29	2.63003e-28	1.0
7200	3	1.68804	2.01353	3.99761e-28	1.6709e-27	-1.0
7200	4	2.35296	2.77786	1.56371e-27	2.65638e-27	-1.0
7200	5	1.48406	2.17522	3.90926e-28	3.00265e-28	1.0
7200	6	2.54714	1.09064	0.00201002	0.00347739	1.0
7200	7	3.33357	2.55261	3.59785e-27	6.87193e-28	1.0
7200	8	1.50056	1.39148	6.3019e-28	4.93532e-32	-1.0
7200	9	2.4794	3.00987	3.33627e-29	2.84274e-29	-1.0
7200	10	1.72422	2.39964	8.86185e-28	4.17725e-28	1.0
7300	1	1.12234	1.27716	0.0153658	0.00422447	0.506762
7300	2	2.23657	1.44081	4.44178e-29	2.63003e-28	1.0
7300	3	1.68804	2.01353	3.99761e-28	1.6709e-27	-1.0
7300	4	2.35296	2.77786	1.56371e-27	2.65638e-27	-1.0
7300	5	1.48406	2.17522	3.90926e-28	3.00265e-28	1.0
7300	6	2.53548	1.07531	0.00178676	0.00309114	1.0
7300	7	3.33357	2.55261	3.59785e-27	6.87193e-28	1.0
7300	8	1.50056	1.39148	6.3019e-28	4.93532e-32	-1.0
7300	9	2.4794	3.00987	3.33627e-29	2.84274e-29	-1.0
7300	10	1.72422	2.39964	8.86185e-28	4.17725e-28	1.0
7400	1	1.10149	1.28531	0.012673	0.00450888	0.505979
7400	2	2.23657	1.44081	4.44178e-29	2.63003e-28	1.0
7400	3	1.68804	2.01353	3.99761e-28	1.6709e-27	-1.0
7400	4	2.35296	2.77786	1.56371e-27	2.65638e-27	-1.0
7400	5	1.48406	2.17522	3.90926e-28	3.00265e-28	1.0
7400	6	2.53113	1.06958	0.00157909	0.00273187	1.0
7400	7	3.33357	2.55261	3.59785e-27	6.87193e-28	1.0
7400	8	1.50056	1.39148	6.3019e-28	4.93532e-32	-1.0
7400	9	2.4794	3.00987	3.33627e-29	2.84274e-29	-1.0
7400	10	2.44937	2.94939	1.97413e-27	3.99761e-28	-1.0
7500	1	1.05825	1.28441	0.00885977	0.00454601	0.704333
7500	2	2.23657	1.44081	4.44178e-29	2.63003e-28	1.0
7500	3	1.68804	2.01353	3.99761e-28	1.6709e-27	-1.0
7500	4	2.35553	2.77786	0.00057627	2.65638e-27	8.71602e-13
7500	5	1.48406	2.17535	3.90926e-28	1.60676e-06	1.37099e-11
7500	6	2.52751	1.06482	0.00146697	0.00253789	1.0
7500	7	3.33357	2.40983	3.59785e-27	0.00152442	-2.75046e-13
7500	8	1.50056	1.39148	6.3019e-28	4.93532e-32	-1.0
7500	9	2.4794	3.00987	3.33627e-29	2.84274e-29	-1.0
7500	10	2.47641	2.97038	0.00121714	0.000733454	1.0
7600	1	1.08452	1.28051	0.0122451	0.00440854	0.604834
7600	2	2.23657	1.44081	4.44178e-29	2.63003e-28	1.0
7600	3	1.87	2.32724	4.64364e-28	1.97413e-29	1.0
7600	4	2.3456	2.77786	4.36085e-28	2.65638e-27	1.0
7600	5	1.48406	2.19842	3.90926e-28	1.35695e-05	-3.25267e-12
7600	6	2.52416	1.06042	0.00134213	0.00232192	1.0
7600	7	3.33357	2.38878	3.59785e-27	3.33627e-29	-1.0
7600	8	1.73247	1.39148	0.00119792	4.93532e-32	-1.37712e-13
7600	9	2.50355	3.03315	0.00243426	0.00226051	1.0
7600	10	2.5672	3.04086	1.63477e-27	0.0	NAN
7700	1	1.08338	1.29142	0.0118314	0.00316655	0.461786
7700	2	2.23657	1.44081	4.44178e-29	2.63003e-28	1.0
7700	3	1.87	2.48924	4.64364e-28	9.67322e-28	-1.0
7700	4	2.35183	2.79795	1.3427e-06	1.39675e-05	1.0
7700	5	1.48406	2.19951	3.90926e-28	1.89714e-28	-1.0
7700	6	2.52748	1.06474	0.0015237	0.00262998	0.999662
7700	7	3.33357	2.38878	3.59785e-27	3.33627e-29	-1.0
7700	8	1.74302	1.49502	5.70523e-29	7.83531e-28	-1.0
7700	9	2.74599	3.08057	0.00549273	0.00510066	1.0
7700	10	2.5672	3.04086	1.63477e-27	0.0	NAN
7800	1	1.0693	1.30962	0.00977449	0.00364993	0.618748
7800	2	2.23657	1.44081	4.44178e-29	2.63003e-28	1.0
7800	3	1.87	2.48924	4.64364e-28	9.67322e-28	-1.0
7800	4	2.35227	2.79937	2.01381e-27	2.05388e-27	-1.0
7800	5	1.48406	2.19951	3.90926e-28	1.89714e-28	-1.0
7800	6	2.59584	1.0702	0.00164293	0.00284232	1.0
7800	7	3.33357	2.38878	3.59785e-27	3.33627e-29	-1.0
7800	8	1.74302	1.49502	5.70523e-29	7.83531e-28	-1.0
7800	9	2.77818	3.1116	0.00663533	0.00616171	1.0
7800	10	2.5672	3.25009	1.63477e-27	5.4775e-05	3.60508e-12
7900	1	1.05675	1.31321	0.00813301	0.0040399	0.711276
7900	2	2.23657	1.44081	4.44178e-29	2.63003e-28	1.0
7900	3	1.86986	2.48924	6.49978e-06	9.67322e-28	-8.38966e-12
7900	4	2.35227	2.79937	2.01381e-27	2.05388e-27	-1.0
7900	5	1.48406	2.19951	3.90926e-28	1.89714e-28	-1.0
7900	6	2.61419	1.09434	0.00213466	0.00369302	1.0
7900	7	3.33323	2.38878	5.84576e-05	3.33627e-29	-7.82213e-12
7900	8	1.74302	1.49488	5.70523e-29	2.04677e-05	-6.16863e-12
7900	9	2.77469	3.09697	0.00664762	0.00617312	1.0
7900	10	2.5672	3.02501	1.63477e-27	3.49203e-27	1.0
8000	1	1.04704	1.31691	0.0062886	0.00420234	0.779642
8000	2	2.23657	1.44081	4.44178e-29	2.63003e-28	1.0
8000	3	1.87	2.48924	4.64364e-28	9.67322e-28	-1.0
8000	4	2.35227	2.79937	2.01381e-27	2.05388e-27	-1.0
8000	5	1.48412	2.19951	1.75677e-06	1.89714e-28	-1.49237e-11
8000	6	2.6075	1.08553	0.00196581	0.00340091	1.0
8000	7	3.33357	2.38878	3.59785e-27	3.33627e-29	-1.0
8000	8	1.74302	1.20889	5.70523e-29	4.93532e-32	-1.0
8000	9	2.77849	3.10063	0.00643629	0.00597687	1.0
8000	10	2.5672	3.02501	1.63477e-27	3.49203e-27	1.0
8100	1	1.05161	1.33229	0.00550577	0.00474878	0.92172
8100	2	2.23657	1.44081	4.44178e-29	2.63003e-28	1.0
8100	3	1.87	2.48924	4.64364e-28	9.67322e-28	-1.0
8100	4	2.35227	2.79937	2.01381e-27	2.05388e-27	-1.0
8100	5	1.48406	2.19951	3.90926e-28	1.89714e-28	-1.0
8100	6	2.60441	1.08215	0.00185259	0.00324657	0.988383
8100	7	3.33357	2.38878	3.59785e-27	3.33627e-29	-1.0
8100	8	1.74302	1.20889	5.70523e-29	4.93532e-32	-1.0
8100	9	2.79297	3.1357	0.00710745	0.00879623	0.95201
8100	10	2.5672	3.02501	1.63477e-27	3.49203e-27	1.0
8200	1	1.06756	1.3279	0.00803696	0.00442984	0.727598
8200	2	2.23657	1.44081	4.44178e-29	2.63003e-28	1.0
8200	3	1.87	2.48924	4.64364e-28	9.67322e-28	-1.0
8200	4	2.35227	2.79937	2.01381e-27	2.05388e-27	-1.0
8200	5	1.48406	2.19951	3.90926e-28	1.89714e-28	-1.0
8200	6	2.6089	1.31133	0.00200513	0.00348777	0.994591
8200	7	3.33357	2.38878	3.59785e-27	3.33627e-29	-1.0
8200	8	1.94662	1.20889	1.33451e-28	4.93532e-32	-1.0
8200	9	3.14419	3.41293	0.00942628	0.00669861	0.959374
8200	10	2.5672	3.02501	1.63477e-27	3.49203e-27	1.0
8300	1	1.09463	1.33149	0.0106303	0.00434866	0.62423
8300	2	2.23657	1.44081	4.44178e-29	2.63003e-28	1.0
8300	3	1.88703	2.53681	0.000610632	0.00476352	1.0
8300	4	2.35227	2.79937	2.01381e-27	2.05388e-27	-1.0
8300	5	1.48406	2.19951	3.90926e-28	1.89714e-28	-1.0
8300	6	2.6994	1.29556	0.00347355	0.00293564	0.706016
8300	7	3.33357	2.38878	3.59785e-27	3.33627e-29	-1.0
8300	8	1.94662	1.20889	1.33451e-28	4.93532e-32	-1.0
8300	9	3.16214	3.41911	0.00636197	0.00590785	1.0
8300	10	2.5672	3.02501	1.63477e-27	3.49203e-27	1.0
8400	1	1.09144	1.34297	0.00991163	0.00465701	0.699924
8400	2	2.23657	1.44081	4.44178e-29	2.63003e-28	1.0
8400	3	1.96108	2.74363	1.21651e-27	1.78165e-27	1.0
8400	4	2.35227	2.79937	2.01381e-27	2.05388e-27	-1.0
8400	5	1.48406	2.19951	3.90926e-28	1.89714e-28	-1.0
8400	6	2.73982	1.30824	0.0019304	0.00333965	1.0
8400	7	3.79545	2.86824	4.03689e-27	1.20106e-27	1.0
8400	8	1.94662	1.20889	1.33451e-28	4.93532e-32	-1.0
8400	9	3.17157	3.4282	0.00667452	0.00619809	1.0
8400	10	2.5672	3.02501	1.63477e-27	3.49203e-27	1.0
8500	1	1.16375	1.30601	0.0075495	0.00508309	0.825149
8500	2	2.23657	1.44081	4.44178e-29	2.63003e-28	1.0
8500	3	1.96108	2.89936	1.21651e-27	0.0175829	3.97013e-14
8500	4	2.35227	2.79937	2.01381e-27	2.05388e-27	-1.0
8500	5	1.48472	2.19999	1.92945e-05	1.0099e-05	1.0
8500	6	2.72408	1.28753	0.00148343	0.00256637	1.0
8500	7	3.79545	2.86824	4.03689e-27	1.20106e-27	1.0
8500	8	1.94662	1.20889	1.33451e-28	4.93532e-32	-1.0
8500	9	3.14364	3.39299	0.00610203	0.00587732	0.946551
8500	10	2.5672	3.02551	1.63477e-27	6.2055e-05	7.48881e-12
8600	1	1.6691	1.58428	0.0046249	0.00473571	1.0
8600	2	2.23657	1.44081	4.44178e-29	2.63003e-28	1.0
8600	3	1.96108	3.11934	1.21651e-27	4.92821e-27	-1.0
8600	4	2.35227	2.79937	2.01381e-27	2.05388e-27	-1.0
8600	5	1.54371	2.24267	8.02681e-06	4.20135e-06	1.0
8600	6	2.73942	1.48184	0.00191014	0.0033046	1.0
8600	7	3.79545	2.86824	4.03689e-27	1.20106e-27	1.0
8600	8	1.94662	1.20889	1.33451e-28	4.93532e-32	-1.0
8600	9	3.20231	3.32974	0.00648415	0.00712002	0.834768
8600	10	2.89281	3.65521	0.00106541	0.000208006	1.0
8700	1	1.66545	1.58059	0.00465467	0.0047662	1.0
8700	2	2.23657	1.44081	4.44178e-29	2.63003e-28	1.0
8700	3	1.96108	3.11934	1.21651e-27	4.92821e-27	-1.0
8700	4	2.35227	2.79937	2.01381e-27	2.05388e-27	-1.0
8700	5	1.54392	2.24282	1.54772e-28	3.48236e-28	1.0
8700	6	2.7425	1.4859	0.00205722	0.00355905	1.0
8700	7	3.82412	2.84778	8.20474e-05	3.76906e-06	1.0
8700	8	1.94662	1.20889	1.33451e-28	4.93532e-32	-1.0
8700	9	3.21654	3.31267	0.00674138	0.00634054	0.97564
8700	10	2.85979	3.64062	4.1506e-27	8.59929e-28	1.0
8800	1	1.64492	1.55981	0.00408306	0.00418088	1.0
8800	2	2.23657	1.44081	4.44178e-29	2.63003e-28	1.0
8800	3	1.96108	3.11934	1.21651e-27	4.92821e-27	-1.0
8800	4	2.35227	2.79937	2.01381e-27	2.05388e-27	-1.0
8800	5	1.54392	2.24282	1.54772e-28	3.48236e-28	1.0
8800	6	2.75188	1.49823	0.00208255	0.00360286	1.0
8800	7	4.17786	3.03342	8.08602e-28	0.00159557	4.70289e-13
8800	8	1.94662	1.20889	1.33451e-28	4.93532e-32	-1.0
8800	9	3.21268	3.30527	0.00625246	0.00580616	1.0
8800	10	2.85979	3.64062	4.1506e-27	8.59929e-28	1.0
8900	1	1.66121	1.6156	0.00446963	0.00646879	0.845539
8900	2	2.23657	1.44149	4.44178e-29	5.11797e-05	2.24222e-12
8900	3	1.96108	3.11934	1.21651e-27	4.92821e-27	-1.0
8900	4	2.35227	2.79937	2.01381e-27	2.05388e-27	-1.0
8900	5	1.54392	2.24282	1.54772e-28	3.48236e-28	1.0
8900	6	2.75405	1.50131	0.00213767	0.003675	0.997784
8900	7	4.17786	3.05059	8.08602e-28	1.33451e-28	1.0
8900	8	1.94662	1.20889	1.33451e-28	4.93532e-32	-1.0
8900	9	3.3806	3.30676	0.00203934	0.00701794	0.503513
8900	10	2.85979	3.85785	4.1506e-27	0.00940814	-7.32674e-13
9000	1	1.67503	1.83308	0.00480085	0.00491587	1.0
9000	2	2.23657	1.59224	4.44178e-29	1.38633e-28	1.0
9000	3	1.96108	3.11934	1.21651e-27	4.92821e-27	-1.0
9000	4	2.35227	2.79937	2.01381e-27	2.05388e-27	-1.0
9000	5	1.54392	2.24282	1.54772e-28	3.48236e-28	1.0
9000	6	2.62047	1.47341	0.00172183	0.00299994	0.998007
9000	7	4.17786	3.05059	8.08602e-28	1.33451e-28	1.0
9000	8	1.94662	1.20889	1.33451e-28	4.93532e-32	-1.0
9000	9	3.39735	3.2406	4.44178e-27	6.87193e-28	-1.0
9000	10	2.85979	3.94658	4.1506e-27	9.1254e-27	-1.0
9100	1	1.64729	1.80501	0.00395275	0.00404746	1.0
9100	2	2.23657	1.59224	4.44178e-29	1.38633e-28	1.0
9100	3	1.96108	3.11934	1.21651e-27	4.92821e-27	-1.0
9100	4	2.35227	2.76505	2.01381e-27	2.38355e-05	-6.98289e-12
9100	5	1.54392	2.24282	1.54772e-28	3.48236e-28	1.0
9100	6	2.63473	1.71073	0.00202902	0.00351026	1.0
9100	7	4.17786	3.05059	8.08602e-28	1.33451e-28	1.0
9100	8	1.94662	1.20889	1.33451e-28	4.93532e-32	-1.0
9100	9	3.39735	3.2406	4.44178e-27	6.87193e-28	-1.0
9100	10	2.85979	4.10948	4.1506e-27	0.00160771	3.65102e-13
9200	1	1.64551	1.80712	0.00393937	0.00447209	0.945232
9200	2	2.23657	1.59224	4.44178e-29	1.38633e-28	1.0
9200	3	1.96108	3.11934	1.21651e-27	4.92821e-27	-1.0
9200	4	2.35227	2.7636	2.01381e-27	1.70742e-27	-1.0
9200	5	1.54392	2.24282	1.54772e-28	3.48236e-28	1.0
9200	6	2.61484	1.68457	0.00160047	0.00276886	1.0
9200	7	4.17786	3.05059	8.08602e-28	1.33451e-28	1.0
9200	8	1.94662	1.20889	1.33451e-28	4.93532e-32	-1.0
9200	9	3.39735	3.2406	4.44178e-27	6.87193e-28	-1.0
9200	10	2.85979	4.19196	4.1506e-27	1.1371e-28	1.0
9300	1	1.64235	2.03698	0.00393032	0.00402449	1.0
9300	2	2.23657	1.59224	4.44178e-29	1.38633e-28	1.0
9300	3	1.96108	3.11934	1.21651e-27	4.92821e-27	-1.0
9300	4	2.35227	2.7636	2.01381e-27	1.70742e-27	-1.0
9300	5	1.54392	2.24282	1.54772e-28	3.48236e-28	1.0
9300	6	2.62355	1.69602	0.00174731	0.0030229	1.0
9300	7	4.17786	3.05059	8.08602e-28	1.33451e-28	1.0
9300	8	1.94662	1.37055	1.33451e-28	3.08013e-28	1.0
9300	9	3.39735	3.22063	4.44178e-27	2.93829e-27	-1.0
9300	10	2.85979	4.19196	4.1506e-27	1.1371e-28	1.0
9400	1	1.64976	2.04447	0.00404321	0.00414009	1.0
9400	2	2.42926	1.74192	0.000427185	0.000257746	1.0
9400	3	1.96108	3.11934	1.21651e-27	4.92821e-27	-1.0
9400	4	2.35227	2.76485	2.01381e-27	1.94813e-09	1.08049e-09
9400	5	1.54392	2.24282	1.54772e-28	3.48236e-28	1.0
9400	6	2.61832	1.68915	0.0015894	0.00274971	1.0
9400	7	4.17786	3.05059	8.08602e-28	1.33451e-28	1.0
9400	8	1.94662	1.37055	1.33451e-28	3.08013e-28	1.0
9400	9	3.39735	3.22063	4.44178e-27	2.93829e-27	-1.0
9400	10	2.85979	4.19196	4.1506e-27	1.1371e-28	1.0
9500	1	1.66111	2.28226	0.00445446	0.00456119	1.0
9500	2	2.43397	1.74544	9.00176e-06	1.93484e-27	-2.15687e-11
9500	3	2.18715	3.54902	8.08602e-28	0.000275957	4.56753e-12
9500	4	2.35227	2.76485	2.01381e-27	2.30262e-27	1.0
9500	5	1.54392	2.24282	1.54772e-28	3.48236e-28	1.0
9500	6	2.62603	1.69928	0.00186161	0.00322063	1.0
9500	7	4.17786	3.05059	8.08602e-28	1.33451e-28	1.0
9500	8	1.94662	1.37055	1.33451e-28	3.08013e-28	1.0
9500	9	3.39735	3.22063	4.44178e-27	2.93829e-27	-1.0
9500	10	3.41261	4.19196	1.46006e-27	1.1371e-28	1.0
9600	1	1.64654	2.26769	0.0040629	0.00416488	0.999737
9600	2	2.47774	1.74777	0.000327274	0.000449646	1.0
9600	3	2.16306	3.52831	5.80722e-07	0.000213846	-0.00262681
9600	4	2.35233	2.91968	4.28957e-06	5.28189e-06	1.0
9600	5	1.54392	2.24282	1.54772e-28	3.48236e-28	1.0
9600	6	2.61745	1.688	0.00165956	0.00287109	1.0
9600	7	4.53859	3.50467	2.47634e-27	4.50121e-27	1.0
9600	8	2.38988	1.37055	1.23383e-28	3.08013e-28	1.0
9600	9	3.54049	3.22063	8.20403e-05	2.93829e-27	-8.76698e-12
9600	10	3.41261	4.19196	1.46006e-27	1.1371e-28	1.0
9700	1	1.7102	2.35808	0.00450194	0.0046098	1.0
9700	2	2.80787	2.13473	1.1371e-28	5.33804e-28	1.0
9700	3	2.16301	3.52771	3.1586e-28	3.28514e-27	1.0
9700	4	2.48311	3.06483	2.04495e-05	1.65233e-05	1.0
9700	5	1.54392	2.24282	1.54772e-28	3.48236e-28	1.0
9700	6	2.61363	1.68298	0.00144561	0.00250095	1.0
9700	7	4.53859	3.50467	2.47634e-27	4.50121e-27	1.0
9700	8	2.38988	1.37055	1.23383e-28	3.08013e-28	1.0
9700	9	3.54165	3.22063	6.46744e-27	2.93829e-27	-1.0
9700	10	3.41261	4.19196	1.46006e-27	1.1371e-28	1.0
9800	1	1.71099	2.35888	0.00452925	0.00463777	1.0
9800	2	2.80787	2.13473	1.1371e-28	5.33804e-28	1.0
9800	3	2.16301	3.52771	3.1586e-28	3.28514e-27	1.0
9800	4	2.48326	3.25501	8.86185e-28	2.98666e-27	-1.0
9800	5	1.54392	2.24282	1.54772e-28	3.48236e-28	1.0
9800	6	2.56706	1.69805	0.00182029	0.00314916	1.0
9800	7	4.82908	3.50467	3.75953e-27	4.50121e-27	1.0
9800	8	2.38988	1.37055	1.23383e-28	3.08013e-28	1.0
9800	9	3.54165	3.22063	6.46744e-27	2.93829e-27	-1.0
9800	10	3.61751	4.45014	3.49203e-27	3.23441e-27	1.0
9900	1	1.70931	2.35718	0.00434049	0.00444449	1.0
9900	2	2.80787	2.13473	1.1371e-28	5.33804e-28	1.0
9900	3	2.16301	3.52329	3.1586e-28	0.000653672	2.20373e-12
9900	4	2.48326	3.25501	8.86185e-28	2.98666e-27	-1.0
9900	5	1.83876	2.51364	0.0045025	0.0037986	1.0
9900	6	2.56887	1.70043	0.002019	0.00349292	1.0
9900	7	4.82908	3.50467	3.75953e-27	4.50121e-27	1.0
9900	8	2.38988	1.37055	1.23383e-28	3.08013e-28	1.0
9900	9	3.6294	3.36891	3.85427e-06	1.1004e-05	1.0
9900	10	3.61727	4.44989	6.04709e-05	6.54865e-05	1.0
10000	1	1.75183	2.40591	0.00428124	0.00439625	0.999755
10000	2	2.80787	2.13473	1.1371e-28	5.33804e-28	1.0
10000	3	2.16301	3.52771	3.1586e-28	3.28514e-27	1.0
10000	4	2.48326	3.25501	8.86185e-28	2.98666e-27	-1.0
10000	5	1.87007	2.5424	4.54839e-28	3.00265e-28	1.0
10000	6	2.57289	1.70571	0.00198307	0.00343077	1.0
10000	7	5.08087	3.7962	0.00521656	0.00699348	1.0
10000	8	2.38988	1.37055	1.23383e-28	3.08013e-28	1.0
10000	9	3.71912	3.45318	0.00143466	0.00126388	1.0
10000	10	3.61751	4.45014	3.49203e-27	3.23441e-27	1.0
