100	1	0.143119	0.0	1.97413e-31	0.0	NAN
100	2	0.309416	0.0	2.28135e-29	0.0	NAN
100	3	0.0	0.0	0.0	0.0	NAN
100	4	0.0	0.0	0.0	0.0	NAN
100	5	0.0	0.0	0.0	0.0	NAN
100	6	0.0	0.0	0.0	0.0	NAN
100	7	0.110074	0.0	0.00724355	0.0	NAN
100	8	0.0	0.0	0.0	0.0	NAN
100	9	0.0	0.0	0.0	0.0	NAN
100	10	0.0	0.0	0.0	0.0	NAN
200	1	0.143039	0.0	6.43923e-06	0.0	NAN
200	2	0.31123	0.0	9.00826e-07	0.0	NAN
200	3	0.0	0.0	0.0	0.0	NAN
200	4	0.0	0.0	0.0	0.0	NAN
200	5	0.0654004	0.0	0.00298691	0.0	NAN
200	6	0.0	0.0	0.0	0.0	NAN
200	7	0.248754	0.0	1.23383e-30	0.0	NAN
200	8	0.000693681	-0.0267626	9.34843e-06	2.71105e-33	4.66757e-16
200	9	0.0	0.0	0.0	0.0	NAN
200	10	0.0	0.0	0.0	0.0	NAN
300	1	0.455227	0.0	4.87792e-06	0.0	NAN
300	2	0.312174	0.0	9.52205e-09	0.0	NAN
300	3	0.0	0.0	0.0	0.0	NAN
300	4	0.0	0.0	0.0	0.0	NAN
300	5	0.155901	0.0	2.2286e-31	0.0	NAN
300	6	0.0	0.0	0.0	0.0	NAN
300	7	0.248754	0.0	1.23383e-30	0.0	NAN
300	8	0.0283135	-0.0267626	1.32841e-31	2.71105e-33	1.0
300	9	0.0	0.0	0.0	0.0	NAN
300	10	-0.0374268	0.0	0.00022188	0.0	NAN
400	1	0.455528	0.0	5.9597e-29	0.0	NAN
400	2	0.312181	0.0	6.75645e-29	0.0	NAN
400	3	0.0	0.0	0.0	0.0	NAN
400	4	0.0	0.0	0.0	0.0	NAN
400	5	0.155901	0.0	2.2286e-31	0.0	NAN
400	6	0.0	8.01569e-05	0.0	6.42513e-06	NAN
400	7	0.386243	0.00159546	2.08517e-30	8.53155e-05	-1.5171e-16
400	8	0.0283135	-0.0267626	1.32841e-31	2.71105e-33	1.0
400	9	0.0	0.0	0.0	0.0	NAN
400	10	-0.0492458	0.0	3.73233e-31	0.0	NAN
500	1	0.455528	0.0	5.9597e-29	0.0	NAN
500	2	0.312181	0.0	6.75645e-29	0.0	NAN
500	3	0.0	0.0	0.0	0.0	NAN
500	4	0.0	0.0	0.0	0.0	NAN
500	5	0.155901	0.0503887	2.2286e-31	1.06196e-05	-1.06959e-14
500	6	0.0	0.126167	0.0	0.00220297	NAN
500	7	0.386243	0.110032	2.08517e-30	6.26361e-31	1.0
500	8	0.0283135	-0.0267626	1.32841e-31	2.71105e-33	1.0
500	9	0.0	0.0	0.0	0.0	NAN
500	10	-0.0492458	0.0	3.73233e-31	0.0	NAN
600	1	0.455528	0.0	5.9597e-29	0.0	NAN
600	2	0.312181	0.0	6.75645e-29	0.0	NAN
600	3	0.0	0.0	0.0	0.0	NAN
600	4	0.0	0.0	0.0	0.0	NAN
600	5	0.155901	0.0515252	2.2286e-31	3.01228e-32	-1.0
600	6	0.0	0.160314	0.0	1.56156e-30	NAN
600	7	0.386243	0.110032	2.08517e-30	6.26361e-31	1.0
600	8	0.0283135	-0.0267626	1.32841e-31	2.71105e-33	1.0
600	9	0.0	-0.209176	0.0	0.00282537	NAN
600	10	-0.0492458	0.0	3.73233e-31	0.0	NAN
700	1	0.455528	-0.0639104	5.9597e-29	7.17356e-31	-1.0
700	2	0.312181	0.0	6.75645e-29	0.0	NAN
700	3	0.228551	0.0	3.92156e-05	0.0	NAN
700	4	0.0168919	0.0	0.0017243	0.0	NAN
700	5	0.155901	0.0515252	2.2286e-31	3.01228e-32	-1.0
700	6	0.245555	0.160314	1.22427e-29	1.56156e-30	-1.0
700	7	0.386243	0.110032	2.08517e-30	6.26361e-31	1.0
700	8	0.0283135	-0.0267626	1.32841e-31	2.71105e-33	1.0
700	9	0.0	-0.235161	0.0	4.45412e-30	NAN
700	10	-0.0492458	-0.182158	3.73233e-31	1.12903e-29	1.0
800	1	0.455528	-0.0639104	5.9597e-29	7.17356e-31	-1.0
800	2	0.312181	0.0	6.75645e-29	0.0	NAN
800	3	0.228894	0.0	5.05947e-30	0.0	NAN
800	4	0.231396	0.0	1.46856e-29	0.0	NAN
800	5	0.155901	0.0515252	2.2286e-31	3.01228e-32	-1.0
800	6	0.245555	0.160314	1.22427e-29	1.56156e-30	-1.0
800	7	0.69909	0.110032	2.87664e-06	6.26361e-31	-4.31215e-12
800	8	0.340004	-0.0267626	0.00148471	2.71105e-33	1.52554e-13
800	9	0.0	-0.235161	0.0	4.45412e-30	NAN
800	10	0.226512	-0.182158	5.57151e-30	1.12903e-29	-1.0
900	1	0.455528	-0.0639104	5.9597e-29	7.17356e-31	-1.0
900	2	0.348539	0.000316713	0.000427902	7.62324e-06	-0.0261164
900	3	0.228894	0.0	5.05947e-30	0.0	NAN
900	4	0.262356	0.0	5.97173e-30	0.0	NAN
900	5	0.299071	0.0515295	5.12957e-06	1.91776e-08	0.001001
900	6	0.16974	0.160314	3.1586e-30	1.56156e-30	-1.0
900	7	0.699036	0.0777592	5.21293e-29	0.000106037	-4.18067e-14
900	8	0.349478	-0.0267626	4.51612e-29	2.71105e-33	1.0
900	9	0.0	-0.235161	0.0	4.45412e-30	NAN
900	10	0.226512	-0.182158	5.57151e-30	1.12903e-29	-1.0
1000	1	0.455528	-0.0639104	5.9597e-29	7.17356e-31	-1.0
1000	2	0.370965	0.048725	8.34068e-30	1.01984e-31	-1.0
1000	3	0.228894	-0.217611	5.05947e-30	0.00838536	-8.63787e-16
1000	4	0.262356	0.0	5.97173e-30	0.0	NAN
1000	5	0.299143	0.0515252	9.99401e-31	3.01228e-32	-1.0
1000	6	0.16974	0.160314	3.1586e-30	1.56156e-30	-1.0
1000	7	0.755121	0.0711913	8.91441e-29	2.36163e-31	-1.0
1000	8	0.349478	-0.0267626	4.51612e-29	2.71105e-33	1.0
1000	9	-0.0236719	-0.235161	2.38373e-06	4.45412e-30	3.7629e-15
1000	10	0.226512	-0.182158	5.57151e-30	1.12903e-29	-1.0
1100	1	0.455528	-0.0639104	5.9597e-29	7.17356e-31	-1.0
1100	2	0.370965	0.048725	8.34068e-30	1.01984e-31	-1.0
1100	3	0.776225	-0.297485	1.03765e-29	4.44178e-31	-1.0
1100	4	0.262356	0.0	5.97173e-30	0.0	NAN
1100	5	0.299143	0.0626126	9.99401e-31	0.00110355	-1.47205e-14
1100	6	0.16974	0.160314	3.1586e-30	1.56156e-30	-1.0
1100	7	0.755121	0.0711913	8.91441e-29	2.36163e-31	-1.0
1100	8	0.349478	-0.0110558	4.51612e-29	0.000485906	-1.45409e-15
1100	9	-0.00504487	-0.235161	0.00118496	4.45412e-30	2.88037e-16
1100	10	0.226512	-0.182158	5.57151e-30	1.12903e-29	-1.0
1200	1	0.455528	-0.0639104	5.9597e-29	7.17356e-31	-1.0
1200	2	0.370965	-0.112908	8.34068e-30	2.08517e-30	1.0
1200	3	0.776225	-0.297485	1.03765e-29	4.44178e-31	-1.0
1200	4	0.262356	0.0	5.97173e-30	0.0	NAN
1200	5	0.729065	0.261734	7.50662e-29	0.000200815	-2.92043e-13
1200	6	0.226388	0.160314	0.00540328	1.56156e-30	-9.57123e-15
1200	7	0.755121	0.0711913	8.91441e-29	2.36163e-31	-1.0
1200	8	0.349478	0.202911	4.51612e-29	0.00837804	-1.80126e-15
1200	9	0.126614	-0.234761	5.66722e-05	8.00545e-05	0.00449917
1200	10	0.226512	-0.182158	5.57151e-30	1.12903e-29	-1.0
1300	1	0.455528	-0.0639104	5.9597e-29	7.17356e-31	-1.0
1300	2	0.370965	-0.112908	8.34068e-30	2.08517e-30	1.0
1300	3	0.776225	-0.297485	1.03765e-29	4.44178e-31	-1.0
1300	4	0.262356	0.0	5.97173e-30	0.0	NAN
1300	5	0.729065	0.379068	7.50662e-29	4.89707e-29	1.0
1300	6	0.410284	0.000989267	3.27242e-29	0.000205502	1.16115e-15
1300	7	0.755121	0.12665	8.91441e-29	1.29629e-30	-1.0
1300	8	0.349478	0.314611	4.51612e-29	1.23383e-32	-1.0
1300	9	0.12737	-0.238598	1.42584e-30	0.000147071	1.56285e-13
1300	10	0.226512	-0.182158	5.57151e-30	1.12903e-29	-1.0
1400	1	0.455528	-0.0639104	5.9597e-29	7.17356e-31	-1.0
1400	2	0.808048	-0.112908	4.00871e-29	2.08517e-30	1.0
1400	3	0.776225	-0.297485	1.03765e-29	4.44178e-31	-1.0
1400	4	0.262462	-0.0520217	1.11868e-05	0.00515845	0.0229277
1400	5	0.729065	0.379068	7.50662e-29	4.89707e-29	1.0
1400	6	0.410284	-0.00102985	3.27242e-29	3.32104e-34	1.0
1400	7	0.770512	-0.125851	0.000137873	8.14152e-05	-0.0500005
1400	8	0.349478	0.314611	4.51612e-29	1.23383e-32	-1.0
1400	9	0.12737	-0.321086	1.42584e-30	4.1506e-29	-1.0
1400	10	0.226512	-0.182158	5.57151e-30	1.12903e-29	-1.0
1500	1	0.455528	-0.0639104	5.9597e-29	7.17356e-31	-1.0
1500	2	0.808048	-0.112908	4.00871e-29	2.08517e-30	1.0
1500	3	0.776225	-0.297485	1.03765e-29	4.44178e-31	-1.0
1500	4	0.262356	-0.25946	5.97173e-30	2.12496e-29	-1.0
1500	5	0.729065	0.379068	7.50662e-29	4.89707e-29	1.0
1500	6	0.410284	-0.00102985	3.27242e-29	3.32104e-34	1.0
1500	7	0.789058	-0.136667	1.33451e-28	1.51144e-31	1.0
1500	8	0.349478	0.485867	4.51612e-29	8.07319e-05	2.38785e-13
1500	9	0.416342	-0.321086	4.44178e-29	4.1506e-29	1.0
1500	10	0.226512	-0.182158	5.57151e-30	1.12903e-29	-1.0
1600	1	0.455528	-0.0634803	5.9597e-29	4.61049e-05	-1.21688e-13
1600	2	0.808048	-0.351446	4.00871e-29	2.77612e-32	-1.0
1600	3	0.776225	-0.297485	1.03765e-29	4.44178e-31	-1.0
1600	4	0.262356	-0.25946	5.97173e-30	2.12496e-29	-1.0
1600	5	0.729065	0.379068	7.50662e-29	4.89707e-29	1.0
1600	6	0.410284	-0.00102985	3.27242e-29	3.32104e-34	1.0
1600	7	0.789058	-0.136667	1.33451e-28	1.51144e-31	1.0
1600	8	0.518682	0.486814	0.000114627	4.69163e-30	-7.71172e-13
1600	9	0.416342	-0.321086	4.44178e-29	4.1506e-29	1.0
1600	10	0.226475	-0.182158	4.70566e-07	1.12903e-29	-3.42404e-12
1700	1	0.458434	-0.0639104	0.000483515	7.17356e-31	-3.44612e-13
1700	2	0.808048	-0.351446	4.00871e-29	2.77612e-32	-1.0
1700	3	0.776225	-0.297485	1.03765e-29	4.44178e-31	-1.0
1700	4	0.262356	-0.25946	5.97173e-30	2.12496e-29	-1.0
1700	5	0.729065	0.379068	7.50662e-29	4.89707e-29	1.0
1700	6	0.80145	-0.00102985	8.29627e-29	3.32104e-34	-1.0
1700	7	0.789058	-0.136667	1.33451e-28	1.51144e-31	1.0
1700	8	0.520046	0.486814	6.57507e-29	4.69163e-30	-1.0
1700	9	0.416342	-0.321086	4.44178e-29	4.1506e-29	1.0
1700	10	0.226512	-0.182158	5.57151e-30	1.12903e-29	-1.0
1800	1	0.620443	-0.0639104	0.0121802	7.17356e-31	-3.73253e-14
1800	2	0.858331	-0.351446	0.00349067	2.77612e-32	-1.74692e-13
1800	3	0.776225	-0.44896	1.03765e-29	0.00236888	-4.68757e-14
1800	4	0.408075	-0.25946	0.0261592	2.12496e-29	4.22777e-14
1800	5	0.828705	0.379068	2.4183e-28	4.89707e-29	1.0
1800	6	0.987492	-0.00102985	9.33885e-29	3.32104e-34	1.0
1800	7	0.789058	-0.136667	1.33451e-28	1.51144e-31	1.0
1800	8	0.520046	0.486814	6.57507e-29	4.69163e-30	-1.0
1800	9	0.416342	-0.571893	4.44178e-29	3.08457e-31	-1.0
1800	10	0.226512	-0.182158	5.57151e-30	1.12903e-29	-1.0
1900	1	0.619066	-0.0543788	0.0109695	0.000182835	-0.0170128
1900	2	1.31888	-0.351446	1.66024e-28	2.77612e-32	-1.0
1900	3	0.776225	-0.47835	1.03765e-29	3.8005e-29	-1.0
1900	4	0.411336	-0.25946	0.025764	2.12496e-29	4.50006e-14
1900	5	0.828705	0.267748	2.4183e-28	0.0025795	-7.1954e-15
1900	6	0.987492	0.245391	9.33885e-29	9.11755e-05	2.75227e-13
1900	7	0.789058	-0.136667	1.33451e-28	1.51144e-31	1.0
1900	8	0.520043	0.486814	7.11198e-09	4.69163e-30	-9.49632e-11
1900	9	0.678935	-0.571893	1.3603e-28	3.08457e-31	-1.0
1900	10	0.226512	-0.182158	5.57151e-30	1.12903e-29	-1.0
2000	1	0.630081	-0.0139757	0.0120678	2.49595e-06	0.0345242
2000	2	1.31888	-0.351446	1.66024e-28	2.77612e-32	-1.0
2000	3	0.776225	-0.47835	1.03765e-29	3.8005e-29	-1.0
2000	4	0.514601	-0.25946	0.0253522	2.12496e-29	2.97909e-14
2000	5	0.7847	0.221836	4.74284e-29	1.73507e-31	1.0
2000	6	1.14631	0.246133	4.93532e-28	7.10686e-30	1.0
2000	7	0.789058	-0.136667	1.33451e-28	1.51144e-31	1.0
2000	8	0.520046	0.486814	6.57507e-29	4.69163e-30	-1.0
2000	9	0.678935	-0.571893	1.3603e-28	3.08457e-31	-1.0
2000	10	0.226512	-0.182158	5.57151e-30	1.12903e-29	-1.0
2100	1	0.89089	-0.0828235	0.0111289	4.62879e-31	-5.9668e-14
2100	2	1.31888	-0.351446	1.66024e-28	2.77612e-32	-1.0
2100	3	0.936549	-0.47835	3.73233e-29	3.8005e-29	1.0
2100	4	0.505571	-0.25946	0.025455	2.12496e-29	2.76624e-14
2100	5	0.7847	0.221836	4.74284e-29	1.73507e-31	1.0
2100	6	1.14631	0.240999	4.93532e-28	0.000338979	1.26277e-13
2100	7	0.787737	-0.136667	6.24122e-06	1.51144e-31	4.82141e-12
2100	8	0.520046	0.534596	6.57507e-29	1.16091e-28	1.0
2100	9	0.678935	-0.571893	1.3603e-28	3.08457e-31	-1.0
2100	10	0.226512	-0.182158	5.57151e-30	1.12903e-29	-1.0
2200	1	1.45407	-0.0828235	0.00842441	4.62879e-31	-8.84069e-15
2200	2	1.31888	-0.351446	1.66024e-28	2.77612e-32	-1.0
2200	3	0.936549	-0.47835	3.73233e-29	3.8005e-29	1.0
2200	4	0.500555	-0.25946	0.0259033	2.12496e-29	2.67366e-14
2200	5	0.7847	0.221836	4.74284e-29	1.73507e-31	1.0
2200	6	1.14631	0.111042	4.93532e-28	2.86942e-30	1.0
2200	7	0.779086	-0.136667	1.3603e-28	1.51144e-31	-1.0
2200	8	0.520046	0.534596	6.57507e-29	1.16091e-28	1.0
2200	9	0.678935	-0.629078	1.3603e-28	0.00032188	-6.3896e-13
2200	10	0.226512	-0.182158	5.57151e-30	1.12903e-29	-1.0
2300	1	1.43908	-0.0828235	0.00684991	4.62879e-31	2.26549e-14
2300	2	1.36925	-0.351446	2.53936e-06	2.77612e-32	-7.23652e-12
2300	3	0.936549	-0.47835	3.73233e-29	3.8005e-29	1.0
2300	4	0.499552	-0.25946	0.0255588	2.12496e-29	2.81371e-14
2300	5	0.812843	0.221386	4.59108e-29	2.0043e-05	9.59484e-14
2300	6	1.14631	0.111042	4.93532e-28	2.86942e-30	1.0
2300	7	0.779086	-0.136667	1.3603e-28	1.51144e-31	-1.0
2300	8	0.585545	0.535265	0.00509653	3.68789e-05	-0.0165788
2300	9	0.678935	-0.640956	1.3603e-28	2.63003e-28	-1.0
2300	10	0.226512	-0.182158	5.57151e-30	1.12903e-29	-1.0
2400	1	1.42156	-0.0828235	0.00480296	4.62879e-31	8.54827e-14
2400	2	1.36935	-0.351446	1.33451e-28	2.77612e-32	-1.0
2400	3	0.936549	-0.47835	3.73233e-29	3.8005e-29	1.0
2400	4	0.510838	-0.25946	0.0272095	2.12496e-29	2.72085e-14
2400	5	0.812843	0.132386	4.59108e-29	2.2025e-05	7.2962e-13
2400	6	1.14631	0.111042	4.93532e-28	2.86942e-30	1.0
2400	7	0.779086	-0.136667	1.3603e-28	1.51144e-31	-1.0
2400	8	0.635163	0.645862	0.00584112	1.23925e-05	-0.0407991
2400	9	0.678935	-0.640956	1.3603e-28	2.63003e-28	-1.0
2400	10	0.226512	-0.182158	5.57151e-30	1.12903e-29	-1.0
2500	1	1.69568	-0.0828235	0.00175871	4.62879e-31	-3.80201e-13
2500	2	1.36935	-0.351446	1.33451e-28	2.77612e-32	-1.0
2500	3	1.10031	-0.47835	0.000645304	3.8005e-29	4.82392e-13
2500	4	0.50071	-0.25946	0.0257767	2.12496e-29	2.78129e-14
2500	5	0.812843	0.131891	4.59108e-29	1.18571e-29	1.0
2500	6	1.14631	0.111042	4.93532e-28	2.86942e-30	1.0
2500	7	0.779086	-0.136667	1.3603e-28	1.51144e-31	-1.0
2500	8	0.640311	0.353829	0.00600921	0.00141211	-0.012909
2500	9	0.678935	-1.0518	1.3603e-28	0.00067581	3.49118e-15
2500	10	0.226512	-0.182158	5.57151e-30	1.12903e-29	-1.0
2600	1	1.6839	-0.0828235	3.90926e-28	4.62879e-31	-1.0
2600	2	1.36935	-0.351446	1.33451e-28	2.77612e-32	-1.0
2600	3	1.10836	-0.47835	1.95883e-28	3.8005e-29	1.0
2600	4	0.899206	-0.25946	0.0250152	2.12496e-29	7.79252e-14
2600	5	0.812843	0.131891	4.59108e-29	1.18571e-29	1.0
2600	6	1.14631	0.433435	4.93532e-28	1.55493e-29	1.0
2600	7	0.778881	-0.136667	1.04642e-05	1.51144e-31	-3.62966e-12
2600	8	0.642939	0.344168	0.00613795	2.17647e-29	1.65605e-14
2600	9	0.678935	-1.05512	1.3603e-28	4.93532e-32	-1.0
2600	10	0.226512	-0.172031	5.57151e-30	0.000602388	-1.09886e-13
2700	1	1.6839	-0.0828235	3.90926e-28	4.62879e-31	-1.0
2700	2	1.36935	-0.351377	1.33451e-28	1.60414e-06	-9.52874e-14
2700	3	1.10836	-0.47835	1.95883e-28	3.8005e-29	1.0
2700	4	0.90071	-0.25946	0.0244888	2.12496e-29	7.97199e-14
2700	5	0.812843	0.131891	4.59108e-29	1.18571e-29	1.0
2700	6	1.14631	0.433435	4.93532e-28	1.55493e-29	1.0
2700	7	0.779086	-0.136667	1.3603e-28	1.51144e-31	-1.0
2700	8	0.944007	0.344168	0.00593277	2.17647e-29	-1.64423e-13
2700	9	0.781989	-1.05457	1.23383e-28	0.000148472	2.73079e-14
2700	10	0.226512	-0.0514864	5.57151e-30	1.62133e-31	-1.0
2800	1	1.6839	-0.0828235	3.90926e-28	4.62879e-31	-1.0
2800	2	1.36935	-0.313855	1.33451e-28	0.000162304	1.596e-14
2800	3	1.29017	-0.47835	5.33804e-28	3.8005e-29	1.0
2800	4	0.876884	-0.25946	0.0212928	2.12496e-29	8.52658e-14
2800	5	0.812843	0.131891	4.59108e-29	1.18571e-29	1.0
2800	6	1.3437	0.433435	4.08694e-28	1.55493e-29	-1.0
2800	7	0.779086	-0.136667	1.3603e-28	1.51144e-31	-1.0
2800	8	0.908855	0.344168	0.00579041	2.17647e-29	2.99655e-14
2800	9	0.85443	-0.509917	0.00287239	2.28135e-29	1.91943e-14
2800	10	0.226512	-0.0514864	5.57151e-30	1.62133e-31	-1.0
2900	1	1.6839	-0.0828235	3.90926e-28	4.62879e-31	-1.0
2900	2	1.36935	-0.305152	1.33451e-28	3.56577e-30	-1.0
2900	3	1.29017	-0.47835	5.33804e-28	3.8005e-29	1.0
2900	4	0.899707	-0.278172	0.02526	0.00184307	-0.0182841
2900	5	0.829269	0.131805	0.0005833	7.40564e-06	0.0215276
2900	6	1.3437	0.433435	4.08694e-28	1.55493e-29	-1.0
2900	7	0.779086	-0.136667	1.3603e-28	1.51144e-31	-1.0
2900	8	0.899216	0.344168	0.00520303	2.17647e-29	3.83303e-14
2900	9	0.92527	-0.571189	0.00065398	4.00871e-29	-4.78569e-13
2900	10	0.226512	-0.0516371	5.57151e-30	2.26944e-05	-8.49312e-14
3000	1	1.6839	-0.0828235	3.90926e-28	4.62879e-31	-1.0
3000	2	1.43618	-0.305152	0.00416045	3.56577e-30	-6.36568e-15
3000	3	1.29017	-0.47835	5.33804e-28	3.8005e-29	1.0
3000	4	0.895193	-0.478318	0.0224088	3.08457e-29	8.37238e-14
3000	5	0.900678	0.125024	5.87426e-29	6.26862e-05	2.87757e-13
3000	6	1.3437	0.433435	4.08694e-28	1.55493e-29	-1.0
3000	7	0.779086	-0.136667	1.3603e-28	1.51144e-31	-1.0
3000	8	0.904583	0.344168	0.00529294	2.17647e-29	3.86378e-14
3000	9	0.934497	-0.571189	2.59413e-28	4.00871e-29	-1.0
3000	10	0.226512	-0.0514864	5.57151e-30	1.62133e-31	-1.0
3100	1	1.6839	-0.0828235	3.90926e-28	4.62879e-31	-1.0
3100	2	1.5584	-0.305152	1.29522e-27	3.56577e-30	1.0
3100	3	1.29001	-0.690257	2.65593e-05	9.33885e-29	-4.50682e-12
3100	4	1.31788	-0.478318	0.0179007	3.08457e-29	-1.16575e-13
3100	5	0.900678	0.116299	5.87426e-29	5.12213e-30	1.0
3100	6	1.3437	0.433435	4.08694e-28	1.55493e-29	-1.0
3100	7	0.779086	-0.136667	1.3603e-28	1.51144e-31	-1.0
3100	8	0.916412	0.344168	0.00582911	2.17647e-29	4.04109e-14
3100	9	0.934497	-0.571189	2.59413e-28	4.00871e-29	-1.0
3100	10	0.226512	-0.0514864	5.57151e-30	1.62133e-31	-1.0
3200	1	1.6839	-0.0828235	3.90926e-28	4.62879e-31	-1.0
3200	2	1.5584	-0.305152	1.29522e-27	3.56577e-30	1.0
3200	3	1.29017	-0.691361	5.33804e-28	0.000120941	-8.81903e-13
3200	4	1.31135	-0.478318	0.0174798	3.08457e-29	-1.15204e-13
3200	5	0.900678	0.116299	5.87426e-29	5.12213e-30	1.0
3200	6	1.3437	0.433435	4.08694e-28	1.55493e-29	-1.0
3200	7	0.779086	-0.136667	1.3603e-28	1.51144e-31	-1.0
3200	8	0.895382	0.344168	0.00530937	2.17647e-29	1.89958e-14
3200	9	0.934497	-0.571189	2.59413e-28	4.00871e-29	-1.0
3200	10	0.226512	-0.0514864	5.57151e-30	1.62133e-31	-1.0
3300	1	1.6839	-0.0828235	3.90926e-28	4.62879e-31	-1.0
3300	2	1.5584	-0.305152	1.29522e-27	3.56577e-30	1.0
3300	3	1.29017	-0.910869	5.33804e-28	3.65389e-05	-3.13879e-12
3300	4	1.59626	-0.478318	0.0113955	3.08457e-29	4.8416e-14
3300	5	1.00001	0.116299	2.46897e-06	5.12213e-30	1.22616e-11
3300	6	1.69898	0.433435	1.89595e-27	1.55493e-29	-1.0
3300	7	0.779086	-0.136667	1.3603e-28	1.51144e-31	-1.0
3300	8	0.908964	0.344168	0.00549661	2.17647e-29	3.83052e-14
3300	9	0.934497	-0.571189	2.59413e-28	4.00871e-29	-1.0
3300	10	0.226512	-0.0514864	5.57151e-30	1.62133e-31	-1.0
3400	1	1.6839	-0.0826484	3.90926e-28	3.06653e-05	-1.24174e-13
3400	2	1.5584	-0.305152	1.29522e-27	3.56577e-30	1.0
3400	3	1.29017	-0.911201	5.33804e-28	3.60784e-28	-1.0
3400	4	1.5836	-0.478318	0.00912307	3.08457e-29	5.61306e-14
3400	5	1.00006	0.116299	3.73554e-28	5.12213e-30	1.0
3400	6	1.69912	0.433435	3.77788e-06	1.55493e-29	-2.21823e-11
3400	7	1.02211	-0.136667	4.08694e-28	1.51144e-31	-1.0
3400	8	0.923093	0.347459	0.0059679	5.37377e-05	0.0482958
3400	9	0.934497	-0.571189	2.59413e-28	4.00871e-29	-1.0
3400	10	0.226512	-0.0514864	5.57151e-30	1.62133e-31	-1.0
3500	1	1.6839	-0.0828235	3.90926e-28	4.62879e-31	-1.0
3500	2	1.5584	-0.305152	1.29522e-27	3.56577e-30	1.0
3500	3	1.29017	-0.911201	5.33804e-28	3.60784e-28	-1.0
3500	4	1.58197	-0.478318	0.00869556	3.08457e-29	5.75992e-14
3500	5	1.00006	0.195226	3.73554e-28	4.98735e-05	-4.82628e-13
3500	6	1.75406	0.433435	3.48236e-28	1.55493e-29	1.0
3500	7	1.02211	-0.136667	4.08694e-28	1.51144e-31	-1.0
3500	8	0.913236	0.267576	0.00530813	0.000270472	-0.0468341
3500	9	1.30657	-0.571189	7.89651e-31	4.00871e-29	-1.0
3500	10	0.226512	-0.0514864	5.57151e-30	1.62133e-31	-1.0
3600	1	1.6839	-0.0828235	3.90926e-28	4.62879e-31	-1.0
3600	2	1.5584	-0.305152	1.29522e-27	3.56577e-30	1.0
3600	3	1.29017	-0.911201	5.33804e-28	3.60784e-28	-1.0
3600	4	1.59024	-0.478318	0.0103417	3.08457e-29	5.37569e-14
3600	5	1.00006	0.19651	3.73554e-28	1.20491e-29	-1.0
3600	6	1.75406	0.433435	3.48236e-28	1.55493e-29	1.0
3600	7	1.02211	-0.136667	4.08694e-28	1.51144e-31	-1.0
3600	8	0.91225	0.268956	0.00553408	1.82884e-29	5.23326e-14
3600	9	1.30657	-0.571189	7.89651e-31	4.00871e-29	-1.0
3600	10	0.226512	-0.0514864	5.57151e-30	1.62133e-31	-1.0
3700	1	1.6839	-0.0799023	3.90926e-28	0.000169421	-4.86203e-14
3700	2	1.5584	-0.305152	1.29522e-27	3.56577e-30	1.0
3700	3	1.29017	-0.911201	5.33804e-28	3.60784e-28	-1.0
3700	4	1.60203	-0.478318	0.0132242	3.08457e-29	4.47929e-14
3700	5	1.00006	0.19651	3.73554e-28	1.20491e-29	-1.0
3700	6	1.75406	0.570727	3.48236e-28	0.00830878	-2.64117e-14
3700	7	1.16132	-0.136638	4.1506e-29	2.12473e-07	8.236e-13
3700	8	1.0425	0.269335	0.00593239	1.78265e-05	0.000127769
3700	9	1.30657	-0.571189	7.89651e-31	4.00871e-29	-1.0
3700	10	0.226512	-0.166712	5.57151e-30	2.50544e-30	1.0
3800	1	1.6839	-0.132561	3.90926e-28	0.0039791	1.71104e-15
3800	2	1.5584	-0.239235	1.29522e-27	1.05562e-29	-1.0
3800	3	1.29017	-0.911201	5.33804e-28	3.60784e-28	-1.0
3800	4	1.60178	-0.478318	0.0126861	3.08457e-29	4.45661e-14
3800	5	1.00006	0.456822	3.73554e-28	5.08724e-05	-7.05717e-13
3800	6	1.75406	0.786609	3.48236e-28	3.78461e-05	-9.63818e-13
3800	7	1.16132	-0.122069	4.1506e-29	6.59809e-30	1.0
3800	8	1.01216	0.35053	0.0041937	0.000495791	-0.053251
3800	9	1.30657	-0.571189	7.89651e-31	4.00871e-29	-1.0
3800	10	0.226512	-0.166712	5.57151e-30	2.50544e-30	1.0
3900	1	1.98903	-0.17678	1.39294e-27	1.23383e-30	1.0
3900	2	1.55884	-0.239235	2.32718e-05	1.05562e-29	-7.43333e-12
3900	3	1.29017	-0.911201	5.33804e-28	3.60784e-28	-1.0
3900	4	1.71512	-0.470021	0.00523335	1.71247e-07	-0.0416762
3900	5	1.00006	0.43697	3.73554e-28	7.60851e-05	1.17638e-12
3900	6	1.75406	0.787442	3.48236e-28	4.00871e-29	-1.0
3900	7	1.16132	-0.121618	4.1506e-29	4.05311e-05	4.04276e-13
3900	8	1.04272	0.363699	0.00546404	8.49985e-29	3.33359e-14
3900	9	1.30657	-0.571189	7.89651e-31	4.00871e-29	-1.0
3900	10	0.226512	-0.166712	5.57151e-30	2.50544e-30	1.0
4000	1	1.98903	-0.17678	1.39294e-27	1.23383e-30	1.0
4000	2	1.66665	-0.239235	1.42631e-27	1.05562e-29	1.0
4000	3	1.49875	-0.911201	4.08694e-28	3.60784e-28	-1.0
4000	4	1.84822	-0.470034	0.00853445	7.1266e-29	-1.65566e-13
4000	5	1.00006	0.436691	3.73554e-28	4.74985e-10	-1.97894e-10
4000	6	1.75406	0.787442	3.48236e-28	4.00871e-29	-1.0
4000	7	1.16132	-0.284899	4.1506e-29	0.000126679	4.37934e-13
4000	8	1.02749	0.363699	0.0048931	8.49985e-29	2.62166e-14
4000	9	1.30657	-0.571189	7.89651e-31	4.00871e-29	-1.0
4000	10	0.645659	-0.158663	2.52306e-28	0.000211418	5.61581e-14
4100	1	1.98903	-0.17678	1.39294e-27	1.23383e-30	1.0
4100	2	1.89809	-0.239235	4.45412e-28	1.05562e-29	-1.0
4100	3	1.49875	-0.911201	4.08694e-28	3.60784e-28	-1.0
4100	4	1.83389	-0.470034	0.00253356	7.1266e-29	-4.39609e-13
4100	5	1.00019	0.436696	9.17438e-06	2.2286e-29	-6.30707e-12
4100	6	1.76921	0.787442	0.00131367	4.00871e-29	-3.29492e-13
4100	7	1.16132	-0.117194	4.1506e-29	2.37531e-30	-1.0
4100	8	1.02661	0.363699	0.00520207	8.49985e-29	2.81995e-14
4100	9	1.30657	-0.571189	7.89651e-31	4.00871e-29	-1.0
4100	10	0.876916	-0.1048	2.4183e-28	2.2286e-31	-1.0
4200	1	2.42369	-0.17678	3.1586e-30	1.23383e-30	-1.0
4200	2	1.89701	-0.239235	0.000115971	1.05562e-29	-1.96468e-12
4200	3	1.49875	-0.911201	4.08694e-28	3.60784e-28	-1.0
4200	4	1.84542	-0.470034	0.00530539	7.1266e-29	-3.0339e-13
4200	5	1.00006	0.436696	3.73554e-28	2.2286e-29	-1.0
4200	6	1.93663	0.787442	9.17438e-05	4.00871e-29	-1.92887e-12
4200	7	1.16132	-0.117194	4.1506e-29	2.37531e-30	-1.0
4200	8	1.03089	0.363699	0.00527853	8.49985e-29	2.11419e-14
4200	9	1.30657	-0.571189	7.89651e-31	4.00871e-29	-1.0
4200	10	1.12821	-0.1048	4.45412e-28	2.2286e-31	-1.0
4300	1	2.42369	-0.176848	3.1586e-30	4.63747e-06	-5.19082e-13
4300	2	2.29984	-0.239235	0.00555987	1.05562e-29	-1.82826e-13
4300	3	1.49875	-0.911201	4.08694e-28	3.60784e-28	-1.0
4300	4	1.83088	-0.470034	0.00183235	7.1266e-29	-5.1021e-13
4300	5	1.00006	0.436696	3.73554e-28	2.2286e-29	-1.0
4300	6	1.93764	0.787442	3.56577e-28	4.00871e-29	-1.0
4300	7	1.16132	-0.117194	4.1506e-29	2.37531e-30	-1.0
4300	8	1.02245	0.363699	0.00477527	8.49985e-29	1.71407e-14
4300	9	1.30657	-0.571189	7.89651e-31	4.00871e-29	-1.0
4300	10	1.12821	-0.147487	4.45412e-28	0.000472764	-7.79871e-14
4400	1	3.09208	-0.17678	1.78165e-27	1.23383e-30	1.0
4400	2	2.32834	-0.150158	7.83531e-28	3.97137e-06	7.96926e-13
4400	3	1.49875	-0.911201	4.08694e-28	3.60784e-28	-1.0
4400	4	1.82536	-0.470034	0.00049971	7.1266e-29	-9.76594e-13
4400	5	1.00006	0.436696	3.73554e-28	2.2286e-29	-1.0
4400	6	1.93764	0.787442	3.56577e-28	4.00871e-29	-1.0
4400	7	1.16132	-0.117194	4.1506e-29	2.37531e-30	-1.0
4400	8	1.16317	0.363699	0.00375388	8.49985e-29	1.72953e-14
4400	9	1.30657	-0.571189	7.89651e-31	4.00871e-29	-1.0
4400	10	1.12821	-0.169478	4.45412e-28	1.07374e-29	-1.0
4500	1	2.98991	-0.17678	2.61227e-05	1.23383e-30	-6.14816e-12
4500	2	2.32834	-0.150069	7.83531e-28	2.50544e-30	1.0
4500	3	1.49875	-0.911201	4.08694e-28	3.60784e-28	-1.0
4500	4	2.36242	-0.470034	1.26344e-29	7.1266e-29	1.0
4500	5	1.00006	0.436696	3.73554e-28	2.2286e-29	-1.0
4500	6	1.93764	0.787442	3.56577e-28	4.00871e-29	-1.0
4500	7	1.16132	-0.117194	4.1506e-29	2.37531e-30	-1.0
4500	8	1.15835	0.281247	0.00350803	1.02077e-05	-0.0516056
4500	9	1.30657	-0.571189	7.89651e-31	4.00871e-29	-1.0
4500	10	1.27021	-0.169478	4.54138e-05	1.07374e-29	-2.20713e-12
4600	1	2.9894	-0.161239	1.02339e-27	3.64574e-05	1.39256e-14
4600	2	2.90529	-0.150069	0.000213089	2.50544e-30	-8.39502e-13
4600	3	1.49875	-0.833443	4.08694e-28	1.30897e-28	1.0
4600	4	2.36242	-0.470034	1.26344e-29	7.1266e-29	1.0
4600	5	1.00006	0.436696	3.73554e-28	2.2286e-29	-1.0
4600	6	1.93764	0.787442	3.56577e-28	4.00871e-29	-1.0
4600	7	1.16132	-0.117194	4.1506e-29	2.37531e-30	-1.0
4600	8	1.32462	0.280999	0.00198256	1.3603e-30	5.21618e-13
4600	9	1.46409	-0.571513	0.0285408	1.73583e-05	-0.00751998
4600	10	1.27085	-0.169478	2.3497e-28	1.07374e-29	-1.0
4700	1	2.94349	-0.156843	1.20106e-27	6.48531e-31	-1.0
4700	2	2.79925	-0.150069	0.000175507	2.50544e-30	1.15455e-12
4700	3	1.49875	-0.833443	4.08694e-28	1.30897e-28	1.0
4700	4	2.36242	-0.470034	1.26344e-29	7.1266e-29	1.0
4700	5	1.23526	0.436696	1.23383e-30	2.2286e-29	-1.0
4700	6	1.93764	0.794151	3.56577e-28	0.000391849	-2.80206e-13
4700	7	1.16132	-0.117194	4.1506e-29	2.37531e-30	-1.0
4700	8	1.33123	0.280999	0.00256932	1.3603e-30	3.80117e-13
4700	9	1.82817	-0.679034	1.17046e-27	7.31537e-29	1.0
4700	10	1.27085	-0.169478	2.3497e-28	1.07374e-29	-1.0
4800	1	2.69106	-0.156843	0.0082291	6.48531e-31	-3.12712e-13
4800	2	2.79606	-0.150069	2.70258e-28	2.50544e-30	1.0
4800	3	1.49875	-0.833443	4.08694e-28	1.30897e-28	1.0
4800	4	2.36242	-0.470034	1.26344e-29	7.1266e-29	1.0
4800	5	1.23526	0.436696	1.23383e-30	2.2286e-29	-1.0
4800	6	2.22938	0.905155	6.41394e-28	2.70258e-28	-1.0
4800	7	1.16132	-0.117194	4.1506e-29	2.37531e-30	-1.0
4800	8	1.33933	0.280999	0.00334461	1.3603e-30	2.56732e-13
4800	9	1.82817	-0.679034	1.17046e-27	7.31537e-29	1.0
4800	10	1.27085	0.03918	2.3497e-28	0.000579113	1.77543e-14
4900	1	2.62361	-0.156843	0.00020484	6.48531e-31	-4.44652e-12
4900	2	2.79606	-0.150069	2.70258e-28	2.50544e-30	1.0
4900	3	1.76908	-0.833443	4.73988e-28	1.30897e-28	-1.0
4900	4	2.36242	-0.325673	1.26344e-29	1.49293e-30	-1.0
4900	5	1.53414	0.436696	1.95883e-28	2.2286e-29	1.0
4900	6	2.22938	1.11689	6.41394e-28	0.000100972	-8.9505e-13
4900	7	1.16132	-0.117194	4.1506e-29	2.37531e-30	-1.0
4900	8	1.31173	0.280999	0.000729842	1.3603e-30	1.0294e-12
4900	9	1.82817	-0.679034	1.17046e-27	7.31537e-29	1.0
4900	10	1.67078	0.0965491	0.000302258	1.62133e-31	4.70208e-13
5000	1	2.62237	-0.156843	1.50558e-06	6.48531e-31	-5.27671e-11
5000	2	2.79606	-0.150069	2.70258e-28	2.50544e-30	1.0
5000	3	1.76908	-0.833443	4.73988e-28	1.30897e-28	-1.0
5000	4	2.36242	-0.184898	1.26344e-29	8.02297e-30	1.0
5000	5	1.53414	0.436696	1.95883e-28	2.2286e-29	1.0
5000	6	2.22938	1.11785	6.41394e-28	8.29627e-29	-1.0
5000	7	1.40571	-0.117194	9.1254e-29	2.37531e-30	-1.0
5000	8	1.32341	0.280999	0.00172877	1.3603e-30	5.20601e-13
5000	9	1.82812	-0.497086	8.84057e-07	1.09021e-28	-3.61671e-11
5000	10	1.67345	0.0965491	8.29627e-29	1.62133e-31	1.0
5100	1	2.62233	-0.156843	4.20805e-27	6.48531e-31	-1.0
5100	2	2.79606	-0.150069	2.70258e-28	2.50544e-30	1.0
5100	3	1.76908	-0.833443	4.73988e-28	1.30897e-28	-1.0
5100	4	2.36242	-0.184898	1.26344e-29	8.02297e-30	1.0
5100	5	1.53414	0.436696	1.95883e-28	2.2286e-29	1.0
5100	6	2.22938	1.11785	6.41394e-28	8.29627e-29	-1.0
5100	7	1.40571	-0.117194	9.1254e-29	2.37531e-30	-1.0
5100	8	1.43268	0.280999	0.00222479	1.3603e-30	2.60109e-13
5100	9	1.82817	-0.352646	1.17046e-27	6.26494e-05	3.71968e-13
5100	10	1.91884	0.0965491	1.50694e-05	1.62133e-31	5.18386e-12
5200	1	2.62221	-0.156843	1.45083e-05	6.48531e-31	-1.69559e-11
5200	2	2.79606	-0.150069	2.70258e-28	2.50544e-30	1.0
5200	3	1.77141	-0.833443	0.000110661	1.30897e-28	-1.94532e-12
5200	4	2.64577	-0.207748	1.39294e-27	6.66962e-30	1.0
5200	5	1.53405	0.436696	8.10487e-06	2.2286e-29	4.87877e-12
5200	6	2.22938	1.11785	6.41394e-28	8.29627e-29	-1.0
5200	7	1.40571	-0.117194	9.1254e-29	2.37531e-30	-1.0
5200	8	1.47936	0.280999	0.00461432	1.3603e-30	1.13091e-13
5200	9	1.82817	-0.351774	1.17046e-27	8.34068e-30	1.0
5200	10	2.53083	0.0965491	8.86185e-28	1.62133e-31	1.0
5300	1	2.62233	-0.151552	4.20805e-27	0.000875708	-1.33908e-14
5300	2	2.79606	-0.150069	2.70258e-28	2.50544e-30	1.0
5300	3	1.86844	-0.833443	3.73554e-28	1.30897e-28	1.0
5300	4	2.64577	-0.207748	1.39294e-27	6.66962e-30	1.0
5300	5	1.5343	0.436696	2.62386e-05	2.2286e-29	2.69895e-12
5300	6	2.22938	1.11785	6.41394e-28	8.29627e-29	-1.0
5300	7	1.40571	-0.117194	9.1254e-29	2.37531e-30	-1.0
5300	8	1.48394	0.280999	0.00264413	1.3603e-30	4.52842e-14
5300	9	1.82821	-0.351774	1.16052e-06	8.34068e-30	3.19117e-11
5300	10	2.53083	-0.209896	8.86185e-28	0.0016699	7.11659e-14
5400	1	2.62233	-0.129708	4.20805e-27	0.00424806	1.25861e-14
5400	2	2.79606	-0.150069	2.70258e-28	2.50544e-30	1.0
5400	3	1.86844	-0.833443	3.73554e-28	1.30897e-28	1.0
5400	4	2.64577	-0.207748	1.39294e-27	6.66962e-30	1.0
5400	5	1.53415	0.436696	3.7254e-07	2.2286e-29	2.27371e-11
5400	6	2.22938	1.11785	6.41394e-28	8.29627e-29	-1.0
5400	7	1.40571	-0.117194	9.1254e-29	2.37531e-30	-1.0
5400	8	1.46949	0.461692	0.00181478	0.00306448	-0.00832326
5400	9	1.82817	-0.35489	1.17046e-27	0.000325367	1.64278e-13
5400	10	2.53083	-0.134765	8.86185e-28	0.00156815	1.83849e-14
5500	1	2.62233	0.000160184	4.20805e-27	0.0138649	-1.21381e-16
5500	2	2.79606	-0.150069	2.70258e-28	2.50544e-30	1.0
5500	3	1.86844	-0.833443	3.73554e-28	1.30897e-28	1.0
5500	4	2.64577	-0.208007	1.39294e-27	2.2359e-05	5.43805e-13
5500	5	1.53414	0.436696	1.95883e-28	2.2286e-29	1.0
5500	6	2.22938	1.11785	6.41394e-28	8.29627e-29	-1.0
5500	7	1.54346	-0.117194	0.000294729	2.37531e-30	1.98893e-12
5500	8	1.47971	0.494458	0.00167525	1.80645e-28	-5.09951e-14
5500	9	1.82817	-0.351774	1.17046e-27	8.34068e-30	1.0
5500	10	2.53083	-0.0986585	8.86185e-28	2.96427e-30	1.0
5600	1	2.62233	0.067569	4.20805e-27	0.0132286	7.05668e-15
5600	2	2.79606	-0.150069	2.70258e-28	2.50544e-30	1.0
5600	3	1.86844	-0.833443	3.73554e-28	1.30897e-28	1.0
5600	4	2.64577	-0.29155	1.39294e-27	0.00114422	2.24741e-14
5600	5	1.53414	0.436449	1.95883e-28	3.03901e-05	8.64381e-13
5600	6	2.22938	1.11784	6.41394e-28	3.03628e-08	-5.22415e-11
5600	7	1.54772	-0.117194	1.29522e-27	2.37531e-30	1.0
5600	8	1.47288	0.494458	0.00183108	1.80645e-28	-1.07684e-13
5600	9	1.82817	-0.540944	1.17046e-27	0.000331206	-6.0334e-13
5600	10	2.53083	-0.0986585	8.86185e-28	2.96427e-30	1.0
5700	1	2.62233	0.0902662	4.20805e-27	0.0116404	8.19795e-15
5700	2	2.79606	-0.150069	2.70258e-28	2.50544e-30	1.0
5700	3	1.86844	-0.833443	3.73554e-28	1.30897e-28	1.0
5700	4	2.64577	-0.26699	1.39294e-27	6.45809e-06	1.53087e-12
5700	5	1.53414	0.436696	1.95883e-28	2.2286e-29	1.0
5700	6	2.22938	1.11785	6.41394e-28	8.29627e-29	-1.0
5700	7	1.54772	-0.117194	1.29522e-27	2.37531e-30	1.0
5700	8	1.54874	0.494458	0.0017483	1.80645e-28	-8.65033e-15
5700	9	1.82817	-0.545141	1.17046e-27	1.33451e-28	-1.0
5700	10	2.53083	-0.0986585	8.86185e-28	2.96427e-30	1.0
5800	1	2.62233	0.162112	4.20805e-27	0.00349359	3.28487e-14
5800	2	2.79606	-0.150069	2.70258e-28	2.50544e-30	1.0
5800	3	1.86861	-0.756024	3.53254e-06	4.65777e-05	-0.114281
5800	4	2.64577	-0.266876	1.39294e-27	1.59904e-29	1.0
5800	5	1.53414	0.436696	1.95883e-28	2.2286e-29	1.0
5800	6	2.22938	1.11785	6.41394e-28	8.29627e-29	-1.0
5800	7	1.54772	-0.117194	1.29522e-27	2.37531e-30	1.0
5800	8	1.54277	0.494458	0.00177844	1.80645e-28	-2.41903e-14
5800	9	1.82817	-0.545141	1.17046e-27	1.33451e-28	-1.0
5800	10	2.53083	-0.0986585	8.86185e-28	2.96427e-30	1.0
5900	1	2.62233	-0.0180157	4.20805e-27	0.00193102	-2.77138e-15
5900	2	2.79606	-0.150069	2.70258e-28	2.50544e-30	1.0
5900	3	1.86844	-0.754885	3.73554e-28	1.83643e-28	-1.0
5900	4	2.6475	-0.266876	0.000372908	1.59904e-29	1.93467e-12
5900	5	1.53414	0.436696	1.95883e-28	2.2286e-29	1.0
5900	6	2.22938	1.11785	6.41394e-28	8.29627e-29	-1.0
5900	7	1.54772	-0.117194	1.29522e-27	2.37531e-30	1.0
5900	8	1.53556	0.494458	0.0020034	1.80645e-28	-7.92272e-14
5900	9	2.02216	-0.544948	2.47634e-27	1.86186e-05	-2.68831e-12
5900	10	2.53125	-0.0986585	4.36407e-05	2.96427e-30	4.48218e-12
6000	1	2.62233	-0.00624053	4.20805e-27	9.4465e-33	1.0
6000	2	2.79606	-0.150069	2.70258e-28	2.50544e-30	1.0
6000	3	1.86844	-0.754885	3.73554e-28	1.83643e-28	-1.0
6000	4	3.07909	-0.266876	9.12836e-28	1.59904e-29	-1.0
6000	5	1.53414	0.547798	1.95883e-28	0.000182823	-8.63439e-13
6000	6	2.22938	1.11785	6.41394e-28	8.29627e-29	-1.0
6000	7	1.54778	-0.117194	3.159e-06	2.37531e-30	2.02255e-11
6000	8	1.53532	0.494458	0.00187414	1.80645e-28	-2.70516e-14
6000	9	2.03654	-0.545141	0.00225766	1.33451e-28	-9.20886e-13
6000	10	2.69182	-0.0986585	0.00383915	2.96427e-30	-3.06624e-13
6100	1	2.62233	-0.00624053	4.20805e-27	9.4465e-33	1.0
6100	2	2.79606	-0.149933	2.70258e-28	1.83466e-05	3.71142e-13
6100	3	1.86844	-0.754885	3.73554e-28	1.83643e-28	-1.0
6100	4	3.07909	-0.266876	9.12836e-28	1.59904e-29	-1.0
6100	5	1.53414	0.550939	1.95883e-28	1.63174e-28	-1.0
6100	6	2.22938	1.11785	6.41394e-28	8.29627e-29	-1.0
6100	7	1.66013	-0.117194	3.00265e-28	2.37531e-30	1.0
6100	8	1.54141	0.494458	0.00184826	1.80645e-28	-1.38528e-14
6100	9	2.36458	-0.545141	7.89651e-29	1.33451e-28	1.0
6100	10	2.73991	-0.0986585	8.90474e-07	2.96427e-30	-5.91869e-11
6200	1	2.62233	-0.00624053	4.20805e-27	9.4465e-33	1.0
6200	2	2.79606	-0.150069	2.70258e-28	2.50544e-30	1.0
6200	3	1.85979	-0.754885	0.00017686	1.83643e-28	-7.37428e-14
6200	4	3.07897	-0.266876	1.13771e-07	1.59904e-29	-8.06267e-11
6200	5	1.53414	0.550939	1.95883e-28	1.63174e-28	-1.0
6200	6	2.22938	1.11785	6.41394e-28	8.29627e-29	-1.0
6200	7	1.77664	-0.117194	0.00125629	2.37531e-30	5.64934e-14
6200	8	1.53808	0.494458	0.00181617	1.80645e-28	-7.14914e-14
6200	9	2.36458	-0.543247	7.89651e-29	4.45412e-30	-1.0
6200	10	2.83246	-0.126688	1.42631e-27	0.000695419	2.43965e-14
6300	1	2.62233	-0.00624053	4.20805e-27	9.4465e-33	1.0
6300	2	2.79606	-0.0688991	2.70258e-28	3.08457e-33	1.0
6300	3	1.82079	-0.754885	2.28209e-28	1.83643e-28	1.0
6300	4	3.07707	-0.266876	2.98666e-27	1.59904e-29	-1.0
6300	5	1.53414	0.550939	1.95883e-28	1.63174e-28	-1.0
6300	6	2.22938	1.11788	6.41394e-28	1.08308e-06	-8.72946e-12
6300	7	1.79876	-0.117194	9.1254e-29	2.37531e-30	1.0
6300	8	1.52661	0.494458	0.00193345	1.80645e-28	-1.44535e-13
6300	9	2.36458	-0.543247	7.89651e-29	4.45412e-30	-1.0
6300	10	2.83246	-0.174706	1.42631e-27	9.50125e-30	1.0
6400	1	2.62229	-0.00624053	3.19117e-07	9.4465e-33	1.13555e-10
6400	2	2.79606	0.0200069	2.70258e-28	1.38462e-05	-8.87142e-14
6400	3	1.82079	-0.754885	2.28209e-28	1.83643e-28	1.0
6400	4	3.07707	-0.266876	2.98666e-27	1.59904e-29	-1.0
6400	5	1.53414	0.550939	1.95883e-28	1.63174e-28	-1.0
6400	6	2.22938	1.1836	6.41394e-28	2.16399e-06	7.21612e-12
6400	7	1.79876	-0.117194	9.1254e-29	2.37531e-30	1.0
6400	8	1.61738	0.494458	0.00197679	1.80645e-28	1.50928e-13
6400	9	2.60645	-0.543247	4.39202e-05	4.45412e-30	-2.40377e-12
6400	10	2.83246	-0.174706	1.42631e-27	9.50125e-30	1.0
6500	1	2.55545	-0.00624053	5.18111e-06	9.4465e-33	-1.5708e-11
6500	2	2.79606	0.0203192	2.70258e-28	1.1572e-31	-1.0
6500	3	1.82079	-0.754885	2.28209e-28	1.83643e-28	1.0
6500	4	3.07707	-0.266876	2.98666e-27	1.59904e-29	-1.0
6500	5	1.53414	0.550939	1.95883e-28	1.63174e-28	-1.0
6500	6	2.22938	1.18367	6.41394e-28	1.1371e-28	1.0
6500	7	1.79876	-0.117194	9.1254e-29	2.37531e-30	1.0
6500	8	1.90452	0.494458	0.00206837	1.80645e-28	-2.38083e-14
6500	9	2.60681	-0.543247	2.55847e-28	4.45412e-30	-1.0
6500	10	2.83246	-0.174706	1.42631e-27	9.50125e-30	1.0
6600	1	2.55524	-0.00624053	1.29522e-27	9.4465e-33	-1.0
6600	2	2.79606	0.0203192	2.70258e-28	1.1572e-31	-1.0
6600	3	1.82079	-0.754885	2.28209e-28	1.83643e-28	1.0
6600	4	3.07707	-0.266876	2.98666e-27	1.59904e-29	-1.0
6600	5	1.53414	0.550939	1.95883e-28	1.63174e-28	-1.0
6600	6	2.22938	1.18367	6.41394e-28	1.1371e-28	1.0
6600	7	1.79876	-0.117179	9.1254e-29	2.32179e-07	3.18128e-12
6600	8	2.13769	0.494312	0.000432093	1.06349e-05	0.0163173
6600	9	2.62428	-0.543247	0.00206234	4.45412e-30	-2.1826e-13
6600	10	2.83246	-0.174706	1.42631e-27	9.50125e-30	1.0
6700	1	2.76925	-0.00624053	5.1347e-28	9.4465e-33	1.0
6700	2	2.80589	0.0375622	0.000693612	0.00113548	-0.0493716
6700	3	1.82079	-0.754885	2.28209e-28	1.83643e-28	1.0
6700	4	3.07707	-0.266876	2.98666e-27	1.59904e-29	-1.0
6700	5	1.53414	0.550939	1.95883e-28	1.63174e-28	-1.0
6700	6	2.22938	1.18367	6.41394e-28	1.1371e-28	1.0
6700	7	1.79876	-0.117194	9.1254e-29	2.37531e-30	1.0
6700	8	2.13012	0.494458	1.74434e-27	1.80645e-28	1.0
6700	9	2.8563	-0.543247	6.87193e-28	4.45412e-30	-1.0
6700	10	2.88123	-0.174706	3.99761e-28	9.50125e-30	1.0
6800	1	2.76925	-0.00624053	5.1347e-28	9.4465e-33	1.0
6800	2	2.94312	0.111878	3.43972e-27	5.31089e-08	3.33648e-12
6800	3	2.05178	-0.754885	1.56371e-27	1.83643e-28	-1.0
6800	4	3.07707	-0.266876	2.98666e-27	1.59904e-29	-1.0
6800	5	1.53414	0.550939	1.95883e-28	1.63174e-28	-1.0
6800	6	2.22938	1.18367	6.41394e-28	1.1371e-28	1.0
6800	7	1.79882	-0.117194	4.69264e-06	2.37531e-30	4.42786e-12
6800	8	2.12937	0.494458	4.18759e-05	1.80645e-28	6.32205e-12
6800	9	2.8563	-0.462817	6.87193e-28	9.33083e-30	1.0
6800	10	2.88123	-0.174706	3.99761e-28	9.50125e-30	1.0
6900	1	2.76925	-0.00624053	5.1347e-28	9.4465e-33	1.0
6900	2	2.94312	0.111871	3.43972e-27	6.04576e-31	1.0
6900	3	2.05178	-0.754885	1.56371e-27	1.83643e-28	-1.0
6900	4	2.93229	-0.266876	0.0103182	1.59904e-29	-1.5716e-13
6900	5	1.53414	0.550939	1.95883e-28	1.63174e-28	-1.0
6900	6	2.22938	1.18367	6.41394e-28	1.1371e-28	1.0
6900	7	1.79876	-0.117194	9.1254e-29	2.37531e-30	1.0
6900	8	2.08653	0.494458	0.00122537	1.80645e-28	1.45458e-13
6900	9	2.8986	-0.462817	4.73988e-28	9.33083e-30	-1.0
6900	10	2.88123	-0.174706	3.99761e-28	9.50125e-30	1.0
7000	1	2.76925	-0.00624053	5.1347e-28	9.4465e-33	1.0
7000	2	2.94312	0.111871	3.43972e-27	6.04576e-31	1.0
7000	3	2.05178	-0.754885	1.56371e-27	1.83643e-28	-1.0
7000	4	2.80369	-0.266876	0.00146269	1.59904e-29	1.09793e-12
7000	5	1.53414	0.216377	1.95883e-28	1.85151e-30	-1.0
7000	6	2.22938	1.18367	6.41394e-28	1.1371e-28	1.0
7000	7	1.82936	-0.117194	0.00543587	2.37531e-30	9.71163e-14
7000	8	2.03893	0.494458	0.000413701	1.80645e-28	1.04142e-12
7000	9	2.8986	-0.462817	4.73988e-28	9.33083e-30	-1.0
7000	10	2.88123	-0.174706	3.99761e-28	9.50125e-30	1.0
7100	1	2.76925	-0.00632295	5.1347e-28	6.79319e-06	3.74806e-14
7100	2	2.94312	0.111871	3.43972e-27	6.04576e-31	1.0
7100	3	2.05178	-0.754885	1.56371e-27	1.83643e-28	-1.0
7100	4	2.81581	-0.266876	2.34546e-27	1.59904e-29	-1.0
7100	5	1.53414	0.13391	1.95883e-28	0.002239	9.2458e-15
7100	6	2.87105	1.18367	5.39098e-06	1.1371e-28	-2.21414e-11
7100	7	2.18134	-0.117194	1.08103e-27	2.37531e-30	1.0
7100	8	2.03239	0.494458	0.000102726	1.80645e-28	2.81878e-12
7100	9	2.8986	-0.462817	4.73988e-28	9.33083e-30	-1.0
7100	10	2.88123	-0.173968	3.99761e-28	6.00211e-05	3.90631e-13
7200	1	2.76925	-0.00624053	5.1347e-28	9.4465e-33	1.0
7200	2	2.94312	0.111871	3.43972e-27	6.04576e-31	1.0
7200	3	2.05178	-0.754885	1.56371e-27	1.83643e-28	-1.0
7200	4	2.8118	-0.266876	8.18052e-05	1.59904e-29	-5.31472e-12
7200	5	1.53414	0.0791612	1.95883e-28	2.2286e-31	-1.0
7200	6	2.87112	1.18367	2.65638e-27	1.1371e-28	-1.0
7200	7	2.25751	-0.117194	2.38869e-29	2.37531e-30	-1.0
7200	8	2.03025	0.494458	9.67322e-28	1.80645e-28	1.0
7200	9	2.8986	-0.462817	4.73988e-28	9.33083e-30	-1.0
7200	10	2.88123	-0.0107201	3.99761e-28	3.90391e-33	-1.0
7300	1	2.98297	-0.00621727	0.000525515	5.40819e-07	0.00694739
7300	2	2.94312	0.112607	3.43972e-27	6.71427e-05	9.62429e-14
7300	3	2.05178	-0.754885	1.56371e-27	1.83643e-28	-1.0
7300	4	2.7697	-0.266876	1.70742e-27	1.59904e-29	-1.0
7300	5	1.53414	0.0791612	1.95883e-28	2.2286e-31	-1.0
7300	6	2.87112	1.18367	2.65638e-27	1.1371e-28	-1.0
7300	7	2.25751	-0.117194	2.38869e-29	2.37531e-30	-1.0
7300	8	2.03025	0.494458	9.67322e-28	1.80645e-28	1.0
7300	9	2.8986	-0.462817	4.73988e-28	9.33083e-30	-1.0
7300	10	2.88123	-0.0107201	3.99761e-28	3.90391e-33	-1.0
7400	1	2.988	0.120272	1.26344e-27	6.94029e-31	-1.0
7400	2	2.94312	0.295741	3.43972e-27	2.38869e-29	1.0
7400	3	2.05178	-0.754885	1.56371e-27	1.83643e-28	-1.0
7400	4	2.7697	-0.266876	1.70742e-27	1.59904e-29	-1.0
7400	5	1.53414	0.0791612	1.95883e-28	2.2286e-31	-1.0
7400	6	2.87112	1.18367	2.65638e-27	1.1371e-28	-1.0
7400	7	2.25751	-0.185116	2.38869e-29	1.03901e-05	4.17254e-13
7400	8	2.03025	0.494458	9.67322e-28	1.80645e-28	1.0
7400	9	2.8986	-0.462817	4.73988e-28	9.33083e-30	-1.0
7400	10	2.88123	-0.0107201	3.99761e-28	3.90391e-33	-1.0
7500	1	2.988	-0.0949743	1.26344e-27	3.41019e-30	-1.0
7500	2	2.94312	0.296818	3.43972e-27	0.000192342	3.50875e-13
7500	3	2.05178	-0.783621	1.56371e-27	0.000499284	-3.35201e-13
7500	4	2.7697	-0.272209	1.70742e-27	0.000230242	-2.03249e-13
7500	5	1.53414	0.105583	1.95883e-28	7.17356e-31	-1.0
7500	6	2.87112	1.18367	2.65638e-27	1.1371e-28	-1.0
7500	7	2.25751	-0.185423	2.38869e-29	1.77671e-30	1.0
7500	8	2.03025	0.583721	9.67322e-28	7.71143e-30	-1.0
7500	9	2.8986	-0.462817	4.73988e-28	9.33083e-30	-1.0
7500	10	3.23335	-0.0116141	5.6383e-27	1.54589e-06	6.57675e-14
7600	1	2.988	-0.0949743	1.26344e-27	3.41019e-30	-1.0
7600	2	2.94312	0.583918	3.43972e-27	6.43718e-05	5.93419e-13
7600	3	2.05195	-0.817765	7.3564e-06	8.34068e-30	1.44197e-11
7600	4	3.12804	-0.362104	1.77671e-30	2.2286e-29	1.0
7600	5	1.41574	0.176749	0.00335457	0.00762485	0.00364922
7600	6	2.87112	1.18367	2.65638e-27	1.1371e-28	-1.0
7600	7	2.25751	-0.185423	2.38869e-29	1.77671e-30	1.0
7600	8	2.03025	0.583721	9.67322e-28	7.71143e-30	-1.0
7600	9	2.8986	-0.462817	4.73988e-28	9.33083e-30	-1.0
7600	10	3.23335	-0.0150286	5.6383e-27	4.70668e-32	-1.0
7700	1	2.988	-0.0949743	1.26344e-27	3.41019e-30	-1.0
7700	2	2.94312	0.584277	3.43972e-27	2.28135e-29	1.0
7700	3	2.05178	-0.817765	1.56371e-27	8.34068e-30	1.0
7700	4	3.21732	-0.362104	0.00304234	2.2286e-29	-5.79869e-13
7700	5	1.36263	0.390248	0.00010305	1.78165e-29	2.6674e-12
7700	6	2.87112	1.18367	2.65638e-27	1.1371e-28	-1.0
7700	7	2.25751	-0.185423	2.38869e-29	1.77671e-30	1.0
7700	8	2.03025	0.583721	9.67322e-28	7.71143e-30	-1.0
7700	9	2.8986	-0.462817	4.73988e-28	9.33083e-30	-1.0
7700	10	3.23335	-0.0150286	5.6383e-27	4.70668e-32	-1.0
7800	1	2.98808	-0.0949743	7.20795e-06	3.41019e-30	-1.31499e-11
7800	2	2.94312	0.584277	3.43972e-27	2.28135e-29	1.0
7800	3	2.05178	-0.817887	1.56371e-27	1.48643e-05	7.78089e-13
7800	4	3.28578	-0.362104	1.29522e-27	2.2286e-29	-1.0
7800	5	1.36142	0.512307	7.34572e-28	1.34364e-29	-1.0
7800	6	2.87112	1.18367	2.65638e-27	1.1371e-28	-1.0
7800	7	2.25717	-0.185423	3.7967e-05	1.77671e-30	7.81725e-13
7800	8	2.03025	0.458175	9.67322e-28	1.14777e-29	-1.0
7800	9	2.8986	-0.462817	4.73988e-28	9.33083e-30	-1.0
7800	10	3.23345	-0.0150286	2.51221e-06	4.70668e-32	-4.72205e-11
7900	1	3.1578	-0.0949743	4.03689e-27	3.41019e-30	-1.0
7900	2	2.94312	0.584277	3.43972e-27	2.28135e-29	1.0
7900	3	2.05178	-0.817765	1.56371e-27	8.34068e-30	1.0
7900	4	3.28578	-0.362104	1.29522e-27	2.2286e-29	-1.0
7900	5	1.36142	0.512307	7.34572e-28	1.34364e-29	-1.0
7900	6	2.87112	1.18367	2.65638e-27	1.1371e-28	-1.0
7900	7	2.25751	-0.185423	2.38869e-29	1.77671e-30	1.0
7900	8	2.03025	0.458175	9.67322e-28	1.14777e-29	-1.0
7900	9	3.20393	-0.462817	7.34572e-28	9.33083e-30	1.0
7900	10	3.23335	-0.0150286	5.6383e-27	4.70668e-32	-1.0
8000	1	3.25161	-0.0949743	0.00126929	3.41019e-30	-8.1615e-14
8000	2	3.3771	0.584277	0.00141635	2.28135e-29	-8.29338e-13
8000	3	2.05178	-0.817765	1.56371e-27	8.34068e-30	1.0
8000	4	3.28578	-0.362104	1.29522e-27	2.2286e-29	-1.0
8000	5	1.36142	0.512307	7.34572e-28	1.34364e-29	-1.0
8000	6	2.87112	1.18367	2.65638e-27	1.1371e-28	-1.0
8000	7	2.57565	-0.185423	3.00265e-28	1.77671e-30	-1.0
8000	8	2.03025	0.458175	9.67322e-28	1.14777e-29	-1.0
8000	9	3.20393	-0.462817	7.34572e-28	9.33083e-30	1.0
8000	10	3.23335	0.0694448	5.6383e-27	1.51144e-31	1.0
8100	1	3.2818	-0.0949743	1.59904e-27	3.41019e-30	-1.0
8100	2	3.38326	0.584277	1.14026e-27	2.28135e-29	-1.0
8100	3	2.05178	-0.817765	1.56371e-27	8.34068e-30	1.0
8100	4	3.28578	-0.362104	1.29522e-27	2.2286e-29	-1.0
8100	5	1.36178	0.512307	4.3063e-05	1.34364e-29	-4.1553e-12
8100	6	2.87112	1.18367	2.65638e-27	1.1371e-28	-1.0
8100	7	2.9616	-0.185423	1.17046e-27	1.77671e-30	-1.0
8100	8	2.03025	0.458175	9.67322e-28	1.14777e-29	-1.0
8100	9	3.20393	-0.462817	7.34572e-28	9.33083e-30	1.0
8100	10	3.23344	0.0694448	7.90801e-06	1.51144e-31	2.67558e-11
8200	1	3.2818	-0.0949743	1.59904e-27	3.41019e-30	-1.0
8200	2	3.34654	0.584277	3.29616e-06	2.28135e-29	2.62236e-11
8200	3	2.03283	-0.817765	1.39294e-27	8.34068e-30	1.0
8200	4	3.28578	-0.362104	1.29522e-27	2.2286e-29	-1.0
8200	5	1.60109	0.512307	3.55963e-05	1.34364e-29	-5.22281e-12
8200	6	2.87112	1.18367	2.65638e-27	1.1371e-28	-1.0
8200	7	3.01649	-0.185423	2.74877e-27	1.77671e-30	1.0
8200	8	2.03025	0.458175	9.67322e-28	1.14777e-29	-1.0
8200	9	3.20393	-0.462817	7.34572e-28	9.33083e-30	1.0
8200	10	3.23335	0.0694448	5.6383e-27	1.51144e-31	1.0
8300	1	3.2818	-0.0949743	1.59904e-27	3.41019e-30	-1.0
8300	2	3.34687	0.58408	2.79556e-27	3.87811e-05	7.64749e-13
8300	3	2.03283	-0.817765	1.39294e-27	8.34068e-30	1.0
8300	4	3.42244	-0.362104	0.000116822	2.2286e-29	3.62756e-12
8300	5	1.60128	0.511533	9.53552e-28	0.000149218	-2.97296e-13
8300	6	2.87132	1.18367	3.71828e-05	1.1371e-28	-8.46693e-12
8300	7	3.08437	-0.185423	2.84274e-27	1.77671e-30	-1.0
8300	8	2.03025	0.458109	9.67322e-28	2.38891e-06	-2.15312e-12
8300	9	3.20393	-0.462817	7.34572e-28	9.33083e-30	1.0
8300	10	3.23335	0.298525	5.6383e-27	0.00263923	1.14101e-13
8400	1	3.2818	-0.0949743	1.59904e-27	3.41019e-30	-1.0
8400	2	3.34687	0.584277	2.79556e-27	2.28135e-29	1.0
8400	3	2.03283	-0.817765	1.39294e-27	8.34068e-30	1.0
8400	4	3.42417	-0.294107	1.59904e-27	0.00813053	2.12214e-14
8400	5	1.60128	0.125439	9.53552e-28	1.63174e-30	-1.0
8400	6	2.87112	0.807408	2.65638e-27	4.59108e-29	-1.0
8400	7	3.08437	-0.185423	2.84274e-27	1.77671e-30	-1.0
8400	8	2.03025	0.371195	9.67322e-28	1.73578e-05	1.43986e-12
8400	9	3.20393	-0.462817	7.34572e-28	9.33083e-30	1.0
8400	10	3.23335	0.32132	5.6383e-27	6.57507e-29	1.0
8500	1	3.2818	-0.0949743	1.59904e-27	3.41019e-30	-1.0
8500	2	3.34687	0.584277	2.79556e-27	2.28135e-29	1.0
8500	3	2.03283	-0.817765	1.39294e-27	8.34068e-30	1.0
8500	4	3.42417	-0.0778394	1.59904e-27	1.30323e-31	-1.0
8500	5	1.62035	0.125439	0.000816152	1.63174e-30	-4.34797e-13
8500	6	2.87112	0.807408	2.65638e-27	4.59108e-29	-1.0
8500	7	3.08437	-0.0614199	2.84274e-27	7.17356e-31	-1.0
8500	8	2.03025	0.370931	9.67322e-28	3.59785e-29	1.0
8500	9	3.20393	-0.462817	7.34572e-28	9.33083e-30	1.0
8500	10	3.23335	0.32132	5.6383e-27	6.57507e-29	1.0
8600	1	3.2818	-0.0949743	1.59904e-27	3.41019e-30	-1.0
8600	2	3.34687	0.584277	2.79556e-27	2.28135e-29	1.0
8600	3	2.03283	-0.818021	1.39294e-27	9.2951e-06	1.00913e-12
8600	4	3.43168	-0.0778394	0.000787397	1.30323e-31	-1.20582e-12
8600	5	1.7018	0.125439	5.86365e-28	1.63174e-30	-1.0
8600	6	2.87112	0.807408	2.65638e-27	4.59108e-29	-1.0
8600	7	3.08437	-0.0614199	2.84274e-27	7.17356e-31	-1.0
8600	8	2.03025	0.370931	9.67322e-28	3.59785e-29	1.0
8600	9	3.20393	-0.462817	7.34572e-28	9.33083e-30	1.0
8600	10	3.23335	0.32132	5.6383e-27	6.57507e-29	1.0
8700	1	3.2818	-0.0949743	1.59904e-27	3.41019e-30	-1.0
8700	2	3.34697	0.584277	9.11133e-06	2.28135e-29	1.74974e-11
8700	3	2.03283	-0.817765	1.39294e-27	8.34068e-30	1.0
8700	4	3.62695	-0.0778394	2.93829e-27	1.30323e-31	-1.0
8700	5	1.7018	0.125439	5.86365e-28	1.63174e-30	-1.0
8700	6	2.87112	0.807408	2.65638e-27	4.59108e-29	-1.0
8700	7	3.09993	-0.0614199	0.00236445	7.17356e-31	-1.10575e-12
8700	8	2.03025	0.370931	9.67322e-28	3.59785e-29	1.0
8700	9	3.20393	-0.462817	7.34572e-28	9.33083e-30	1.0
8700	10	3.23335	0.32132	5.6383e-27	6.57507e-29	1.0
8800	1	3.2818	-0.0949743	1.59904e-27	3.41019e-30	-1.0
8800	2	3.6146	0.584277	1.26344e-29	2.28135e-29	-1.0
8800	3	2.03283	-0.817765	1.39294e-27	8.34068e-30	1.0
8800	4	3.62695	-0.0778394	2.93829e-27	1.30323e-31	-1.0
8800	5	1.7018	0.125439	5.86365e-28	1.63174e-30	-1.0
8800	6	2.87112	0.6092	2.65638e-27	2.4985e-29	1.0
8800	7	3.41905	-0.0614199	2.34546e-27	7.17356e-31	-1.0
8800	8	2.03025	0.370931	9.67322e-28	3.59785e-29	1.0
8800	9	3.20393	-0.462817	7.34572e-28	9.33083e-30	1.0
8800	10	3.32933	0.32132	0.0050476	6.57507e-29	6.162e-13
8900	1	3.28066	-0.0944498	0.000107022	5.48093e-05	0.00781242
8900	2	3.6146	0.584277	1.26344e-29	2.28135e-29	-1.0
8900	3	2.03283	-0.817765	1.39294e-27	8.34068e-30	1.0
8900	4	3.62695	-0.0778394	2.93829e-27	1.30323e-31	-1.0
8900	5	1.7018	0.125432	5.86365e-28	4.62593e-08	-6.05629e-12
8900	6	2.87112	0.6092	2.65638e-27	2.4985e-29	1.0
8900	7	3.41905	-0.0614068	2.34546e-27	1.71249e-07	-2.05149e-12
8900	8	2.03025	0.370931	9.67322e-28	3.59785e-29	1.0
8900	9	3.20393	-0.462817	7.34572e-28	9.33083e-30	1.0
8900	10	3.43043	0.32132	2.13522e-27	6.57507e-29	1.0
9000	1	3.09397	0.114844	0.000194221	3.10944e-30	-4.33131e-12
9000	2	3.6146	0.584277	1.26344e-29	2.28135e-29	-1.0
9000	3	2.42996	-0.817765	8.7059e-29	8.34068e-30	-1.0
9000	4	3.62695	-0.0778394	2.93829e-27	1.30323e-31	-1.0
9000	5	1.7018	0.265616	5.86365e-28	0.000157312	-3.5757e-13
9000	6	2.87112	0.6092	2.65638e-27	2.4985e-29	1.0
9000	7	3.41905	-0.0372497	2.34546e-27	2.53001e-05	2.44964e-15
9000	8	2.03025	0.370931	9.67322e-28	3.59785e-29	1.0
9000	9	3.48788	-0.323596	2.05388e-27	0.00567942	2.52907e-14
9000	10	3.43043	0.32132	2.13522e-27	6.57507e-29	1.0
9100	1	3.09188	0.114844	3.70524e-27	3.10944e-30	-1.0
9100	2	3.6146	0.499936	1.26344e-29	5.87426e-29	1.0
9100	3	2.42996	-1.07237	8.7059e-29	0.0137773	-1.45372e-13
9100	4	3.62695	-0.0778394	2.93829e-27	1.30323e-31	-1.0
9100	5	1.7018	0.267895	5.86365e-28	2.02379e-29	-1.0
9100	6	2.91838	0.6092	3.03542e-27	2.4985e-29	1.0
9100	7	3.41905	-0.0352475	2.34546e-27	2.33271e-32	-1.0
9100	8	2.03025	0.370931	9.67322e-28	3.59785e-29	1.0
9100	9	3.48788	-0.245284	2.05388e-27	1.68911e-29	1.0
9100	10	3.43043	0.32132	2.13522e-27	6.57507e-29	1.0
9200	1	3.09188	0.114844	3.70524e-27	3.10944e-30	-1.0
9200	2	3.6146	0.499936	1.26344e-29	5.87426e-29	1.0
9200	3	2.42996	-1.16643	8.7059e-29	0.00131258	-6.06662e-13
9200	4	3.62695	-0.0778394	2.93829e-27	1.30323e-31	-1.0
9200	5	1.7018	0.267895	5.86365e-28	2.02379e-29	-1.0
9200	6	2.91838	0.616149	3.03542e-27	2.50716e-06	-1.49249e-12
9200	7	3.50311	-0.471571	0.00168363	0.00809879	0.0287163
9200	8	2.03025	0.370931	9.67322e-28	3.59785e-29	1.0
9200	9	3.48788	-0.245284	2.05388e-27	1.68911e-29	1.0
9200	10	3.43043	0.32132	2.13522e-27	6.57507e-29	1.0
9300	1	3.09216	0.114844	3.9352e-05	3.10944e-30	-9.69476e-12
9300	2	3.6146	0.500827	1.26344e-29	9.06415e-06	2.43693e-12
9300	3	2.42996	-1.17319	8.7059e-29	3.16129e-05	-4.05953e-12
9300	4	3.62695	0.171809	2.93829e-27	0.000346075	9.53401e-14
9300	5	1.7018	0.267907	5.86365e-28	1.38373e-07	-1.20636e-11
9300	6	2.91838	0.159705	3.03542e-27	7.71143e-34	1.0
9300	7	3.54423	-0.50874	3.18407e-27	7.89651e-29	-1.0
9300	8	2.03025	0.722332	9.67322e-28	5.53866e-29	-1.0
9300	9	3.48788	-0.245284	2.05388e-27	1.68911e-29	1.0
9300	10	3.43043	0.32132	2.13522e-27	6.57507e-29	1.0
9400	1	3.37256	0.114844	7.50662e-27	3.10944e-30	-1.0
9400	2	3.6146	0.312885	1.26344e-29	2.08517e-30	-1.0
9400	3	2.42996	-1.17336	8.7059e-29	5.23588e-28	-1.0
9400	4	3.62695	0.161285	2.93829e-27	4.10942e-30	1.0
9400	5	1.7018	0.267895	5.86365e-28	2.02379e-29	-1.0
9400	6	2.91838	0.159705	3.03542e-27	7.71143e-34	1.0
9400	7	3.54423	-0.50874	3.18407e-27	7.89651e-29	-1.0
9400	8	2.17535	0.722332	9.55477e-29	5.53866e-29	-1.0
9400	9	3.48788	-0.1484	2.05388e-27	4.45412e-30	1.0
9400	10	3.43043	0.32132	2.13522e-27	6.57507e-29	1.0
9500	1	3.37256	0.114844	7.50662e-27	3.10944e-30	-1.0
9500	2	3.6146	0.307423	1.26344e-29	0.000823474	-4.44679e-14
9500	3	2.5724	-1.17336	1.77671e-28	5.23588e-28	-1.0
9500	4	3.62695	0.161285	2.93829e-27	4.10942e-30	1.0
9500	5	1.7018	0.267895	5.86365e-28	2.02379e-29	-1.0
9500	6	2.91838	0.159705	3.03542e-27	7.71143e-34	1.0
9500	7	3.54423	-0.50874	3.18407e-27	7.89651e-29	-1.0
9500	8	2.17535	0.722332	9.55477e-29	5.53866e-29	-1.0
9500	9	3.49213	-0.1484	0.000299145	4.45412e-30	2.54591e-12
9500	10	3.43043	0.32132	2.13522e-27	6.57507e-29	1.0
9600	1	3.37256	0.114844	7.50662e-27	3.10944e-30	-1.0
9600	2	3.6146	0.000752	1.26344e-29	8.30259e-35	-1.0
9600	3	2.6853	-1.15802	0.000862385	1.11425e-05	-0.0058421
9600	4	3.62695	0.161285	2.93829e-27	4.10942e-30	1.0
9600	5	1.7018	0.267895	5.86365e-28	2.02379e-29	-1.0
9600	6	2.91838	0.159705	3.03542e-27	7.71143e-34	1.0
9600	7	3.54423	-0.50874	3.18407e-27	7.89651e-29	-1.0
9600	8	2.17535	0.722332	9.55477e-29	5.53866e-29	-1.0
9600	9	3.63204	-0.1484	4.36085e-28	4.45412e-30	-1.0
9600	10	3.43043	0.32132	2.13522e-27	6.57507e-29	1.0
9700	1	3.37256	0.114844	7.50662e-27	3.10944e-30	-1.0
9700	2	3.6146	0.000752	1.26344e-29	8.30259e-35	-1.0
9700	3	2.98152	-1.15656	0.00186259	3.56577e-28	-1.28915e-12
9700	4	3.62695	0.161285	2.93829e-27	4.10942e-30	1.0
9700	5	1.7018	0.25943	5.86365e-28	9.50253e-05	-1.42568e-13
9700	6	2.91838	0.159705	3.03542e-27	7.71143e-34	1.0
9700	7	3.5434	-0.50874	5.60674e-06	7.89651e-29	-1.93068e-11
9700	8	2.17535	0.722332	9.55477e-29	5.53866e-29	-1.0
9700	9	3.63204	-0.1484	4.36085e-28	4.45412e-30	-1.0
9700	10	3.43043	0.32132	2.13522e-27	6.57507e-29	1.0
9800	1	3.37256	0.114844	7.50662e-27	3.10944e-30	-1.0
9800	2	3.33343	0.000752	0.011214	8.30259e-35	-7.70061e-14
9800	3	2.99477	-1.24466	4.1506e-27	1.11045e-29	-1.0
9800	4	3.62695	0.161285	2.93829e-27	4.10942e-30	1.0
9800	5	1.7018	0.238087	5.86365e-28	1.36408e-29	-1.0
9800	6	2.91838	0.159705	3.03542e-27	7.71143e-34	1.0
9800	7	3.52986	-0.50874	1.93484e-27	7.89651e-29	1.0
9800	8	2.17535	0.722332	9.55477e-29	5.53866e-29	-1.0
9800	9	3.63204	-0.1484	4.36085e-28	4.45412e-30	-1.0
9800	10	3.43043	0.32132	2.13522e-27	6.57507e-29	1.0
9900	1	3.37256	0.114844	7.50662e-27	3.10944e-30	-1.0
9900	2	3.24839	0.000752	6.39617e-29	8.30259e-35	1.0
9900	3	2.99477	-1.24466	4.1506e-27	1.11045e-29	-1.0
9900	4	3.62695	0.161285	2.93829e-27	4.10942e-30	1.0
9900	5	1.7018	0.238087	5.86365e-28	1.36408e-29	-1.0
9900	6	2.91838	0.159705	3.03542e-27	7.71143e-34	1.0
9900	7	3.52986	-0.406852	1.93484e-27	4.66665e-29	-1.0
9900	8	2.17535	0.722332	9.55477e-29	5.53866e-29	-1.0
9900	9	3.63204	-0.159908	4.36085e-28	3.7786e-32	-1.0
9900	10	3.43043	0.32132	2.13522e-27	6.57507e-29	1.0
10000	1	3.37256	0.114844	7.50662e-27	3.10944e-30	-1.0
10000	2	3.24839	0.000752	6.39617e-29	8.30259e-35	1.0
10000	3	2.99477	-1.24466	4.1506e-27	1.11045e-29	-1.0
10000	4	3.62695	0.161285	2.93829e-27	4.10942e-30	1.0
10000	5	1.7018	0.238087	5.86365e-28	1.36408e-29	-1.0
10000	6	2.85495	0.159705	0.000526597	7.71143e-34	-8.77094e-13
10000	7	3.52986	-0.406852	1.93484e-27	4.66665e-29	-1.0
10000	8	2.17535	0.722332	9.55477e-29	5.53866e-29	-1.0
10000	9	3.63204	-0.159908	4.36085e-28	3.7786e-32	-1.0
10000	10	3.43043	0.32132	2.13522e-27	6.57507e-29	1.0
