// Initial random seed:
2055861747207942948

// RunInitializeCallbacks():
initializeMutationRate(1e-07);
initializeMutationType(1, 0.5, "n", 0, 0.5);
initializeMutationType(2, 0.5, "n", 0, 0.5);
initializeMutationType(3, 0.5, "n", 0, 0.5);
initializeGenomicElementType(1, m1, 1);
initializeGenomicElementType(2, m2, 1);
initializeGenomicElementType(3, m3, 1);
initializeGenomicElement(g3, 0, 9);
initializeGenomicElement(g1, 10, 49);
initializeGenomicElement(g2, 50, 89);
initializeRecombinationRate(0.5);

// Starting run at tick <start>:
1 

0.0
0.0
4.60517 4.60517
100	1	0.0	0.0	0.0	0.0	NAN
100	2	0.0	0.0	0.0	0.0	NAN
100	3	0.0	0.0	0.0	0.0	NAN
100	4	0.0	0.000122443	0.0	1.49923e-05	NAN
100	5	0.00300831	0.0	1.86206e-05	0.0	NAN
100	6	0.0	0.0	0.0	0.0	NAN
100	7	0.0	0.0	0.0	0.0	NAN
100	8	0.0	0.0	0.0	0.0	NAN
100	9	0.0	0.373566	0.0	1.30323e-29	NAN
100	10	0.0	0.0	0.0	0.0	NAN
200	1	0.0	0.0	0.0	0.0	NAN
200	2	0.190665	0.0	0.000363744	0.0	NAN
200	3	0.0	0.0	0.0	0.0	NAN
200	4	0.0	0.244886	0.0	1.92508e-29	NAN
200	5	0.0151171	0.0862532	3.51352e-32	2.63924e-31	-1.0
200	6	0.000124649	0.0190458	1.55374e-05	0.00161446	0.15476
200	7	0.297341	0.0	3.08457e-33	0.0	NAN
200	8	0.0	0.0	0.0	0.0	NAN
200	9	0.0	0.373566	0.0	1.30323e-29	NAN
200	10	-0.000262265	0.0	1.19892e-05	0.0	NAN
300	1	0.0	0.183367	0.0	0.00799735	NAN
300	2	0.194556	0.0	2.78383e-31	0.0	NAN
300	3	0.0	0.0	0.0	0.0	NAN
300	4	0.0	0.244886	0.0	1.92508e-29	NAN
300	5	0.0151171	0.0862532	3.51352e-32	2.63924e-31	-1.0
300	6	0.0106802	0.186439	9.93387e-05	8.34068e-30	-5.618e-15
300	7	0.297341	0.0	3.08457e-33	0.0	NAN
300	8	0.0	0.0	0.0	0.0	NAN
300	9	0.0	0.373566	0.0	1.30323e-29	NAN
300	10	0.0	0.0	0.0	0.0	NAN
400	1	0.0	0.270254	0.0	2.66785e-29	NAN
400	2	0.194556	0.0	2.78383e-31	0.0	NAN
400	3	0.0	0.0	0.0	0.0	NAN
400	4	0.0	0.244886	0.0	1.92508e-29	NAN
400	5	0.0151171	0.0862532	3.51352e-32	2.63924e-31	-1.0
400	6	0.398303	0.186439	8.99461e-30	8.34068e-30	1.0
400	7	0.297341	0.0	3.08457e-33	0.0	NAN
400	8	0.0	0.144974	0.0	9.33083e-32	NAN
400	9	0.0	0.373566	0.0	1.30323e-29	NAN
400	10	5.11683e-05	0.0	8.70986e-07	0.0	NAN
500	1	0.0	0.270254	0.0	2.66785e-29	NAN
500	2	0.194556	0.0	2.78383e-31	0.0	NAN
500	3	0.391784	0.143374	0.0121981	6.81382e-30	-5.0639e-14
500	4	0.0	0.244886	0.0	1.92508e-29	NAN
500	5	0.0151171	0.0862532	3.51352e-32	2.63924e-31	-1.0
500	6	0.398303	0.373019	8.99461e-30	1.46856e-29	1.0
500	7	0.608483	0.0	0.000871863	0.0	NAN
500	8	0.0	0.571561	0.0	1.20928e-28	NAN
500	9	0.0	0.761109	0.0	8.91441e-29	NAN
500	10	0.0	0.0219386	0.0	0.00182284	NAN
600	1	0.0	0.270254	0.0	2.66785e-29	NAN
600	2	0.194556	0.0	2.78383e-31	0.0	NAN
600	3	0.774306	0.143374	2.61078e-29	6.81382e-30	-1.0
600	4	0.0	0.244886	0.0	1.92508e-29	NAN
600	5	0.0151171	0.0862532	3.51352e-32	2.63924e-31	-1.0
600	6	0.398303	0.373019	8.99461e-30	1.46856e-29	1.0
600	7	0.614186	0.0	2.24865e-28	0.0	NAN
600	8	0.0	0.571561	0.0	1.20928e-28	NAN
600	9	-0.00323671	0.761109	5.72532e-05	8.91441e-29	7.71307e-16
600	10	0.0	0.17598	0.0	0.000794991	NAN
700	1	-0.00199713	0.270254	3.21181e-07	2.66785e-29	-3.13001e-14
700	2	0.194556	0.0	2.78383e-31	0.0	NAN
700	3	0.774306	0.143374	2.61078e-29	6.81382e-30	-1.0
700	4	0.0	0.244886	0.0	1.92508e-29	NAN
700	5	0.0151171	0.0921543	3.51352e-32	0.000403556	-3.88943e-14
700	6	0.398303	0.373019	8.99461e-30	1.46856e-29	1.0
700	7	0.614186	0.0	2.24865e-28	0.0	NAN
700	8	0.0	0.571561	0.0	1.20928e-28	NAN
700	9	-0.0348433	0.761368	7.14052e-05	3.33773e-05	0.0296606
700	10	0.0	0.184659	0.0	6.81382e-30	NAN
800	1	-0.00231552	0.270254	1.37247e-34	2.66785e-29	-1.0
800	2	0.194556	0.0	2.78383e-31	0.0	NAN
800	3	0.774239	0.08932	4.51812e-06	0.00023419	-0.0454657
800	4	0.0	0.244886	0.0	1.92508e-29	NAN
800	5	0.558261	0.180871	5.44119e-30	3.25808e-30	-1.0
800	6	0.398303	0.373636	8.99461e-30	9.48093e-05	3.94105e-13
800	7	0.614186	0.0	2.24865e-28	0.0	NAN
800	8	0.0	0.571561	0.0	1.20928e-28	NAN
800	9	-0.0389965	0.761109	3.08457e-31	8.91441e-29	-1.0
800	10	0.0	0.184659	0.0	6.81382e-30	NAN
900	1	-0.00231552	0.270254	1.37247e-34	2.66785e-29	-1.0
900	2	0.194556	0.0	2.78383e-31	0.0	NAN
900	3	0.774306	0.0802547	2.61078e-29	1.81392e-30	1.0
900	4	0.0	0.244886	0.0	1.92508e-29	NAN
900	5	0.558261	0.180871	5.44119e-30	3.25808e-30	-1.0
900	6	0.398303	0.681394	8.99461e-30	2.07407e-29	-1.0
900	7	0.614186	0.0	2.24865e-28	0.0	NAN
900	8	0.0	0.571561	0.0	1.20928e-28	NAN
900	9	-0.0389965	0.761109	3.08457e-31	8.91441e-29	-1.0
900	10	0.0	0.184659	0.0	6.81382e-30	NAN
1000	1	0.0162923	0.646769	0.00048061	0.0202568	-0.16739
1000	2	0.194556	0.0	2.78383e-31	0.0	NAN
1000	3	0.774306	0.0803874	2.61078e-29	1.75897e-05	3.22277e-13
1000	4	0.0	0.244886	0.0	1.92508e-29	NAN
1000	5	0.558261	0.180871	5.44119e-30	3.25808e-30	-1.0
1000	6	0.398303	0.681394	8.99461e-30	2.07407e-29	-1.0
1000	7	0.614186	0.0	2.24865e-28	0.0	NAN
1000	8	0.0	0.501898	0.0	0.000253039	NAN
1000	9	-0.0389965	0.813122	3.08457e-31	1.5202e-28	1.0
1000	10	0.0	0.184659	0.0	6.81382e-30	NAN
1100	1	0.0699479	0.695581	1.52706e-30	0.000389672	-6.07159e-13
1100	2	0.194556	0.0	2.78383e-31	0.0	NAN
1100	3	0.774306	0.0802547	2.61078e-29	1.81392e-30	1.0
1100	4	0.0	0.244775	0.0	2.0588e-06	NAN
1100	5	0.558261	0.180871	5.44119e-30	3.25808e-30	-1.0
1100	6	0.398303	0.681394	8.99461e-30	2.07407e-29	-1.0
1100	7	0.702198	0.0	2.21546e-28	0.0	NAN
1100	8	0.0	0.494755	0.0	8.49985e-29	NAN
1100	9	-0.0389965	0.813122	3.08457e-31	1.5202e-28	1.0
1100	10	0.0	0.184659	0.0	6.81382e-30	NAN
1200	1	0.0699479	0.927326	1.52706e-30	1.18497e-28	1.0
1200	2	0.194556	0.00176203	2.78383e-31	7.73846e-06	-4.4304e-15
1200	3	0.774306	0.0802547	2.61078e-29	1.81392e-30	1.0
1200	4	0.0	0.207745	0.0	8.99461e-30	NAN
1200	5	0.717373	0.180871	2.08517e-28	3.25808e-30	1.0
1200	6	0.398303	0.681394	8.99461e-30	2.07407e-29	-1.0
1200	7	0.702198	0.0	2.21546e-28	0.0	NAN
1200	8	0.0	0.79583	0.0	4.89707e-29	NAN
1200	9	-0.0389965	0.813122	3.08457e-31	1.5202e-28	1.0
1200	10	0.31898	0.454592	0.0176385	0.00965477	0.982125
1300	1	0.379109	0.927326	0.000454421	1.18497e-28	-2.76626e-14
1300	2	0.194556	0.0105827	2.78383e-31	1.35221e-32	-1.0
1300	3	0.948549	0.417705	3.48236e-28	9.99401e-31	-1.0
1300	4	0.172874	0.404489	0.000396086	0.000513013	1.0
1300	5	0.717373	0.180871	2.08517e-28	3.25808e-30	1.0
1300	6	0.398303	0.884511	8.99461e-30	4.40736e-28	1.0
1300	7	0.702198	0.0	2.21546e-28	0.0	NAN
1300	8	-3.06853e-05	0.79583	9.4159e-07	4.89707e-29	1.91587e-16
1300	9	-0.152988	0.813122	4.44178e-31	1.5202e-28	1.0
1300	10	0.414476	0.665831	6.48531e-29	5.87426e-29	-1.0
1400	1	0.382074	0.927326	2.4985e-31	1.18497e-28	-1.0
1400	2	0.194556	0.0105827	2.78383e-31	1.35221e-32	-1.0
1400	3	0.948549	0.417705	3.48236e-28	9.99401e-31	-1.0
1400	4	0.17758	0.409844	4.10942e-30	1.59904e-29	1.0
1400	5	0.717373	0.180871	2.08517e-28	3.25808e-30	1.0
1400	6	0.398303	0.884511	8.99461e-30	4.40736e-28	1.0
1400	7	0.702198	0.0	2.21546e-28	0.0	NAN
1400	8	0.0	0.79583	0.0	4.89707e-29	NAN
1400	9	-0.152988	0.813122	4.44178e-31	1.5202e-28	1.0
1400	10	0.414476	0.665831	6.48531e-29	5.87426e-29	-1.0
1500	1	0.382074	0.927326	2.4985e-31	1.18497e-28	-1.0
1500	2	0.194556	0.0105827	2.78383e-31	1.35221e-32	-1.0
1500	3	0.948549	0.417705	3.48236e-28	9.99401e-31	-1.0
1500	4	0.17758	0.409844	4.10942e-30	1.59904e-29	1.0
1500	5	0.717373	0.180871	2.08517e-28	3.25808e-30	1.0
1500	6	0.398303	0.884511	8.99461e-30	4.40736e-28	1.0
1500	7	0.702198	0.178279	2.21546e-28	2.68435e-30	-1.0
1500	8	0.0	0.79583	0.0	4.89707e-29	NAN
1500	9	-0.152988	0.813122	4.44178e-31	1.5202e-28	1.0
1500	10	0.414476	0.665831	6.48531e-29	5.87426e-29	-1.0
1600	1	0.382074	0.927326	2.4985e-31	1.18497e-28	-1.0
1600	2	0.194556	0.0105827	2.78383e-31	1.35221e-32	-1.0
1600	3	0.948549	0.417705	3.48236e-28	9.99401e-31	-1.0
1600	4	0.472495	0.855155	1.64377e-29	1.11009e-06	1.18077e-11
1600	5	0.717373	0.180871	2.08517e-28	3.25808e-30	1.0
1600	6	0.398303	0.884511	8.99461e-30	4.40736e-28	1.0
1600	7	0.702198	0.178279	2.21546e-28	2.68435e-30	-1.0
1600	8	0.0	0.79583	0.0	4.89707e-29	NAN
1600	9	-0.152988	0.813122	4.44178e-31	1.5202e-28	1.0
1600	10	0.414476	0.665831	6.48531e-29	5.87426e-29	-1.0
1700	1	0.382074	0.927326	2.4985e-31	1.18497e-28	-1.0
1700	2	0.194556	0.0105827	2.78383e-31	1.35221e-32	-1.0
1700	3	0.948549	0.417705	3.48236e-28	9.99401e-31	-1.0
1700	4	0.472495	0.848863	1.64377e-29	0.000851908	3.84892e-13
1700	5	0.717373	0.349591	2.08517e-28	4.29496e-29	1.0
1700	6	0.398303	1.04404	8.99461e-30	1.28368e-28	-1.0
1700	7	0.702198	0.178279	2.21546e-28	2.68435e-30	-1.0
1700	8	0.0	0.79583	0.0	4.89707e-29	NAN
1700	9	-0.152988	0.813122	4.44178e-31	1.5202e-28	1.0
1700	10	0.396541	0.665831	3.33627e-29	5.87426e-29	1.0
1800	1	0.382074	1.23761	2.4985e-31	2.70258e-28	1.0
1800	2	0.19437	0.0105827	3.46217e-05	1.35221e-32	-8.98795e-14
1800	3	0.948416	0.382298	1.75852e-05	2.71475e-05	0.00872961
1800	4	0.472495	0.818666	1.64377e-29	0.0065868	-8.55611e-14
1800	5	0.953643	0.594838	3.60784e-28	4.93532e-30	-1.0
1800	6	0.398303	1.04404	8.99461e-30	1.28368e-28	-1.0
1800	7	0.702198	0.178279	2.21546e-28	2.68435e-30	-1.0
1800	8	0.0	0.79583	0.0	4.89707e-29	NAN
1800	9	-0.192033	0.813122	1.57691e-29	1.5202e-28	1.0
1800	10	0.397425	0.666412	7.02953e-05	3.03434e-05	1.0
1900	1	0.382074	1.23761	2.4985e-31	2.70258e-28	1.0
1900	2	0.194556	0.0105827	2.78383e-31	1.35221e-32	-1.0
1900	3	0.948549	0.380861	3.48236e-28	2.12496e-29	1.0
1900	4	0.472495	0.757787	1.64377e-29	0.0100205	-2.41351e-14
1900	5	0.953643	0.594838	3.60784e-28	4.93532e-30	-1.0
1900	6	0.398303	1.04404	8.99461e-30	1.28368e-28	-1.0
1900	7	0.702198	0.178279	2.21546e-28	2.68435e-30	-1.0
1900	8	0.0	0.79583	0.0	4.89707e-29	NAN
1900	9	-0.192033	0.813122	1.57691e-29	1.5202e-28	1.0
1900	10	0.612246	0.716189	0.00321711	0.00138868	1.0
2000	1	0.382074	1.23761	2.4985e-31	2.70258e-28	1.0
2000	2	0.194556	0.0105827	2.78383e-31	1.35221e-32	-1.0
2000	3	0.948549	0.380861	3.48236e-28	2.12496e-29	1.0
2000	4	0.474248	0.743279	5.17369e-06	0.009521	0.0102744
2000	5	0.954015	0.594838	6.90181e-05	4.93532e-30	-2.2756e-12
2000	6	0.398303	1.29703	8.99461e-30	2.70258e-28	1.0
2000	7	0.702198	0.178279	2.21546e-28	2.68435e-30	-1.0
2000	8	0.0	0.795963	0.0	2.92349e-06	NAN
2000	9	-0.192033	0.813122	1.57691e-29	1.5202e-28	1.0
2000	10	0.63715	0.761321	0.00185241	0.000481185	0.728318
2100	1	0.135002	1.23761	3.46166e-30	2.70258e-28	1.0
2100	2	0.194556	0.0105827	2.78383e-31	1.35221e-32	-1.0
2100	3	0.948549	0.380861	3.48236e-28	2.12496e-29	1.0
2100	4	0.480374	0.738158	5.37456e-29	0.0104259	-8.03245e-15
2100	5	0.953643	0.594838	3.60784e-28	4.93532e-30	-1.0
2100	6	0.398303	1.29703	8.99461e-30	2.70258e-28	1.0
2100	7	0.702198	0.178279	2.21546e-28	2.68435e-30	-1.0
2100	8	0.0	0.79583	0.0	4.89707e-29	NAN
2100	9	-0.192033	0.813122	1.57691e-29	1.5202e-28	1.0
2100	10	0.611027	0.770876	6.39694e-05	2.76128e-05	1.0
2200	1	0.135002	1.23761	3.46166e-30	2.70258e-28	1.0
2200	2	0.194556	0.0105827	2.78383e-31	1.35221e-32	-1.0
2200	3	0.948549	0.380861	3.48236e-28	2.12496e-29	1.0
2200	4	0.480374	0.786662	5.37456e-29	0.00809005	-4.7731e-14
2200	5	0.725444	0.594838	0.000364815	4.93532e-30	-5.95582e-13
2200	6	0.398303	1.29703	8.99461e-30	2.70258e-28	1.0
2200	7	0.702198	0.178279	2.21546e-28	2.68435e-30	-1.0
2200	8	0.0	0.79583	0.0	4.89707e-29	NAN
2200	9	-0.192033	0.813122	1.57691e-29	1.5202e-28	1.0
2200	10	0.61183	0.771404	2.77612e-30	2.07407e-29	1.0
2300	1	0.135002	1.23761	3.46166e-30	2.70258e-28	1.0
2300	2	0.194556	0.110024	2.78383e-31	0.000274198	3.2838e-14
2300	3	0.948549	0.380861	3.48236e-28	2.12496e-29	1.0
2300	4	0.480374	0.696908	5.37456e-29	0.00935574	3.35454e-15
2300	5	0.722204	0.594838	1.28368e-28	4.93532e-30	-1.0
2300	6	0.398303	1.29703	8.99461e-30	2.70258e-28	1.0
2300	7	0.702633	0.178279	3.14669e-05	2.68435e-30	-2.65773e-12
2300	8	0.0	0.79583	0.0	4.89707e-29	NAN
2300	9	-0.192033	0.813122	1.57691e-29	1.5202e-28	1.0
2300	10	0.61183	0.771404	2.77612e-30	2.07407e-29	1.0
2400	1	0.135002	1.23761	3.46166e-30	2.70258e-28	1.0
2400	2	0.194556	0.115258	2.78383e-31	6.04576e-31	1.0
2400	3	0.948549	0.380861	3.48236e-28	2.12496e-29	1.0
2400	4	0.480374	0.734033	5.37456e-29	0.00979573	-8.42365e-15
2400	5	0.722204	0.594838	1.28368e-28	4.93532e-30	-1.0
2400	6	0.398303	1.29703	8.99461e-30	2.70258e-28	1.0
2400	7	0.847399	0.178279	9.55477e-29	2.68435e-30	1.0
2400	8	0.0	0.79583	0.0	4.89707e-29	NAN
2400	9	-0.192033	0.813122	1.57691e-29	1.5202e-28	1.0
2400	10	0.61183	0.771404	2.77612e-30	2.07407e-29	1.0
2500	1	0.135002	1.53298	3.46166e-30	2.63003e-28	-1.0
2500	2	0.194556	0.115258	2.78383e-31	6.04576e-31	1.0
2500	3	0.948549	0.380861	3.48236e-28	2.12496e-29	1.0
2500	4	0.480374	0.758783	5.37456e-29	0.00921772	-1.91863e-14
2500	5	0.722824	0.594838	5.45668e-05	4.93532e-30	-1.54393e-12
2500	6	0.398303	1.29686	8.99461e-30	2.86036e-05	3.07494e-12
2500	7	0.847399	0.178158	9.55477e-29	1.46936e-05	4.20505e-13
2500	8	0.0	0.79583	0.0	4.89707e-29	NAN
2500	9	-0.192033	0.813122	1.57691e-29	1.5202e-28	1.0
2500	10	0.61183	0.771404	2.77612e-30	2.07407e-29	1.0
2600	1	0.135002	1.53298	3.46166e-30	2.63003e-28	-1.0
2600	2	0.194556	0.115258	2.78383e-31	6.04576e-31	1.0
2600	3	0.948549	0.380861	3.48236e-28	2.12496e-29	1.0
2600	4	0.480374	0.767602	5.37456e-29	0.00962982	-1.74026e-14
2600	5	0.722204	0.594838	1.28368e-28	4.93532e-30	-1.0
2600	6	0.398303	1.29703	8.99461e-30	2.70258e-28	1.0
2600	7	0.92941	0.178279	0.00302048	2.68435e-30	3.11929e-13
2600	8	0.0	1.06446	0.0	0.0027586	NAN
2600	9	-0.192033	0.813122	1.57691e-29	1.5202e-28	1.0
2600	10	0.61183	0.774293	2.77612e-30	0.000355025	2.41641e-13
2700	1	0.135002	1.53265	3.46166e-30	5.43903e-05	-2.1841e-12
2700	2	0.194556	0.115258	2.78383e-31	6.04576e-31	1.0
2700	3	0.948549	0.380861	3.48236e-28	2.12496e-29	1.0
2700	4	0.480374	0.766748	5.37456e-29	0.0100554	-3.80149e-14
2700	5	0.722204	0.594838	1.28368e-28	4.93532e-30	-1.0
2700	6	0.398303	1.29703	8.99461e-30	2.70258e-28	1.0
2700	7	1.01028	0.239446	6.64096e-28	0.00327797	7.2083e-14
2700	8	0.0	1.08499	0.0	3.90926e-28	NAN
2700	9	-0.192033	0.813122	1.57691e-29	1.5202e-28	1.0
2700	10	0.61183	1.02267	2.77612e-30	3.00265e-28	1.0
2800	1	0.135002	1.51683	3.46166e-30	0.000126485	-2.09737e-13
2800	2	0.194556	0.115258	2.78383e-31	6.04576e-31	1.0
2800	3	0.948502	0.380861	2.23051e-06	2.12496e-29	1.24894e-11
2800	4	0.480374	0.733606	5.37456e-29	0.00965597	-1.9223e-14
2800	5	0.722204	0.594838	1.28368e-28	4.93532e-30	-1.0
2800	6	0.398303	1.29703	8.99461e-30	2.70258e-28	1.0
2800	7	1.01028	0.32394	6.64096e-28	0.001968	5.08894e-16
2800	8	0.0	1.08499	0.0	3.90926e-28	NAN
2800	9	-0.211452	1.01242	5.57151e-30	0.0117692	2.26056e-14
2800	10	0.61183	1.02267	2.77612e-30	3.00265e-28	1.0
2900	1	0.135035	1.50258	1.11043e-06	6.33071e-05	-0.00496133
2900	2	0.194556	0.115258	2.78383e-31	6.04576e-31	1.0
2900	3	0.948549	0.994549	3.48236e-28	2.3497e-28	1.0
2900	4	0.480374	0.771727	5.37456e-29	0.00905114	-3.29484e-14
2900	5	0.722204	0.594838	1.28368e-28	4.93532e-30	-1.0
2900	6	0.398303	1.29703	8.99461e-30	2.70258e-28	1.0
2900	7	1.01028	0.349426	6.64096e-28	0.00013926	-9.81928e-14
2900	8	0.0	1.08499	0.0	3.90926e-28	NAN
2900	9	-0.211452	1.17551	5.57151e-30	1.78165e-29	-1.0
2900	10	0.61183	1.02267	2.77612e-30	3.00265e-28	1.0
3000	1	0.135002	1.60526	3.46166e-30	8.73008e-28	-1.0
3000	2	0.194556	0.115258	2.78383e-31	6.04576e-31	1.0
3000	3	0.948549	0.849747	3.48236e-28	0.00035785	-4.15449e-13
3000	4	0.480374	0.748542	5.37456e-29	0.0102398	-1.77973e-14
3000	5	0.722204	0.594838	1.28368e-28	4.93532e-30	-1.0
3000	6	0.398303	1.30251	8.99461e-30	0.000487888	6.60668e-13
3000	7	1.01028	0.351067	6.64096e-28	1.49293e-30	-1.0
3000	8	0.0	1.08864	0.0	9.67074e-05	NAN
3000	9	-0.0547469	1.17551	0.00125329	1.78165e-29	-2.78886e-14
3000	10	0.97164	1.02267	0.00396299	3.00265e-28	1.47706e-14
3100	1	0.135002	1.60526	3.46166e-30	8.73008e-28	-1.0
3100	2	0.321641	0.451911	0.00307823	1.40874e-05	0.0323114
3100	3	0.948549	0.843886	3.48236e-28	6.30627e-05	-1.03155e-12
3100	4	0.480374	0.716253	5.37456e-29	0.0101172	8.00735e-16
3100	5	0.722204	0.594838	1.28368e-28	4.93532e-30	-1.0
3100	6	0.398303	1.48593	8.99461e-30	3.39994e-28	-1.0
3100	7	1.01028	0.351067	6.64096e-28	1.49293e-30	-1.0
3100	8	0.0	1.14152	0.0	2.71775e-05	NAN
3100	9	-0.0388693	1.17551	4.63168e-32	1.78165e-29	-1.0
3100	10	0.993794	1.02267	1.34364e-29	3.00265e-28	1.0
3200	1	0.135247	1.60526	6.6007e-06	8.73008e-28	-6.95258e-13
3200	2	0.548333	0.45215	3.86929e-29	2.2286e-29	-1.0
3200	3	0.948549	0.72556	3.48236e-28	9.67322e-30	1.0
3200	4	0.738419	0.715115	9.77316e-29	0.00947369	8.8466e-15
3200	5	0.722204	0.594998	1.28368e-28	4.22151e-06	-1.0857e-12
3200	6	0.398303	1.48593	8.99461e-30	3.39994e-28	-1.0
3200	7	1.54019	0.351067	4.26855e-28	1.49293e-30	1.0
3200	8	0.0	1.14249	0.0	1.42631e-29	NAN
3200	9	-0.0379864	1.17551	0.000129276	1.78165e-29	-1.3239e-14
3200	10	0.993794	1.02267	1.34364e-29	3.00265e-28	1.0
3300	1	0.184129	1.60526	0.000210365	8.73008e-28	-1.84604e-13
3300	2	0.548333	0.45215	3.86929e-29	2.2286e-29	-1.0
3300	3	0.948549	0.72556	3.48236e-28	9.67322e-30	1.0
3300	4	0.738419	0.758783	9.77316e-29	0.00958227	-1.88234e-14
3300	5	0.781601	0.648022	0.00385841	1.02173e-28	-1.58342e-13
3300	6	0.398303	1.48593	8.99461e-30	3.39994e-28	-1.0
3300	7	1.54019	0.351067	4.26855e-28	1.49293e-30	1.0
3300	8	0.0	1.14249	0.0	1.42631e-29	NAN
3300	9	0.255439	1.59407	2.66785e-29	2.92615e-28	-1.0
3300	10	0.993794	1.02267	1.34364e-29	3.00265e-28	1.0
3400	1	0.101805	1.60526	4.44178e-31	8.73008e-28	-1.0
3400	2	0.548333	0.45215	3.86929e-29	2.2286e-29	-1.0
3400	3	0.948549	1.23121	3.48236e-28	8.4695e-28	-1.0
3400	4	0.738419	0.779123	9.77316e-29	0.0091294	-4.03262e-14
3400	5	0.917911	0.648022	4.44178e-29	1.02173e-28	1.0
3400	6	0.398303	1.48593	8.99461e-30	3.39994e-28	-1.0
3400	7	1.54019	0.484389	4.26855e-28	2.22406e-05	8.85951e-13
3400	8	0.134489	1.14249	2.24865e-30	1.42631e-29	-1.0
3400	9	0.255439	1.59407	2.66785e-29	2.92615e-28	-1.0
3400	10	0.993794	1.02267	1.34364e-29	3.00265e-28	1.0
3500	1	0.101805	1.60526	4.44178e-31	8.73008e-28	-1.0
3500	2	0.548333	0.45215	3.86929e-29	2.2286e-29	-1.0
3500	3	0.948549	1.32937	3.48236e-28	0.000171684	-1.42691e-12
3500	4	0.738419	0.768598	9.77316e-29	0.00953656	-2.33796e-14
3500	5	0.917911	0.648022	4.44178e-29	1.02173e-28	1.0
3500	6	0.398303	1.48593	8.99461e-30	3.39994e-28	-1.0
3500	7	1.54019	0.484723	4.26855e-28	1.73507e-29	1.0
3500	8	0.134489	1.14249	2.24865e-30	1.42631e-29	-1.0
3500	9	0.255439	1.59407	2.66785e-29	2.92615e-28	-1.0
3500	10	1.30221	1.02267	7.14132e-05	3.00265e-28	-6.16759e-13
3600	1	0.101805	1.60526	4.44178e-31	8.73008e-28	-1.0
3600	2	0.548333	0.45215	3.86929e-29	2.2286e-29	-1.0
3600	3	0.948549	1.33278	3.48236e-28	3.31851e-28	-1.0
3600	4	0.738419	0.729481	9.77316e-29	0.0100414	-1.25426e-15
3600	5	0.917911	0.648022	4.44178e-29	1.02173e-28	1.0
3600	6	0.682136	1.48593	0.0265784	3.39994e-28	2.53854e-14
3600	7	1.54019	0.484723	4.26855e-28	1.73507e-29	1.0
3600	8	0.134489	1.14249	2.24865e-30	1.42631e-29	-1.0
3600	9	0.255439	1.59407	2.66785e-29	2.92615e-28	-1.0
3600	10	1.30268	1.02267	2.61078e-29	3.00265e-28	-1.0
3700	1	0.101805	1.60526	4.44178e-31	8.73008e-28	-1.0
3700	2	0.809841	0.575424	1.71138e-05	3.8029e-06	1.0
3700	3	0.948549	1.33278	3.48236e-28	3.31851e-28	-1.0
3700	4	0.738419	0.738158	9.77316e-29	0.0102234	-1.2597e-14
3700	5	1.01617	0.648022	1.89714e-28	1.02173e-28	-1.0
3700	6	0.865134	1.48593	7.89651e-29	3.39994e-28	1.0
3700	7	1.54019	0.484723	4.26855e-28	1.73507e-29	1.0
3700	8	0.134489	1.14249	2.24865e-30	1.42631e-29	-1.0
3700	9	0.255439	1.59407	2.66785e-29	2.92615e-28	-1.0
3700	10	1.30268	1.02267	2.61078e-29	3.00265e-28	-1.0
3800	1	0.101805	1.60526	4.44178e-31	8.73008e-28	-1.0
3800	2	0.809972	0.575486	9.77316e-29	1.34364e-29	1.0
3800	3	0.948549	1.33278	3.48236e-28	3.31851e-28	-1.0
3800	4	0.738419	0.75096	9.77316e-29	0.010131	-1.95975e-14
3800	5	1.01617	0.645477	1.89714e-28	0.000171593	-6.81061e-13
3800	6	0.865134	1.48593	7.89651e-29	3.39994e-28	1.0
3800	7	1.54019	0.484723	4.26855e-28	1.73507e-29	1.0
3800	8	0.134489	1.14249	2.24865e-30	1.42631e-29	-1.0
3800	9	0.255439	1.59407	2.66785e-29	2.92615e-28	-1.0
3800	10	1.56816	1.02267	2.4183e-28	3.00265e-28	-1.0
3900	1	0.101805	1.60526	4.44178e-31	8.73008e-28	-1.0
3900	2	1.02283	0.819111	3.00265e-28	0.000847679	5.24928e-13
3900	3	1.42715	1.33278	0.000687829	3.31851e-28	8.01581e-13
3900	4	0.738419	0.759779	9.77316e-29	0.00979012	-2.20034e-14
3900	5	1.01617	0.586868	1.89714e-28	6.39617e-29	-1.0
3900	6	0.865134	1.48593	7.89651e-29	3.39994e-28	1.0
3900	7	1.54019	0.484723	4.26855e-28	1.73507e-29	1.0
3900	8	0.134489	1.14249	2.24865e-30	1.42631e-29	-1.0
3900	9	0.33527	1.59407	4.89707e-29	2.92615e-28	-1.0
3900	10	1.56816	1.02267	2.4183e-28	3.00265e-28	-1.0
4000	1	0.101805	1.60526	4.44178e-31	8.73008e-28	-1.0
4000	2	1.02283	0.826	3.00265e-28	2.66618e-28	1.0
4000	3	1.78814	1.67362	8.86185e-28	1.09021e-28	1.0
4000	4	0.738419	0.712839	9.77316e-29	0.00975853	9.69452e-15
4000	5	1.01617	0.586868	1.89714e-28	6.39617e-29	-1.0
4000	6	0.865243	1.48593	1.18708e-05	3.39994e-28	2.56149e-12
4000	7	1.54019	0.484723	4.26855e-28	1.73507e-29	1.0
4000	8	0.134489	1.14249	2.24865e-30	1.42631e-29	-1.0
4000	9	0.33527	1.59407	4.89707e-29	2.92615e-28	-1.0
4000	10	1.7001	1.02267	6.53369e-05	3.00265e-28	3.1623e-12
4100	1	0.101805	1.60526	4.44178e-31	8.73008e-28	-1.0
4100	2	0.876161	0.826	0.000156093	2.66618e-28	-4.75715e-13
4100	3	1.78814	1.67362	8.86185e-28	1.09021e-28	1.0
4100	4	0.738419	0.738158	9.77316e-29	0.00961579	-5.18348e-15
4100	5	1.01617	0.586868	1.89714e-28	6.39617e-29	-1.0
4100	6	1.08304	1.48593	4.93532e-28	3.39994e-28	1.0
4100	7	1.54019	0.681373	4.26855e-28	0.000435254	7.86634e-13
4100	8	0.134489	1.1456	2.24865e-30	0.000527421	-1.61636e-13
4100	9	0.33527	1.60334	4.89707e-29	0.000817154	-5.65256e-13
4100	10	1.70109	1.02267	6.41394e-28	3.00265e-28	1.0
4200	1	0.101805	1.60526	4.44178e-31	8.73008e-28	-1.0
4200	2	0.874003	0.826	4.29496e-29	2.66618e-28	-1.0
4200	3	1.78814	1.67362	8.86185e-28	1.09021e-28	1.0
4200	4	0.738419	0.776705	9.77316e-29	0.00909094	-2.98603e-14
4200	5	1.01617	0.586868	1.89714e-28	6.39617e-29	-1.0
4200	6	1.08304	1.48593	4.93532e-28	3.39994e-28	1.0
4200	7	1.54019	0.685899	4.26855e-28	2.88827e-28	1.0
4200	8	0.134489	1.4878	2.24865e-30	5.44119e-28	1.0
4200	9	0.33527	1.78125	4.89707e-29	2.38869e-29	1.0
4200	10	1.69895	1.02267	0.000139489	3.00265e-28	2.16435e-12
4300	1	0.101805	1.60526	4.44178e-31	8.73008e-28	-1.0
4300	2	0.874003	0.826	4.29496e-29	2.66618e-28	-1.0
4300	3	1.78814	1.67362	8.86185e-28	1.09021e-28	1.0
4300	4	0.738419	0.818947	9.77316e-29	0.0149403	-5.04805e-14
4300	5	1.01617	0.586868	1.89714e-28	6.39617e-29	-1.0
4300	6	1.08304	1.48592	4.93532e-28	2.77514e-07	3.53483e-11
4300	7	1.54019	0.91079	4.26855e-28	6.04576e-31	-1.0
4300	8	0.134489	1.57602	2.24865e-30	1.31126e-27	1.0
4300	9	0.33527	1.78125	4.89707e-29	2.38869e-29	1.0
4300	10	1.63255	1.02267	0.00218634	3.00265e-28	3.32841e-13
4400	1	0.101805	1.60526	4.44178e-31	8.73008e-28	-1.0
4400	2	0.874003	0.826	4.29496e-29	2.66618e-28	-1.0
4400	3	1.78814	1.9358	8.86185e-28	5.75655e-28	-1.0
4400	4	0.738419	0.975543	9.77316e-29	0.0103298	4.88502e-15
4400	5	1.01617	0.586868	1.89714e-28	6.39617e-29	-1.0
4400	6	1.08304	1.45262	4.93532e-28	4.44178e-31	1.0
4400	7	1.54019	0.91079	4.26855e-28	6.04576e-31	-1.0
4400	8	0.134489	1.52617	2.24865e-30	0.000772873	-2.19235e-13
4400	9	0.33527	1.78125	4.89707e-29	2.38869e-29	1.0
4400	10	1.57862	1.02267	0.000692239	3.00265e-28	-7.70013e-13
4500	1	0.101805	1.60526	4.44178e-31	8.73008e-28	-1.0
4500	2	0.874003	0.826	4.29496e-29	2.66618e-28	-1.0
4500	3	1.78814	1.9358	8.86185e-28	5.75655e-28	-1.0
4500	4	0.738419	0.992611	9.77316e-29	0.00853618	-1.10536e-14
4500	5	0.921267	0.586868	4.34105e-07	6.39617e-29	2.35924e-12
4500	6	1.08304	1.45262	4.93532e-28	4.44178e-31	1.0
4500	7	1.58392	0.91079	9.35843e-05	6.04576e-31	3.05808e-12
4500	8	0.134363	1.49581	1.58241e-05	1.97413e-31	3.78732e-13
4500	9	0.33527	1.78125	4.89707e-29	2.38869e-29	1.0
4500	10	1.56809	1.02267	7.52518e-05	3.00265e-28	-3.69551e-12
4600	1	0.101805	1.60526	4.44178e-31	8.73008e-28	-1.0
4600	2	0.874003	0.826	4.29496e-29	2.66618e-28	-1.0
4600	3	1.78814	1.9358	8.86185e-28	5.75655e-28	-1.0
4600	4	0.738419	0.987349	9.77316e-29	0.00951695	-7.90125e-17
4600	5	0.922327	0.586868	5.44119e-28	6.39617e-29	1.0
4600	6	1.08304	1.46657	4.93532e-28	0.00129663	-1.15579e-13
4600	7	1.58819	0.91079	1.03765e-27	6.04576e-31	1.0
4600	8	0.134489	1.49581	2.24865e-30	1.97413e-31	1.0
4600	9	0.33527	1.78125	4.89707e-29	2.38869e-29	1.0
4600	10	1.56695	1.02267	1.09569e-27	3.00265e-28	-1.0
4700	1	0.101805	1.60526	4.44178e-31	8.73008e-28	-1.0
4700	2	0.874003	0.755702	4.29496e-29	1.23664e-05	1.88982e-12
4700	3	1.78814	1.9358	8.86185e-28	5.75655e-28	-1.0
4700	4	0.746526	0.930635	0.000203034	0.0134031	0.0297647
4700	5	0.922327	0.586868	5.44119e-28	6.39617e-29	1.0
4700	6	1.08304	1.65195	4.93532e-28	1.42631e-27	-1.0
4700	7	1.58819	0.91079	1.03765e-27	6.04576e-31	1.0
4700	8	0.134765	1.49581	9.42425e-08	1.97413e-31	2.98907e-12
4700	9	0.33527	1.83949	4.89707e-29	0.00721643	9.92458e-14
4700	10	1.56704	1.02267	7.40355e-06	3.00265e-28	-1.21186e-11
4800	1	0.101805	1.60526	4.44178e-31	8.73008e-28	-1.0
4800	2	0.874003	0.755349	4.29496e-29	4.44178e-29	1.0
4800	3	1.78814	1.9358	8.86185e-28	5.75655e-28	-1.0
4800	4	0.801185	0.738253	2.96993e-06	0.00981604	-0.0250134
4800	5	1.05007	0.586868	6.39617e-29	6.39617e-29	-1.0
4800	6	1.08304	1.65195	4.93532e-28	1.42631e-27	-1.0
4800	7	1.61443	0.91079	0.000862754	6.04576e-31	8.05796e-13
4800	8	0.135474	1.49581	1.70346e-30	1.97413e-31	-1.0
4800	9	0.33527	2.08325	4.89707e-29	5.1347e-28	1.0
4800	10	1.98265	1.20569	1.05201e-27	3.86929e-29	-1.0
4900	1	0.101805	1.60526	4.44178e-31	8.73008e-28	-1.0
4900	2	0.874003	0.755349	4.29496e-29	4.44178e-29	1.0
4900	3	1.78814	1.9358	8.86185e-28	5.75655e-28	-1.0
4900	4	0.801262	0.735266	1.06714e-28	0.0101243	-1.72653e-14
4900	5	1.05007	0.586868	6.39617e-29	6.39617e-29	-1.0
4900	6	1.08304	1.69136	4.93532e-28	7.77454e-07	-7.49461e-12
4900	7	1.68398	0.91079	1.1253e-27	6.04576e-31	-1.0
4900	8	0.601928	1.49581	4.93532e-32	1.97413e-31	1.0
4900	9	0.33527	2.08325	4.89707e-29	5.1347e-28	1.0
4900	10	1.98265	1.20569	1.05201e-27	3.86929e-29	-1.0
5000	1	0.101805	1.60526	4.44178e-31	8.73008e-28	-1.0
5000	2	0.966017	0.755349	1.74723e-28	4.44178e-29	-1.0
5000	3	1.78814	1.9358	8.86185e-28	5.75655e-28	-1.0
5000	4	0.801262	0.752619	1.06714e-28	0.00909458	-2.42873e-14
5000	5	1.05007	0.586868	6.39617e-29	6.39617e-29	-1.0
5000	6	1.08304	1.6914	4.93532e-28	4.44178e-29	-1.0
5000	7	1.67798	0.91079	6.19086e-28	6.04576e-31	-1.0
5000	8	0.602553	1.49581	3.14042e-06	1.97413e-31	3.33461e-13
5000	9	0.33527	2.08325	4.89707e-29	5.1347e-28	1.0
5000	10	1.98265	1.20569	1.05201e-27	3.86929e-29	-1.0
5100	1	0.101805	1.60526	4.44178e-31	8.73008e-28	-1.0
5100	2	0.966064	0.755349	2.24684e-06	4.44178e-29	-8.85913e-12
5100	3	1.78814	1.9358	8.86185e-28	5.75655e-28	-1.0
5100	4	0.801262	0.740671	1.06714e-28	0.00987553	-1.42689e-14
5100	5	1.05007	0.586868	6.39617e-29	6.39617e-29	-1.0
5100	6	1.08304	1.6914	4.93532e-28	4.44178e-29	-1.0
5100	7	1.67798	0.91079	6.19086e-28	6.04576e-31	-1.0
5100	8	0.612347	1.49581	2.72553e-29	1.97413e-31	1.0
5100	9	0.33527	2.08325	4.89707e-29	5.1347e-28	1.0
5100	10	2.14733	1.20569	7.10686e-28	3.86929e-29	1.0
5200	1	0.404884	1.60526	3.8005e-29	8.73008e-28	1.0
5200	2	1.06082	0.755349	6.52696e-28	4.44178e-29	-1.0
5200	3	1.78814	1.9358	8.86185e-28	5.75655e-28	-1.0
5200	4	0.801262	0.723033	1.06714e-28	0.0105716	-1.78065e-14
5200	5	1.05007	0.586868	6.39617e-29	6.39617e-29	-1.0
5200	6	1.08304	1.6914	4.93532e-28	4.44178e-29	-1.0
5200	7	1.67798	0.91079	6.19086e-28	6.04576e-31	-1.0
5200	8	0.612347	1.49581	2.72553e-29	1.97413e-31	1.0
5200	9	0.33527	2.08325	4.89707e-29	5.1347e-28	1.0
5200	10	2.14733	1.20569	7.10686e-28	3.86929e-29	1.0
5300	1	0.404884	1.60066	3.8005e-29	0.000460134	1.26084e-12
5300	2	1.06082	0.755349	6.52696e-28	4.44178e-29	-1.0
5300	3	1.78814	1.9358	8.86185e-28	5.75655e-28	-1.0
5300	4	0.801262	0.713361	1.06714e-28	0.0106105	-7.19518e-15
5300	5	1.05007	0.586868	6.39617e-29	6.39617e-29	-1.0
5300	6	1.08304	1.6914	4.93532e-28	4.44178e-29	-1.0
5300	7	1.67798	0.91079	6.19086e-28	6.04576e-31	-1.0
5300	8	0.612347	1.49581	2.72553e-29	1.97413e-31	1.0
5300	9	0.33527	2.08325	4.89707e-29	5.1347e-28	1.0
5300	10	2.14733	1.20569	7.10686e-28	3.86929e-29	1.0
5400	1	0.404884	1.64915	3.8005e-29	0.000214402	1.32919e-12
5400	2	1.06082	0.755349	6.52696e-28	4.44178e-29	-1.0
5400	3	1.78814	1.9358	8.86185e-28	5.75655e-28	-1.0
5400	4	0.801262	0.726589	1.06714e-28	0.0100891	-1.31985e-14
5400	5	1.05013	0.586868	3.16404e-07	6.39617e-29	-1.38543e-11
5400	6	1.09066	1.69713	0.000911011	0.000515374	1.0
5400	7	1.67798	0.91079	6.19086e-28	6.04576e-31	-1.0
5400	8	0.612347	1.49581	2.72553e-29	1.97413e-31	1.0
5400	9	0.335198	2.08325	5.18092e-06	5.1347e-28	3.05816e-12
5400	10	2.14733	1.20569	7.10686e-28	3.86929e-29	1.0
5500	1	0.404884	1.64862	3.8005e-29	1.57555e-06	7.90568e-12
5500	2	1.06082	0.755349	6.52696e-28	4.44178e-29	-1.0
5500	3	1.74982	2.03846	7.58854e-28	0.00127187	-2.92574e-16
5500	4	0.801262	0.723602	1.06714e-28	0.0100845	-3.25921e-14
5500	5	1.06039	0.594564	6.04576e-29	0.00070663	-2.89995e-13
5500	6	1.3371	1.88249	4.93532e-32	8.99461e-28	-1.0
5500	7	1.67798	0.91079	6.19086e-28	6.04576e-31	-1.0
5500	8	0.588122	1.57233	1.06714e-28	4.93532e-28	1.0
5500	9	0.33527	1.93174	4.89707e-29	1.58132e-27	-1.0
5500	10	2.14733	1.20569	7.10686e-28	3.86929e-29	1.0
5600	1	0.405093	1.64929	1.13072e-06	4.33117e-05	-1.0
5600	2	1.06082	0.755349	6.52696e-28	4.44178e-29	-1.0
5600	3	1.74982	2.06341	7.58854e-28	1.97413e-29	1.0
5600	4	0.800541	0.719193	8.09985e-07	0.0101359	0.00834261
5600	5	1.06039	0.77231	6.04576e-29	1.16091e-28	1.0
5600	6	1.3371	1.88249	4.93532e-32	8.99461e-28	-1.0
5600	7	1.67798	0.91079	6.19086e-28	6.04576e-31	-1.0
5600	8	0.848198	1.43533	1.5202e-28	4.22685e-05	-2.05582e-12
5600	9	0.33527	1.93174	4.89707e-29	1.58132e-27	-1.0
5600	10	2.14733	1.20569	7.10686e-28	3.86929e-29	1.0
5700	1	0.416145	1.58088	1.06714e-28	4.54839e-28	-1.0
5700	2	1.06082	0.755349	6.52696e-28	4.44178e-29	-1.0
5700	3	1.74982	2.06341	7.58854e-28	1.97413e-29	1.0
5700	4	0.798344	0.750912	6.39617e-29	0.00996431	-3.92064e-15
5700	5	1.06033	0.77231	4.47627e-06	1.16091e-28	3.75798e-12
5700	6	1.41128	1.88249	0.000983336	8.99461e-28	2.33078e-13
5700	7	1.67798	0.91079	6.19086e-28	6.04576e-31	-1.0
5700	8	1.14216	1.43471	1.77671e-30	1.66024e-28	-1.0
5700	9	0.33527	1.93174	4.89707e-29	1.58132e-27	-1.0
5700	10	2.14733	1.20569	7.10686e-28	3.86929e-29	1.0
5800	1	0.416145	1.63838	1.06714e-28	0.00247941	-1.13391e-13
5800	2	1.06082	0.755349	6.52696e-28	4.44178e-29	-1.0
5800	3	1.74982	2.06341	7.58854e-28	1.97413e-29	1.0
5800	4	0.798344	0.752989	6.39617e-29	0.00998039	9.89761e-15
5800	5	1.06039	0.77231	6.04576e-29	1.16091e-28	1.0
5800	6	1.43754	1.88251	1.60348e-28	2.81266e-07	5.66819e-11
5800	7	1.67798	0.91079	6.19086e-28	6.04576e-31	-1.0
5800	8	1.14216	1.43471	1.77671e-30	1.66024e-28	-1.0
5800	9	0.33527	1.93174	4.89707e-29	1.58132e-27	-1.0
5800	10	2.14733	1.20569	7.10686e-28	3.86929e-29	1.0
5900	1	0.699608	1.72321	1.28368e-28	5.54532e-28	-1.0
5900	2	1.06082	0.755349	6.52696e-28	4.44178e-29	-1.0
5900	3	1.74982	2.17602	7.58854e-28	3.17325e-06	1.17328e-11
5900	4	0.798237	0.742055	1.13621e-05	0.0104559	-0.0452219
5900	5	1.06039	0.77231	6.04576e-29	1.16091e-28	1.0
5900	6	1.43754	2.65289	1.60348e-28	1.54772e-28	-1.0
5900	7	1.67798	0.91079	6.19086e-28	6.04576e-31	-1.0
5900	8	1.14216	1.43471	1.77671e-30	1.66024e-28	-1.0
5900	9	0.33527	1.93174	4.89707e-29	1.58132e-27	-1.0
5900	10	2.52764	1.20569	4.54839e-28	3.86929e-29	-1.0
6000	1	0.699608	1.72321	1.28368e-28	5.54532e-28	-1.0
6000	2	1.06082	0.755349	6.52696e-28	4.44178e-29	-1.0
6000	3	1.74982	2.17607	7.58854e-28	4.54839e-28	1.0
6000	4	0.824092	0.751586	1.11045e-29	0.0098914	1.77421e-14
6000	5	1.06039	0.77231	6.04576e-29	1.16091e-28	1.0
6000	6	1.36748	2.65647	0.003062	4.75558e-05	8.94574e-05
6000	7	1.67798	0.91079	6.19086e-28	6.04576e-31	-1.0
6000	8	1.14216	1.43471	1.77671e-30	1.66024e-28	-1.0
6000	9	0.33527	1.93174	4.89707e-29	1.58132e-27	-1.0
6000	10	2.52764	1.44481	4.54839e-28	1.00922e-27	-1.0
6100	1	0.699608	1.72321	1.28368e-28	5.54532e-28	-1.0
6100	2	1.10698	0.755349	5.33345e-07	4.44178e-29	7.66421e-12
6100	3	1.74982	2.17607	7.58854e-28	4.54839e-28	1.0
6100	4	0.824092	0.737219	1.11045e-29	0.00994971	7.45298e-15
6100	5	1.06039	0.77231	6.04576e-29	1.16091e-28	1.0
6100	6	1.28061	2.68324	0.000244648	2.38869e-27	9.76458e-13
6100	7	1.67798	0.91079	6.19086e-28	6.04576e-31	-1.0
6100	8	1.14216	1.43471	1.77671e-30	1.66024e-28	-1.0
6100	9	0.33527	1.93174	4.89707e-29	1.58132e-27	-1.0
6100	10	2.52764	1.44481	4.54839e-28	1.00922e-27	-1.0
6200	1	0.699608	2.05712	1.28368e-28	0.000446408	1.59989e-12
6200	2	1.35775	0.755349	0.000864676	4.44178e-29	2.92542e-13
6200	3	1.74982	2.17607	7.58854e-28	4.54839e-28	1.0
6200	4	0.824092	0.773917	1.11045e-29	0.0093606	3.05318e-14
6200	5	1.08307	0.77231	7.4118e-05	1.16091e-28	-1.04648e-12
6200	6	1.4202	2.68324	2.05195e-05	2.38869e-27	-7.04325e-12
6200	7	1.67798	0.91079	6.19086e-28	6.04576e-31	-1.0
6200	8	1.14216	1.43471	1.77671e-30	1.66024e-28	-1.0
6200	9	0.33527	1.80559	4.89707e-29	0.00426338	-3.19226e-13
6200	10	2.5277	1.44481	8.85692e-05	1.00922e-27	-2.21286e-12
6300	1	0.699608	2.05981	1.28368e-28	1.14026e-27	1.0
6300	2	1.36484	0.755349	1.1371e-28	4.44178e-29	1.0
6300	3	1.74982	2.22369	7.58854e-28	0.00699798	2.25939e-13
6300	4	0.824092	0.763787	1.11045e-29	0.0100947	-1.42878e-14
6300	5	1.21427	0.77231	0.00277632	1.16091e-28	9.97288e-15
6300	6	1.67579	2.90765	0.000424017	0.000327607	1.0
6300	7	1.67798	0.91079	6.19086e-28	6.04576e-31	-1.0
6300	8	1.14216	1.43471	1.77671e-30	1.66024e-28	-1.0
6300	9	0.33527	1.73751	4.89707e-29	2.03379e-27	-1.0
6300	10	2.51671	1.44481	3.08267e-06	1.00922e-27	-1.77965e-11
6400	1	0.699608	2.05981	1.28368e-28	1.14026e-27	1.0
6400	2	1.36484	0.755349	1.1371e-28	4.44178e-29	1.0
6400	3	1.96647	2.5084	0.0145248	0.000690839	0.017708
6400	4	0.824092	0.750242	1.11045e-29	0.0105667	-1.00107e-14
6400	5	1.25987	0.77231	1.49293e-28	1.16091e-28	-1.0
6400	6	1.67915	2.9106	5.33804e-28	1.85746e-27	1.0
6400	7	1.67798	0.91079	6.19086e-28	6.04576e-31	-1.0
6400	8	1.14216	1.43471	1.77671e-30	1.66024e-28	-1.0
6400	9	0.54407	1.73751	0.0117464	2.03379e-27	6.31499e-15
6400	10	2.51615	1.44481	9.39882e-28	1.00922e-27	-1.0
6500	1	0.699608	2.05981	1.28368e-28	1.14026e-27	1.0
6500	2	1.36484	0.755349	1.1371e-28	4.44178e-29	1.0
6500	3	2.10038	2.51261	1.02339e-27	1.52876e-27	1.0
6500	4	0.824092	0.753513	1.11045e-29	0.0100241	-1.18841e-14
6500	5	1.25987	0.77231	1.49293e-28	1.16091e-28	-1.0
6500	6	1.67915	2.9106	5.33804e-28	1.85746e-27	1.0
6500	7	1.67798	0.91079	6.19086e-28	6.04576e-31	-1.0
6500	8	1.14216	1.43471	1.77671e-30	1.66024e-28	-1.0
6500	9	0.65405	1.73751	2.61078e-29	2.03379e-27	1.0
6500	10	2.51615	1.44481	9.39882e-28	1.00922e-27	-1.0
6600	1	0.699608	2.05981	1.28368e-28	1.14026e-27	1.0
6600	2	1.36484	0.755349	1.1371e-28	4.44178e-29	1.0
6600	3	2.10038	2.98737	1.02339e-27	1.46006e-27	1.0
6600	4	0.824092	0.751949	1.11045e-29	0.0100045	-1.17497e-14
6600	5	1.25987	0.77231	1.49293e-28	1.16091e-28	-1.0
6600	6	1.67915	2.9106	5.33804e-28	1.85746e-27	1.0
6600	7	1.67798	0.91079	6.19086e-28	6.04576e-31	-1.0
6600	8	1.14216	1.43471	1.77671e-30	1.66024e-28	-1.0
6600	9	0.65405	1.73751	2.61078e-29	2.03379e-27	1.0
6600	10	2.51622	1.44492	6.30024e-06	1.39902e-05	1.0
6700	1	1.09632	2.05981	1.33451e-28	1.14026e-27	1.0
6700	2	1.36484	0.752446	1.1371e-28	4.98923e-05	5.02657e-13
6700	3	2.10038	2.98737	1.02339e-27	1.46006e-27	1.0
6700	4	0.824092	0.756927	1.11045e-29	0.0100866	-9.47708e-15
6700	5	1.25987	0.77231	1.49293e-28	1.16091e-28	-1.0
6700	6	1.67915	2.9106	5.33804e-28	1.85746e-27	1.0
6700	7	1.67798	0.91079	6.19086e-28	6.04576e-31	-1.0
6700	8	1.14216	1.43471	1.77671e-30	1.66024e-28	-1.0
6700	9	0.65405	1.73751	2.61078e-29	2.03379e-27	1.0
6700	10	2.51615	1.44481	9.39882e-28	1.00922e-27	-1.0
6800	1	1.09632	2.05981	1.33451e-28	1.14026e-27	1.0
6800	2	1.36484	0.71765	1.1371e-28	1.63174e-28	1.0
6800	3	2.10038	2.98737	1.02339e-27	1.46006e-27	1.0
6800	4	0.824092	0.75963	1.11045e-29	0.00967065	-9.22243e-15
6800	5	1.25987	0.772392	1.49293e-28	6.64713e-06	-4.22489e-12
6800	6	1.67915	2.9106	5.33804e-28	1.85746e-27	1.0
6800	7	1.95403	0.91079	5.86365e-28	6.04576e-31	1.0
6800	8	1.14216	1.43471	1.77671e-30	1.66024e-28	-1.0
6800	9	0.65405	1.73751	2.61078e-29	2.03379e-27	1.0
6800	10	2.51615	1.44481	9.39882e-28	1.00922e-27	-1.0
6900	1	1.09632	2.15793	1.33451e-28	0.00174403	-7.47843e-13
6900	2	1.54889	0.719747	0.00526291	0.00025435	0.0693084
6900	3	2.10038	2.98737	1.02339e-27	1.46006e-27	1.0
6900	4	0.824092	1.01566	1.11045e-29	0.00981939	5.08073e-15
6900	5	1.25987	0.77231	1.49293e-28	1.16091e-28	-1.0
6900	6	1.71887	2.94166	0.00126599	7.10686e-30	-7.11969e-14
6900	7	1.90723	0.97447	3.99761e-28	1.18571e-29	-1.0
6900	8	1.13704	1.43471	0.000150938	1.66024e-28	1.33694e-13
6900	9	0.65405	1.73751	2.61078e-29	2.03379e-27	1.0
6900	10	2.51802	1.49916	0.000203996	1.60348e-28	-2.06518e-12
7000	1	1.09734	2.19423	9.37254e-05	7.72095e-05	1.0
7000	2	1.60644	0.96427	0.000116548	2.08517e-28	-1.96946e-12
7000	3	2.10038	2.98737	1.02339e-27	1.46006e-27	1.0
7000	4	0.824092	1.01196	1.11045e-29	0.0102965	-4.02489e-15
7000	5	1.25987	0.77231	1.49293e-28	1.16091e-28	-1.0
7000	6	1.78325	2.94166	6.64096e-28	7.10686e-30	-1.0
7000	7	1.90723	0.97447	3.99761e-28	1.18571e-29	-1.0
7000	8	1.32158	1.52603	0.000507298	6.39617e-29	7.68642e-13
7000	9	0.65405	1.73751	2.61078e-29	2.03379e-27	1.0
7000	10	2.73701	1.49916	8.59929e-28	1.60348e-28	1.0
7100	1	1.28186	2.85751	1.1371e-28	0.000316062	-1.73455e-12
7100	2	1.39662	0.96427	2.28209e-28	2.08517e-28	-1.0
7100	3	2.10038	2.98737	1.02339e-27	1.46006e-27	1.0
7100	4	0.824092	1.0047	1.11045e-29	0.0101401	-2.72725e-15
7100	5	1.25987	0.77231	1.49293e-28	1.16091e-28	-1.0
7100	6	1.78325	2.94166	6.64096e-28	7.10686e-30	-1.0
7100	7	1.90723	0.97447	3.99761e-28	1.18571e-29	-1.0
7100	8	1.30801	1.52603	0.000349013	6.39617e-29	7.01167e-13
7100	9	0.65405	1.73751	2.61078e-29	2.03379e-27	1.0
7100	10	2.73701	1.49916	8.59929e-28	1.60348e-28	1.0
7200	1	1.28186	2.76575	1.1371e-28	2.33909e-06	1.67759e-11
7200	2	1.39662	0.96427	2.28209e-28	2.08517e-28	-1.0
7200	3	2.10038	2.98737	1.02339e-27	1.46006e-27	1.0
7200	4	1.32293	1.02078	1.17046e-27	0.0108148	-1.02099e-14
7200	5	1.48151	0.972185	5.03452e-28	2.18252e-28	-1.0
7200	6	1.78325	2.94231	6.64096e-28	4.95536e-06	-3.12945e-12
7200	7	1.90723	0.97447	3.99761e-28	1.18571e-29	-1.0
7200	8	1.29627	1.52603	5.01326e-05	6.39617e-29	1.01065e-12
7200	9	0.65405	1.73751	2.61078e-29	2.03379e-27	1.0
7200	10	2.73701	1.49916	8.59929e-28	1.60348e-28	1.0
7300	1	1.47045	2.78183	4.44178e-31	1.26344e-27	-1.0
7300	2	1.39662	1.39045	2.28209e-28	2.92615e-28	-1.0
7300	3	2.10038	2.98737	1.02339e-27	1.46006e-27	1.0
7300	4	1.32293	1.01423	1.17046e-27	0.00992511	8.07154e-15
7300	5	1.48151	0.972185	5.03452e-28	2.18252e-28	-1.0
7300	6	1.78321	2.95785	1.43124e-06	6.31241e-07	-0.926806
7300	7	2.28689	0.97447	0.00406129	1.18571e-29	-2.35923e-13
7300	8	1.29463	1.52603	3.86929e-29	6.39617e-29	1.0
7300	9	0.65405	1.88243	2.61078e-29	2.4183e-30	1.0
7300	10	2.73701	1.49916	8.59929e-28	1.60348e-28	1.0
7400	1	1.47572	2.78183	1.27655e-06	1.26344e-27	-2.66985e-11
7400	2	1.39662	1.39045	2.28209e-28	2.92615e-28	-1.0
7400	3	2.10038	2.98737	1.02339e-27	1.46006e-27	1.0
7400	4	1.32293	1.03002	1.17046e-27	0.00997466	-1.16245e-15
7400	5	1.48714	0.972185	0.000902958	2.18252e-28	-7.39918e-13
7400	6	1.78325	2.95785	6.64096e-28	4.68184e-27	-1.0
7400	7	2.30771	0.97447	2.4183e-28	1.18571e-29	-1.0
7400	8	2.02945	1.59474	0.00781255	5.97173e-28	3.05869e-13
7400	9	0.65405	1.88243	2.61078e-29	2.4183e-30	1.0
7400	10	2.73701	1.49916	8.59929e-28	1.60348e-28	1.0
7500	1	1.47621	2.78183	1.34364e-27	1.26344e-27	-1.0
7500	2	1.39662	1.41046	2.28209e-28	0.00352382	-2.96129e-13
7500	3	2.10038	2.98759	1.02339e-27	8.37875e-06	1.30773e-11
7500	4	1.65883	1.04837	0.0112744	0.00983437	-0.0813058
7500	5	1.81296	0.972185	2.3497e-28	2.18252e-28	-1.0
7500	6	1.78325	2.95785	6.64096e-28	4.68184e-27	-1.0
7500	7	2.43616	0.97447	0.00160497	1.18571e-29	1.09228e-14
7500	8	2.12946	1.66497	0.000257051	0.000363467	1.0
7500	9	0.65405	2.39036	2.61078e-29	1.78165e-27	-1.0
7500	10	2.73701	1.49916	8.59929e-28	1.60348e-28	1.0
7600	1	1.47621	3.15398	1.34364e-27	6.11505e-27	-1.0
7600	2	1.39662	1.76804	2.28209e-28	8.59929e-28	1.0
7600	3	2.10038	3.06211	1.02339e-27	6.98931e-06	4.76793e-13
7600	4	1.91308	1.06317	1.68911e-27	0.00980229	-2.76039e-14
7600	5	1.81296	0.972185	2.3497e-28	2.18252e-28	-1.0
7600	6	1.78443	2.95785	3.4313e-05	4.68184e-27	-4.42423e-12
7600	7	2.46209	1.30694	1.77671e-30	5.03452e-28	1.0
7600	8	2.13789	2.01498	1.97413e-27	2.38869e-27	1.0
7600	9	0.65405	2.44138	2.61078e-29	5.33804e-28	1.0
7600	10	2.91432	1.82362	2.56557e-27	4.83426e-06	1.55925e-11
7700	1	1.47667	3.15398	4.25692e-05	6.11505e-27	-5.60358e-12
7700	2	1.39662	1.76804	2.28209e-28	8.59929e-28	1.0
7700	3	2.10038	3.0623	1.02339e-27	1.77671e-30	1.0
7700	4	1.91308	1.06274	1.68911e-27	0.00864366	-1.87643e-14
7700	5	1.81296	1.07754	2.3497e-28	1.09021e-28	-1.0
7700	6	1.84374	2.95785	1.17046e-27	4.68184e-27	-1.0
7700	7	2.46209	1.30694	1.77671e-30	5.03452e-28	1.0
7700	8	2.13789	2.01498	1.97413e-27	2.38869e-27	1.0
7700	9	0.65405	2.44138	2.61078e-29	5.33804e-28	1.0
7700	10	2.91432	1.82302	2.56557e-27	1.10377e-05	1.07395e-11
7800	1	1.66112	3.15398	2.61078e-29	6.11505e-27	-1.0
7800	2	1.39662	1.76804	2.28209e-28	8.59929e-28	1.0
7800	3	2.10339	3.0623	1.58584e-05	1.77671e-30	3.78811e-12
7800	4	1.91308	1.04226	1.68911e-27	0.00967249	-8.82834e-15
7800	5	1.81296	1.07754	2.3497e-28	1.09021e-28	-1.0
7800	6	1.84374	2.95785	1.17046e-27	4.68184e-27	-1.0
7800	7	2.46209	1.30694	1.77671e-30	5.03452e-28	1.0
7800	8	2.13789	2.01498	1.97413e-27	2.38869e-27	1.0
7800	9	0.65405	2.44138	2.61078e-29	5.33804e-28	1.0
7800	10	2.91432	1.82312	2.56557e-27	1.26344e-27	1.0
7900	1	1.67493	3.23855	2.08517e-28	2.52076e-27	1.0
7900	2	1.39662	1.76804	2.28209e-28	8.59929e-28	1.0
7900	3	2.11369	3.0623	6.19086e-28	1.77671e-30	-1.0
7900	4	1.91308	1.01082	1.68911e-27	0.00978966	1.34658e-14
7900	5	2.44612	1.73813	2.14982e-28	1.06647e-27	-1.0
7900	6	1.84374	2.95785	1.17046e-27	4.68184e-27	-1.0
7900	7	2.46209	1.30694	1.77671e-30	5.03452e-28	1.0
7900	8	2.13789	2.17212	1.97413e-27	1.56371e-27	-1.0
7900	9	0.65405	2.44138	2.61078e-29	5.33804e-28	1.0
7900	10	2.91432	2.03718	2.56557e-27	0.00148241	1.27542e-13
8000	1	1.67493	3.23855	2.08517e-28	2.52076e-27	1.0
8000	2	1.39662	1.76804	2.28209e-28	8.59929e-28	1.0
8000	3	2.11369	3.0623	6.19086e-28	1.77671e-30	-1.0
8000	4	1.91308	1.00613	1.68911e-27	0.0100615	-7.64678e-15
8000	5	2.44612	1.73813	2.14982e-28	1.06647e-27	-1.0
8000	6	1.84374	3.18995	1.17046e-27	5.37456e-27	1.0
8000	7	2.46209	1.30694	1.77671e-30	5.03452e-28	1.0
8000	8	2.13789	2.17231	1.97413e-27	3.41045e-05	-6.70258e-12
8000	9	0.65405	2.44138	2.61078e-29	5.33804e-28	1.0
8000	10	2.91432	2.05121	2.56557e-27	3.1586e-30	1.0
8100	1	1.67493	3.23855	2.08517e-28	2.52076e-27	1.0
8100	2	1.39662	1.76804	2.28209e-28	8.59929e-28	1.0
8100	3	2.11369	3.0623	6.19086e-28	1.77671e-30	-1.0
8100	4	1.91308	1.00048	1.68911e-27	0.0101351	1.32011e-15
8100	5	2.44612	1.73813	2.14982e-28	1.06647e-27	-1.0
8100	6	1.84374	3.18995	1.17046e-27	5.37456e-27	1.0
8100	7	2.46209	1.30694	1.77671e-30	5.03452e-28	1.0
8100	8	2.13789	2.17212	1.97413e-27	1.56371e-27	-1.0
8100	9	0.65405	2.44138	2.61078e-29	5.33804e-28	1.0
8100	10	2.9215	2.05121	0.00057045	3.1586e-30	1.73536e-12
8200	1	1.67493	3.23855	2.08517e-28	2.52076e-27	1.0
8200	2	1.39662	1.76804	2.28209e-28	8.59929e-28	1.0
8200	3	2.11369	3.0623	6.19086e-28	1.77671e-30	-1.0
8200	4	1.91308	1.36883	1.68911e-27	0.0100064	8.19018e-14
8200	5	2.44612	1.73813	2.14982e-28	1.06647e-27	-1.0
8200	6	1.84374	3.18995	1.17046e-27	5.37456e-27	1.0
8200	7	2.46209	1.30694	1.77671e-30	5.03452e-28	1.0
8200	8	2.13789	2.17212	1.97413e-27	1.56371e-27	-1.0
8200	9	0.65405	2.44138	2.61078e-29	5.33804e-28	1.0
8200	10	3.08285	2.05121	4.2647e-05	3.1586e-30	5.48879e-12
8300	1	1.67493	3.50998	2.08517e-28	4.44178e-27	1.0
8300	2	1.39662	1.76804	2.28209e-28	8.59929e-28	1.0
8300	3	2.11369	3.0623	6.19086e-28	1.77671e-30	-1.0
8300	4	1.91308	1.57869	1.68911e-27	0.0125562	-1.02993e-13
8300	5	2.44612	1.73813	2.14982e-28	1.06647e-27	-1.0
8300	6	1.84374	3.38528	1.17046e-27	2.38869e-27	-1.0
8300	7	2.46209	1.30694	1.77671e-30	5.03452e-28	1.0
8300	8	2.20043	2.17212	0.000179938	1.56371e-27	2.69357e-13
8300	9	0.65405	2.44138	2.61078e-29	5.33804e-28	1.0
8300	10	3.08336	2.05121	1.35998e-27	3.1586e-30	1.0
8400	1	1.96384	3.61677	2.4183e-28	0.000315311	2.64373e-12
8400	2	1.39662	1.76804	2.28209e-28	8.59929e-28	1.0
8400	3	2.11369	3.43618	6.19086e-28	1.97413e-27	-1.0
8400	4	1.91308	1.3555	1.68911e-27	0.0108796	8.67787e-14
8400	5	2.44612	1.73813	2.14982e-28	1.06647e-27	-1.0
8400	6	1.84374	3.38528	1.17046e-27	2.38869e-27	-1.0
8400	7	2.46209	1.30733	1.77671e-30	3.84053e-05	3.58578e-12
8400	8	2.20628	2.17212	1.23383e-28	1.56371e-27	1.0
8400	9	0.65405	2.44138	2.61078e-29	5.33804e-28	1.0
8400	10	3.09888	2.05121	6.88554e-05	3.1586e-30	2.64705e-12
8500	1	1.96334	3.60546	5.06244e-05	2.61078e-27	2.16027e-12
8500	2	1.39662	1.76804	2.28209e-28	8.59929e-28	1.0
8500	3	2.11369	3.47106	6.19086e-28	0.00272999	-5.27357e-13
8500	4	2.26426	1.57045	1.70742e-27	0.00915615	-4.9013e-14
8500	5	2.44612	1.73813	2.14982e-28	1.06647e-27	-1.0
8500	6	1.84374	3.38528	1.17046e-27	2.38869e-27	-1.0
8500	7	2.46209	1.30694	1.77671e-30	5.03452e-28	1.0
8500	8	2.20628	2.41066	1.23383e-28	2.21813e-27	1.0
8500	9	0.65405	2.44138	2.61078e-29	5.33804e-28	1.0
8500	10	3.10792	2.05121	1.78165e-27	3.1586e-30	-1.0
8600	1	1.96426	3.6052	1.12976e-05	4.4464e-06	-1.0
8600	2	1.39662	1.76804	2.28209e-28	8.59929e-28	1.0
8600	3	2.11369	3.79986	6.19086e-28	9.81713e-27	1.0
8600	4	2.26426	1.55039	1.70742e-27	0.00936644	-7.59629e-14
8600	5	2.44612	1.73813	2.14982e-28	1.06647e-27	-1.0
8600	6	1.84374	3.45522	1.17046e-27	0.00250442	2.14641e-13
8600	7	2.46209	1.30694	1.77671e-30	5.03452e-28	1.0
8600	8	2.20628	2.41066	1.23383e-28	2.21813e-27	1.0
8600	9	0.65405	2.44138	2.61078e-29	5.33804e-28	1.0
8600	10	3.10792	2.05121	1.78165e-27	3.1586e-30	-1.0
8700	1	2.01903	3.57083	2.28704e-06	9.00114e-07	-1.0
8700	2	1.39662	1.76804	2.28209e-28	8.59929e-28	1.0
8700	3	2.11369	3.89146	6.19086e-28	2.10007e-06	-3.26905e-11
8700	4	2.26426	1.56007	1.70742e-27	0.00946122	-6.06672e-14
8700	5	2.44612	1.73813	2.14982e-28	1.06647e-27	-1.0
8700	6	2.11966	3.78055	9.67322e-28	8.29627e-27	-1.0
8700	7	2.46209	1.30694	1.77671e-30	5.03452e-28	1.0
8700	8	2.20628	2.41066	1.23383e-28	2.21813e-27	1.0
8700	9	0.65405	2.44138	2.61078e-29	5.33804e-28	1.0
8700	10	3.10792	2.05121	1.78165e-27	3.1586e-30	-1.0
8800	1	2.01912	3.57078	2.89032e-27	1.56371e-27	1.0
8800	2	1.39662	1.76804	2.28209e-28	8.59929e-28	1.0
8800	3	2.11369	3.89151	6.19086e-28	2.26018e-27	-1.0
8800	4	2.26426	1.54414	1.70742e-27	0.0101083	-8.00063e-14
8800	5	2.44612	1.73813	2.14982e-28	1.06647e-27	-1.0
8800	6	2.11966	3.78055	9.67322e-28	8.29627e-27	-1.0
8800	7	2.46209	1.30694	1.77671e-30	5.03452e-28	1.0
8800	8	2.20628	2.41066	1.23383e-28	2.21813e-27	1.0
8800	9	0.65405	2.44138	2.61078e-29	5.33804e-28	1.0
8800	10	3.10792	2.05121	1.78165e-27	3.1586e-30	-1.0
8900	1	2.01964	3.57078	1.05312e-05	1.56371e-27	1.62757e-11
8900	2	1.39662	1.76804	2.28209e-28	8.59929e-28	1.0
8900	3	2.11369	4.04274	6.19086e-28	1.6709e-27	1.0
8900	4	2.44626	1.53162	0.0027505	0.0101012	-0.0174537
8900	5	2.44612	1.73813	2.14982e-28	1.06647e-27	-1.0
8900	6	2.11966	3.79149	9.67322e-28	0.000649244	-3.44901e-12
8900	7	2.46209	1.30694	1.77671e-30	5.03452e-28	1.0
8900	8	2.20628	2.41066	1.23383e-28	2.21813e-27	1.0
8900	9	0.65405	2.44138	2.61078e-29	5.33804e-28	1.0
8900	10	3.10792	2.05121	1.78165e-27	3.1586e-30	-1.0
9000	1	2.06067	3.57078	1.97413e-27	1.56371e-27	1.0
9000	2	1.61867	1.76804	0.000543759	8.59929e-28	5.61323e-13
9000	3	2.11861	4.06421	1.94382e-05	0.000368913	1.0
9000	4	2.99868	1.5302	1.33451e-28	0.00928056	8.38119e-14
9000	5	2.44612	1.73813	2.14982e-28	1.06647e-27	-1.0
9000	6	2.11966	4.01334	9.67322e-28	1.81935e-27	1.0
9000	7	2.46209	1.30694	1.77671e-30	5.03452e-28	1.0
9000	8	2.20628	2.41066	1.23383e-28	2.21813e-27	1.0
9000	9	0.65405	2.44138	2.61078e-29	5.33804e-28	1.0
9000	10	3.10792	2.05121	1.78165e-27	3.1586e-30	-1.0
9100	1	2.06067	3.57078	1.97413e-27	1.56371e-27	1.0
9100	2	1.76521	1.91203	2.61078e-29	1.59904e-29	1.0
9100	3	2.12681	4.09991	2.34546e-27	1.26344e-27	1.0
9100	4	2.99868	1.55182	1.33451e-28	0.0101296	4.85614e-14
9100	5	2.44612	1.73813	2.14982e-28	1.06647e-27	-1.0
9100	6	2.31942	4.01334	0.01603	1.81935e-27	4.77814e-14
9100	7	2.47317	1.30694	0.003009	5.03452e-28	4.26351e-14
9100	8	2.20628	2.41066	1.23383e-28	2.21813e-27	1.0
9100	9	0.65405	2.44147	2.61078e-29	7.54137e-06	8.32867e-12
9100	10	3.10792	2.05121	1.78165e-27	3.1586e-30	-1.0
9200	1	2.24076	3.75253	1.23383e-28	5.77254e-27	1.0
9200	2	1.77826	1.91584	0.000903288	0.000122422	0.0532973
9200	3	2.12681	4.09991	2.34546e-27	1.26344e-27	1.0
9200	4	3.00179	1.52195	2.95369e-06	0.0103872	-0.0438601
9200	5	2.68872	1.73813	1.23383e-28	1.06647e-27	-1.0
9200	6	2.48123	4.01334	5.33804e-28	1.81935e-27	1.0
9200	7	2.3952	1.30694	1.54772e-28	5.03452e-28	1.0
9200	8	2.20628	2.41066	1.23383e-28	2.21813e-27	1.0
9200	9	0.65405	2.61506	2.61078e-29	1.70742e-27	-1.0
9200	10	3.0468	2.05121	0.000188794	3.1586e-30	2.38236e-12
9300	1	2.24076	3.75253	1.23383e-28	5.77254e-27	1.0
9300	2	2.11599	1.98325	1.05201e-27	5.37456e-29	1.0
9300	3	2.30868	4.09991	3.1586e-28	1.26344e-27	-1.0
9300	4	3.0036	1.54855	3.59785e-27	0.00941336	-8.73784e-14
9300	5	2.68872	1.73813	1.23383e-28	1.06647e-27	-1.0
9300	6	2.48123	4.01334	5.33804e-28	1.81935e-27	1.0
9300	7	2.3952	1.30694	1.54772e-28	5.03452e-28	1.0
9300	8	2.20628	2.41066	1.23383e-28	2.21813e-27	1.0
9300	9	0.65405	2.61506	2.61078e-29	1.70742e-27	-1.0
9300	10	3.04068	2.05121	1.46006e-27	3.1586e-30	1.0
9400	1	2.24076	3.75253	1.23383e-28	5.77254e-27	1.0
9400	2	2.11599	2.39594	1.05201e-27	3.3878e-27	1.0
9400	3	2.30868	4.09991	3.1586e-28	1.26344e-27	-1.0
9400	4	3.0036	1.75376	3.59785e-27	0.00837891	1.14131e-13
9400	5	2.68872	1.73813	1.23383e-28	1.06647e-27	-1.0
9400	6	2.48123	4.06293	5.33804e-28	2.76722e-05	-8.34662e-12
9400	7	2.3952	1.30694	1.54772e-28	5.03452e-28	1.0
9400	8	2.20628	2.41066	1.23383e-28	2.21813e-27	1.0
9400	9	0.65405	2.61506	2.61078e-29	1.70742e-27	-1.0
9400	10	3.04068	2.05121	1.46006e-27	3.1586e-30	1.0
9500	1	2.68759	4.00737	4.36085e-28	6.64096e-28	-1.0
9500	2	2.11599	2.39594	1.05201e-27	3.3878e-27	1.0
9500	3	2.30868	4.09991	3.1586e-28	1.26344e-27	-1.0
9500	4	3.0036	1.75475	3.59785e-27	0.00751261	1.19555e-13
9500	5	2.68872	1.73813	1.23383e-28	1.06647e-27	-1.0
9500	6	2.48123	4.06407	5.33804e-28	1.74434e-27	-1.0
9500	7	2.3952	1.30694	1.54772e-28	5.03452e-28	1.0
9500	8	2.20628	2.41066	1.23383e-28	2.21813e-27	1.0
9500	9	0.65405	2.61506	2.61078e-29	1.70742e-27	-1.0
9500	10	3.04068	2.05121	1.46006e-27	3.1586e-30	1.0
9600	1	2.68759	4.00737	4.36085e-28	6.64096e-28	-1.0
9600	2	2.11599	3.18839	1.05201e-27	4.93532e-28	1.0
9600	3	2.30868	4.09991	3.1586e-28	1.26344e-27	-1.0
9600	4	3.0036	1.71962	3.59785e-27	0.00964916	1.9893e-14
9600	5	2.68872	2.19207	1.23383e-28	0.00231929	-1.26352e-13
9600	6	2.48114	4.06407	3.54366e-06	1.74434e-27	-1.24589e-11
9600	7	2.3952	1.30694	1.54772e-28	5.03452e-28	1.0
9600	8	2.20628	2.41066	1.23383e-28	2.21813e-27	1.0
9600	9	0.65405	2.61506	2.61078e-29	1.70742e-27	-1.0
9600	10	3.04119	2.05121	7.95539e-05	3.1586e-30	3.95772e-12
9700	1	2.68759	4.00737	4.36085e-28	6.64096e-28	-1.0
9700	2	2.11599	3.18839	1.05201e-27	4.93532e-28	1.0
9700	3	2.24218	4.09991	0.000296716	1.26344e-27	1.70885e-12
9700	4	3.00371	1.79745	1.15039e-05	0.0100813	0.0373099
9700	5	3.09813	2.20252	2.13522e-27	8.7059e-29	-1.0
9700	6	2.48068	4.06407	2.06789e-06	1.74434e-27	-1.61375e-11
9700	7	2.3952	1.30694	1.54772e-28	5.03452e-28	1.0
9700	8	2.20628	2.41066	1.23383e-28	2.21813e-27	1.0
9700	9	0.65405	2.61506	2.61078e-29	1.70742e-27	-1.0
9700	10	3.45732	2.30758	0.0306619	0.0365814	1.0
9800	1	2.68759	4.00737	4.36085e-28	6.64096e-28	-1.0
9800	2	2.11599	3.18839	1.05201e-27	4.93532e-28	1.0
9800	3	2.23315	4.07268	7.58854e-28	0.00134151	-1.12856e-15
9800	4	3.0036	1.7983	3.59785e-27	0.00922963	1.11678e-13
9800	5	3.09813	2.20252	2.13522e-27	8.7059e-29	-1.0
9800	6	2.83319	4.06407	1.39294e-27	1.74434e-27	1.0
9800	7	2.3952	1.30694	1.54772e-28	5.03452e-28	1.0
9800	8	2.20628	2.41066	1.23383e-28	2.21813e-27	1.0
9800	9	0.65405	2.61506	2.61078e-29	1.70742e-27	-1.0
9800	10	3.9809	2.582	4.06783e-06	3.48236e-28	-4.36626e-11
9900	1	2.68759	4.00737	4.36085e-28	6.64096e-28	-1.0
9900	2	2.21885	3.28408	3.65016e-28	0.000622784	-1.21769e-12
9900	3	2.23315	3.98491	7.58854e-28	0.000534188	1.86076e-12
9900	4	3.0036	1.81495	3.59785e-27	0.00997077	1.15721e-13
9900	5	3.09813	2.20252	2.13522e-27	8.7059e-29	-1.0
9900	6	3.71138	4.06452	8.86185e-28	4.07269e-05	6.5034e-12
9900	7	2.3952	1.30694	1.54772e-28	5.03452e-28	1.0
9900	8	2.20628	2.75174	1.23383e-28	3.98063e-27	1.0
9900	9	0.65405	2.61506	2.61078e-29	1.70742e-27	-1.0
9900	10	3.8534	2.582	3.1586e-30	3.48236e-28	1.0
10000	1	2.68759	4.00737	4.36085e-28	6.64096e-28	-1.0
10000	2	2.21885	3.48672	3.65016e-28	0.000382128	3.11176e-12
10000	3	2.23315	3.97585	7.58854e-28	3.54474e-27	1.0
10000	4	3.0036	1.82505	3.59785e-27	0.00876852	1.54318e-13
10000	5	3.20303	2.20252	0.00337299	8.7059e-29	-3.1076e-13
10000	6	4.06579	4.59414	6.82969e-27	0.0037653	-2.33325e-13
10000	7	2.3952	1.30694	1.54772e-28	5.03452e-28	1.0
10000	8	2.20628	2.75174	1.23383e-28	3.98063e-27	1.0
10000	9	0.65405	2.61506	2.61078e-29	1.70742e-27	-1.0
10000	10	3.8534	2.582	3.1586e-30	3.48236e-28	1.0
