// Initial random seed:
539857398215601804

// RunInitializeCallbacks():
initializeMutationRate(1e-07);
initializeMutationType(1, 0.5, "n", 0, 0.5);
initializeMutationType(2, 0.5, "n", 0, 0.5);
initializeMutationType(3, 0.5, "n", 0, 0.5);
initializeGenomicElementType(1, m1, 1);
initializeGenomicElementType(2, m2, 1);
initializeGenomicElementType(3, m3, 1);
initializeGenomicElement(g1, 0, 49);
initializeGenomicElement(g2, 50, 99);
initializeRecombinationRate(0.5);

// Starting run at tick <start>:
1 

0.0
0.0
4.60517 -4.60517
100	1	-0.00281623	0.0	0.00023264	0.0	NAN
100	2	0.0	-0.373878	0.0	0.000309898	NAN
100	3	0.189177	0.0	5.70337e-30	0.0	NAN
100	4	0.0	0.0	0.0	0.0	NAN
100	5	0.0	0.0	0.0	0.0	NAN
100	6	0.0	0.0	0.0	0.0	NAN
100	7	0.0	0.0	0.0	0.0	NAN
100	8	0.0	0.0	0.0	0.0	NAN
100	9	0.0	0.0	0.0	0.0	NAN
100	10	0.0	0.0	0.0	0.0	NAN
200	1	-0.170681	0.0	1.73507e-29	0.0	NAN
200	2	0.0	-0.382722	0.0	0.000203512	NAN
200	3	0.189177	0.0	5.70337e-30	0.0	NAN
200	4	0.0	0.0	0.0	0.0	NAN
200	5	0.0	0.148199	0.0	2.78383e-31	NAN
200	6	0.0	0.0	0.0	0.0	NAN
200	7	0.0	0.0	0.0	0.0	NAN
200	8	0.0	-0.227147	0.0	1.97413e-29	NAN
200	9	0.0	0.0	0.0	0.0	NAN
200	10	0.0	0.0	0.0	0.0	NAN
300	1	-0.170849	0.0	2.81386e-05	0.0	NAN
300	2	0.0	-0.456329	0.0	5.29343e-29	NAN
300	3	0.189177	-0.393691	5.70337e-30	7.03313e-29	-1.0
300	4	0.0	0.0	0.0	0.0	NAN
300	5	0.0	-0.219147	0.0	0.000202662	NAN
300	6	0.153516	0.0	3.7786e-30	0.0	NAN
300	7	0.0	0.0	0.0	0.0	NAN
300	8	0.0	-0.227147	0.0	1.97413e-29	NAN
300	9	0.0	0.0	0.0	0.0	NAN
300	10	0.0	0.0	0.0	0.0	NAN
400	1	-0.170681	0.0	1.73507e-29	0.0	NAN
400	2	0.0	-0.456329	0.0	5.29343e-29	NAN
400	3	0.189177	-0.393691	5.70337e-30	7.03313e-29	-1.0
400	4	0.0	0.0	0.0	0.0	NAN
400	5	0.000112538	-0.209389	5.38515e-07	4.10942e-30	1.97242e-16
400	6	0.153516	0.0	3.7786e-30	0.0	NAN
400	7	0.0	0.0	0.0	0.0	NAN
400	8	0.0	-0.227147	0.0	1.97413e-29	NAN
400	9	0.0	0.0	0.0	0.0	NAN
400	10	0.0	0.0	0.0	0.0	NAN
500	1	-0.170681	-0.220697	1.73507e-29	1.73507e-29	-1.0
500	2	0.0	-0.456329	0.0	5.29343e-29	NAN
500	3	0.189177	-0.393691	5.70337e-30	7.03313e-29	-1.0
500	4	0.0	0.0	0.0	0.0	NAN
500	5	0.00978589	-0.209389	6.94029e-33	4.10942e-30	1.0
500	6	0.153516	0.0	3.7786e-30	0.0	NAN
500	7	0.0	0.0	0.0	0.0	NAN
500	8	0.0	-0.473157	0.0	2.12496e-29	NAN
500	9	0.0	-0.0139454	0.0	0.00201638	NAN
500	10	0.0	0.0	0.0	0.0	NAN
600	1	-0.162632	-0.220697	0.000191752	1.73507e-29	-1.76575e-13
600	2	0.0	-0.964535	0.0	0.0111506	NAN
600	3	0.189177	-0.393691	5.70337e-30	7.03313e-29	-1.0
600	4	0.0556235	0.0	0.00316011	0.0	NAN
600	5	0.00978589	-0.272392	6.94029e-33	9.67322e-30	1.0
600	6	0.153516	0.0	3.7786e-30	0.0	NAN
600	7	0.0	-0.354624	0.0	2.4985e-29	NAN
600	8	0.0	-0.473157	0.0	2.12496e-29	NAN
600	9	0.0740049	-0.255156	8.1452e-31	7.2875e-05	4.39245e-13
600	10	0.0	0.0	0.0	0.0	NAN
700	1	-0.115925	-0.206217	1.49293e-30	0.000479901	1.42858e-13
700	2	0.0	-1.09131	0.0	1.78165e-29	NAN
700	3	0.189177	-0.393691	5.70337e-30	7.03313e-29	-1.0
700	4	0.178546	0.0	3.49711e-05	0.0	NAN
700	5	0.00978589	-0.272392	6.94029e-33	9.67322e-30	1.0
700	6	0.153516	0.0	3.7786e-30	0.0	NAN
700	7	0.0	-0.354624	0.0	2.4985e-29	NAN
700	8	0.0	-0.473157	0.0	2.12496e-29	NAN
700	9	0.0740049	-0.252486	8.1452e-31	1.97413e-29	1.0
700	10	0.0104955	0.0	0.000170095	0.0	NAN
800	1	-0.115925	-0.137477	1.49293e-30	4.93532e-30	1.0
800	2	0.0	-1.09131	0.0	1.78165e-29	NAN
800	3	0.486438	-0.393691	8.29627e-29	7.03313e-29	-1.0
800	4	0.181657	0.0	0.000106774	0.0	NAN
800	5	0.00978589	-0.272392	6.94029e-33	9.67322e-30	1.0
800	6	0.153516	0.0	3.7786e-30	0.0	NAN
800	7	0.0	-0.354624	0.0	2.4985e-29	NAN
800	8	0.085476	-0.603572	4.93532e-32	6.21973e-29	1.0
800	9	0.0740049	-0.259529	8.1452e-31	0.00072378	1.5501e-13
800	10	0.0455456	0.0	0.000132225	0.0	NAN
900	1	0.0819932	-0.137477	1.77671e-30	4.93532e-30	1.0
900	2	0.0	-1.09131	0.0	1.78165e-29	NAN
900	3	0.486438	-0.393691	8.29627e-29	7.03313e-29	-1.0
900	4	0.178948	-0.018729	4.62185e-05	0.00134296	0.00617276
900	5	0.00978589	-0.272392	6.94029e-33	9.67322e-30	1.0
900	6	0.153516	0.0	3.7786e-30	0.0	NAN
900	7	0.172075	-0.354624	1.48198e-05	2.4985e-29	-6.25787e-13
900	8	0.085476	-0.603572	4.93532e-32	6.21973e-29	1.0
900	9	0.0740049	-0.4446	8.1452e-31	4.49359e-05	-1.03211e-12
900	10	0.126131	0.0	2.86942e-30	0.0	NAN
1000	1	0.133945	-0.137477	8.02548e-05	4.93532e-30	1.4003e-13
1000	2	0.0	-1.09131	0.0	1.78165e-29	NAN
1000	3	0.486438	-0.393691	8.29627e-29	7.03313e-29	-1.0
1000	4	0.178672	-0.15805	3.77332e-05	7.71143e-30	-3.88333e-13
1000	5	0.00978589	-0.272392	6.94029e-33	9.67322e-30	1.0
1000	6	0.153516	0.0	3.7786e-30	0.0	NAN
1000	7	0.172248	-0.354624	5.83678e-30	2.4985e-29	-1.0
1000	8	0.263109	-0.654957	1.30323e-29	5.44119e-30	1.0
1000	9	0.0740049	-0.338659	8.1452e-31	3.20919e-29	-1.0
1000	10	0.126131	0.0	2.86942e-30	0.0	NAN
1100	1	0.13691	-0.137477	1.70346e-30	4.93532e-30	1.0
1100	2	0.0	-1.09131	0.0	1.78165e-29	NAN
1100	3	0.486438	-0.393691	8.29627e-29	7.03313e-29	-1.0
1100	4	0.177066	-0.15805	5.44119e-30	7.71143e-30	-1.0
1100	5	0.00978589	-0.381325	6.94029e-33	0.00104212	-1.23217e-14
1100	6	0.16059	0.0	2.20908e-06	0.0	NAN
1100	7	0.172248	-0.354624	5.83678e-30	2.4985e-29	-1.0
1100	8	0.263109	-0.654957	1.30323e-29	5.44119e-30	1.0
1100	9	0.37505	-0.787643	5.9597e-29	0.00493073	-1.97256e-13
1100	10	0.126131	0.0	2.86942e-30	0.0	NAN
1200	1	0.13691	-0.137477	1.70346e-30	4.93532e-30	1.0
1200	2	0.0	-1.09131	0.0	1.78165e-29	NAN
1200	3	0.949074	-0.393691	3.00265e-28	7.03313e-29	-1.0
1200	4	0.177066	-0.15805	5.44119e-30	7.71143e-30	-1.0
1200	5	0.00978589	-0.401383	6.94029e-33	2.59413e-30	1.0
1200	6	0.16118	-0.133183	1.63174e-30	6.04576e-31	1.0
1200	7	0.172248	-0.354624	5.83678e-30	2.4985e-29	-1.0
1200	8	0.263109	-0.726791	1.30323e-29	0.0002127	-5.68174e-13
1200	9	0.37505	-0.818512	5.9597e-29	2.66618e-28	-1.0
1200	10	0.126131	0.0	2.86942e-30	0.0	NAN
1300	1	0.13691	-0.137477	1.70346e-30	4.93532e-30	1.0
1300	2	0.322103	-1.09131	7.89651e-31	1.78165e-29	1.0
1300	3	0.949074	-0.393691	3.00265e-28	7.03313e-29	-1.0
1300	4	0.177066	-0.15805	5.44119e-30	7.71143e-30	-1.0
1300	5	0.00978589	-0.401383	6.94029e-33	2.59413e-30	1.0
1300	6	0.16118	-0.133022	1.63174e-30	2.58464e-05	1.5328e-13
1300	7	0.172248	-0.354624	5.83678e-30	2.4985e-29	-1.0
1300	8	0.513105	-0.73249	1.11045e-31	1.25863e-28	-1.0
1300	9	0.37505	-0.818512	5.9597e-29	2.66618e-28	-1.0
1300	10	0.126131	0.0	2.86942e-30	0.0	NAN
1400	1	0.13691	-0.137477	1.70346e-30	4.93532e-30	1.0
1400	2	0.322103	-1.09131	7.89651e-31	1.78165e-29	1.0
1400	3	0.949074	-0.393691	3.00265e-28	7.03313e-29	-1.0
1400	4	0.177066	-0.15805	5.44119e-30	7.71143e-30	-1.0
1400	5	0.00978589	-0.401383	6.94029e-33	2.59413e-30	1.0
1400	6	0.423405	-0.133183	0.000676574	6.04576e-31	4.04591e-13
1400	7	0.172248	-0.354624	5.83678e-30	2.4985e-29	-1.0
1400	8	0.513105	-0.733592	1.11045e-31	3.45595e-05	-1.80268e-12
1400	9	0.37505	-0.818512	5.9597e-29	2.66618e-28	-1.0
1400	10	0.126131	0.0	2.86942e-30	0.0	NAN
1500	1	0.136998	-0.137477	1.5271e-06	4.93532e-30	1.02381e-12
1500	2	0.322103	-1.09131	7.89651e-31	1.78165e-29	1.0
1500	3	0.949074	-0.393691	3.00265e-28	7.03313e-29	-1.0
1500	4	0.177306	-0.15805	1.91948e-05	7.71143e-30	-5.33581e-13
1500	5	0.00978589	-0.401383	6.94029e-33	2.59413e-30	1.0
1500	6	0.701055	-0.133183	0.00544525	6.04576e-31	-1.22212e-13
1500	7	0.174082	-0.354624	0.000137007	2.4985e-29	-1.99243e-13
1500	8	0.513105	-0.783846	1.11045e-31	0.00034823	3.05652e-13
1500	9	0.37505	-0.818512	5.9597e-29	2.66618e-28	-1.0
1500	10	0.126131	0.0	2.86942e-30	0.0	NAN
1600	1	0.13691	-0.259028	1.70346e-30	8.87235e-05	-3.34079e-13
1600	2	0.322103	-1.09131	7.89651e-31	1.78165e-29	1.0
1600	3	0.940433	-0.393691	0.000159134	7.03313e-29	-4.85749e-13
1600	4	0.177066	-0.157993	5.44119e-30	3.59803e-07	-4.51937e-12
1600	5	0.00978589	-0.647417	6.94029e-33	1.78165e-29	1.0
1600	6	0.739872	-0.348652	1.28368e-28	3.27242e-29	1.0
1600	7	0.325151	-0.354624	5.31933e-07	2.4985e-29	-2.71734e-12
1600	8	0.513105	-0.796588	1.11045e-31	2.36447e-05	3.90028e-13
1600	9	0.632461	-0.818512	5.97173e-30	2.66618e-28	-1.0
1600	10	0.126131	0.0	2.86942e-30	0.0	NAN
1700	1	0.618738	-0.260504	2.77612e-28	8.99461e-30	-1.0
1700	2	0.322103	-1.09131	7.89651e-31	1.78165e-29	1.0
1700	3	0.903025	-0.393691	3.76272e-05	7.03313e-29	-1.3594e-12
1700	4	0.332708	-0.145627	1.03765e-29	1.74076e-06	7.9829e-14
1700	5	0.00978589	-0.647417	6.94029e-33	1.78165e-29	1.0
1700	6	0.739872	-0.348652	1.28368e-28	3.27242e-29	1.0
1700	7	0.325361	-0.354577	1.94357e-07	2.23599e-06	-0.0167274
1700	8	0.737149	-0.797333	1.06714e-28	2.77612e-30	1.0
1700	9	0.632461	-0.728897	5.97173e-30	5.21293e-29	1.0
1700	10	0.126131	0.0	2.86942e-30	0.0	NAN
1800	1	0.618738	-0.288753	2.77612e-28	4.22278e-30	-1.0
1800	2	0.322103	-1.09131	7.89651e-31	1.78165e-29	1.0
1800	3	0.90133	-0.395154	1.06714e-28	0.000176498	-6.24377e-13
1800	4	0.332708	-0.145354	1.03765e-29	1.92786e-32	1.0
1800	5	0.00978589	-0.647417	6.94029e-33	1.78165e-29	1.0
1800	6	0.74074	-0.348652	4.63939e-05	3.27242e-29	1.62383e-12
1800	7	0.32697	-0.354624	1.11045e-31	2.4985e-29	-1.0
1800	8	0.737149	-1.02016	1.06714e-28	3.5909e-06	-9.61975e-12
1800	9	0.631553	-0.728897	1.70979e-05	5.21293e-29	7.4579e-13
1800	10	0.64707	-0.000677544	3.08457e-31	4.14644e-05	2.62227e-16
1900	1	0.618738	-0.288753	2.77612e-28	4.22278e-30	-1.0
1900	2	0.322103	-1.15065	7.89651e-31	3.31851e-28	-1.0
1900	3	0.907679	-0.637592	0.000470526	1.68911e-29	5.05172e-13
1900	4	0.332708	-0.145354	1.03765e-29	1.92786e-32	1.0
1900	5	0.00978589	-0.647417	6.94029e-33	1.78165e-29	1.0
1900	6	0.848386	-0.502288	4.98479e-28	2.72553e-29	1.0
1900	7	0.32697	-0.531092	1.11045e-31	0.00329262	-1.077e-13
1900	8	0.737149	-1.02027	1.06714e-28	3.31851e-28	-1.0
1900	9	0.601723	-0.72755	0.000131159	8.47192e-05	-0.0154101
1900	10	0.64707	-0.125516	3.08457e-31	3.67141e-30	-1.0
2000	1	0.618738	-0.288753	2.77612e-28	4.22278e-30	-1.0
2000	2	0.322103	-1.24381	7.89651e-31	2.03431e-06	-6.30039e-12
2000	3	1.06208	-0.637592	1.04431e-28	1.68911e-29	1.0
2000	4	0.332708	-0.145354	1.03765e-29	1.92786e-32	1.0
2000	5	0.299339	-0.724392	0.00860103	0.00657281	0.0791913
2000	6	0.848386	-0.502288	4.98479e-28	2.72553e-29	1.0
2000	7	0.32697	-0.56775	1.11045e-31	7.71143e-30	-1.0
2000	8	0.737149	-1.02027	1.06714e-28	3.31851e-28	-1.0
2000	9	0.593003	-0.636569	1.03765e-29	0.0016165	-9.60595e-15
2000	10	0.64707	-0.125516	3.08457e-31	3.67141e-30	-1.0
2100	1	1.05997	-0.288753	2.48789e-28	4.22278e-30	-1.0
2100	2	0.314456	-1.24724	1.15129e-06	9.55477e-29	1.43896e-13
2100	3	1.06208	-0.637592	1.04431e-28	1.68911e-29	1.0
2100	4	0.332708	-0.145354	1.03765e-29	1.92786e-32	1.0
2100	5	0.4705	-0.895326	7.70033e-29	2.17647e-29	-1.0
2100	6	0.848386	-0.502288	4.98479e-28	2.72553e-29	1.0
2100	7	0.32697	-0.56775	1.11045e-31	7.71143e-30	-1.0
2100	8	0.755205	-1.02044	0.00327542	7.10665e-06	0.0200031
2100	9	0.593003	-0.600575	1.03765e-29	3.08457e-29	-1.0
2100	10	0.64707	-0.125516	3.08457e-31	3.67141e-30	-1.0
2200	1	1.05997	-0.288753	2.48789e-28	4.22278e-30	-1.0
2200	2	0.316423	-1.24724	7.71143e-32	9.55477e-29	-1.0
2200	3	1.06208	-0.637592	1.04431e-28	1.68911e-29	1.0
2200	4	0.332708	-0.145354	1.03765e-29	1.92786e-32	1.0
2200	5	0.4705	-0.895326	7.70033e-29	2.17647e-29	-1.0
2200	6	0.848386	-0.502288	4.98479e-28	2.72553e-29	1.0
2200	7	0.32697	-0.56775	1.11045e-31	7.71143e-30	-1.0
2200	8	1.10563	-1.02027	2.84274e-29	3.31851e-28	-1.0
2200	9	0.593003	-0.600575	1.03765e-29	3.08457e-29	-1.0
2200	10	1.00148	-0.125516	0.000850152	3.67141e-30	-3.63475e-13
2300	1	1.05997	-0.288753	2.48789e-28	4.22278e-30	-1.0
2300	2	0.316423	-1.24724	7.71143e-32	9.55477e-29	-1.0
2300	3	1.06208	-0.637592	1.04431e-28	1.68911e-29	1.0
2300	4	0.332708	-0.145354	1.03765e-29	1.92786e-32	1.0
2300	5	1.09173	-1.35405	2.4183e-28	8.7059e-29	-1.0
2300	6	0.888346	-0.502288	0.000160879	2.72553e-29	-9.04777e-13
2300	7	0.32697	-0.56775	1.11045e-31	7.71143e-30	-1.0
2300	8	1.10563	-1.02027	2.84274e-29	3.31851e-28	-1.0
2300	9	0.593003	-0.600575	1.03765e-29	3.08457e-29	-1.0
2300	10	1.00596	-0.190039	1.1371e-28	0.000317225	1.79954e-13
2400	1	1.05997	-0.288753	2.48789e-28	4.22278e-30	-1.0
2400	2	0.316423	-1.24724	7.71143e-32	9.55477e-29	-1.0
2400	3	1.06208	-0.99774	1.04431e-28	0.00402617	1.8543e-13
2400	4	0.360106	-0.145354	0.00202734	1.92786e-32	1.05693e-13
2400	5	1.09173	-1.35405	2.4183e-28	8.7059e-29	-1.0
2400	6	1.04366	-0.502288	0.0235628	2.72553e-29	6.60642e-15
2400	7	0.32697	-0.56775	1.11045e-31	7.71143e-30	-1.0
2400	8	1.10571	-1.02027	6.88653e-06	3.31851e-28	-1.96038e-12
2400	9	0.593003	-0.600725	1.03765e-29	1.13284e-05	-1.63467e-12
2400	10	1.00596	-0.200152	1.1371e-28	8.34068e-30	1.0
2500	1	1.05997	-0.288753	2.48789e-28	4.22278e-30	-1.0
2500	2	0.316423	-1.24724	7.71143e-32	9.55477e-29	-1.0
2500	3	1.06208	-1.02073	1.04431e-28	1.43914e-28	1.0
2500	4	0.508332	-0.145354	7.50662e-29	1.92786e-32	1.0
2500	5	1.40668	-1.35405	3.99761e-28	8.7059e-29	-1.0
2500	6	1.12224	-0.502288	0.0268861	2.72553e-29	4.91766e-14
2500	7	0.32697	-0.56775	1.11045e-31	7.71143e-30	-1.0
2500	8	1.10563	-1.02027	2.84274e-29	3.31851e-28	-1.0
2500	9	0.593003	-0.600575	1.03765e-29	3.08457e-29	-1.0
2500	10	1.00596	-0.200152	1.1371e-28	8.34068e-30	1.0
2600	1	1.05997	-0.288753	2.48789e-28	4.22278e-30	-1.0
2600	2	0.316423	-1.24724	7.71143e-32	9.55477e-29	-1.0
2600	3	1.06208	-1.02073	1.04431e-28	1.43914e-28	1.0
2600	4	0.508332	-0.145354	7.50662e-29	1.92786e-32	1.0
2600	5	1.40668	-1.35405	3.99761e-28	8.7059e-29	-1.0
2600	6	1.12386	-0.502288	0.0286494	2.72553e-29	4.47428e-14
2600	7	0.32697	-0.672681	1.11045e-31	0.00746492	-2.81591e-14
2600	8	1.10563	-1.02027	2.84274e-29	3.31851e-28	-1.0
2600	9	0.593003	-0.600575	1.03765e-29	3.08457e-29	-1.0
2600	10	1.00596	-0.200152	1.1371e-28	8.34068e-30	1.0
2700	1	1.05997	-0.288764	2.48789e-28	2.37608e-08	-1.30159e-11
2700	2	0.316423	-1.24763	7.71143e-32	4.85515e-05	-1.40998e-12
2700	3	1.06208	-1.02073	1.04431e-28	1.43914e-28	1.0
2700	4	0.508332	-0.145354	7.50662e-29	1.92786e-32	1.0
2700	5	1.88359	-1.35405	8.65454e-06	8.7059e-29	-1.70464e-11
2700	6	1.14658	-0.502288	0.0259962	2.72553e-29	6.10633e-14
2700	7	0.32697	-0.814938	1.11045e-31	1.1371e-28	-1.0
2700	8	1.10477	-1.27283	6.66828e-05	3.23806e-28	6.19913e-13
2700	9	0.593003	-0.600575	1.03765e-29	3.08457e-29	-1.0
2700	10	1.00596	-0.200152	1.1371e-28	8.34068e-30	1.0
2800	1	1.05997	-0.288753	2.48789e-28	4.22278e-30	-1.0
2800	2	0.347769	-1.24724	0.00454828	9.55477e-29	-3.76302e-14
2800	3	1.06208	-1.02073	1.04431e-28	1.43914e-28	1.0
2800	4	0.704262	-0.713931	1.33451e-28	3.20919e-29	1.0
2800	5	1.88369	-1.35405	2.4985e-27	8.7059e-29	-1.0
2800	6	1.13174	-0.502288	0.0259359	2.72553e-29	5.52964e-14
2800	7	0.32697	-0.814938	1.11045e-31	1.1371e-28	-1.0
2800	8	1.09929	-1.27283	0.000468533	3.23806e-28	1.89966e-13
2800	9	0.593003	-0.600575	1.03765e-29	3.08457e-29	-1.0
2800	10	1.00596	-0.200152	1.1371e-28	8.34068e-30	1.0
2900	1	1.05997	-0.362915	2.48789e-28	3.93869e-29	1.0
2900	2	0.617009	-1.24724	0.00033914	9.55477e-29	1.20294e-13
2900	3	1.06208	-1.02073	1.04431e-28	1.43914e-28	1.0
2900	4	0.704065	-0.713931	3.88365e-05	3.20919e-29	1.85558e-12
2900	5	1.88369	-1.70579	2.4985e-27	5.65044e-28	1.0
2900	6	1.15191	-0.4946	0.0267002	0.00119971	0.0363486
2900	7	0.32697	-0.814938	1.11045e-31	1.1371e-28	-1.0
2900	8	1.01431	-1.27283	0.00298575	3.23806e-28	-2.86553e-13
2900	9	0.577694	-0.589269	1.42631e-29	0.000130346	-1.08023e-13
2900	10	1.00596	-0.200152	1.1371e-28	8.34068e-30	1.0
3000	1	1.05997	-0.362915	2.48789e-28	3.93869e-29	1.0
3000	2	0.61928	-1.24724	5.44119e-30	9.55477e-29	1.0
3000	3	1.24804	-1.15546	1.83643e-28	0.00102519	-7.1279e-13
3000	4	0.704262	-0.993705	1.33451e-28	0.000294564	6.77944e-13
3000	5	2.31459	-1.69943	2.61078e-27	1.16835e-05	-4.2219e-12
3000	6	1.14635	-0.660941	0.0284291	0.010659	0.0213945
3000	7	0.32697	-0.814938	1.11045e-31	1.1371e-28	-1.0
3000	8	0.954057	-1.27283	0.000386348	3.23806e-28	-1.11879e-12
3000	9	0.577694	-0.564104	1.42631e-29	8.99461e-30	-1.0
3000	10	1.00596	-0.200152	1.1371e-28	8.34068e-30	1.0
3100	1	1.05997	-0.333522	2.48789e-28	0.00290735	1.04439e-13
3100	2	0.61928	-1.27656	5.44119e-30	3.23806e-28	-1.0
3100	3	1.24834	-1.17051	5.10217e-07	7.10686e-28	-1.69969e-11
3100	4	0.704262	-1.0544	1.33451e-28	2.85064e-28	1.0
3100	5	2.31459	-1.69587	2.61078e-27	3.90926e-28	-1.0
3100	6	1.38324	-0.608596	0.0355137	0.00444707	0.0428822
3100	7	0.327029	-0.939487	3.49692e-06	0.00972331	-0.00683537
3100	8	0.949127	-1.17787	4.98479e-28	0.00232754	5.65424e-14
3100	9	0.577694	-0.937825	1.42631e-29	1.99004e-28	-1.0
3100	10	1.00596	-0.200152	1.1371e-28	8.34068e-30	1.0
3200	1	1.05997	-0.132118	2.48789e-28	0.000600556	-1.17284e-13
3200	2	0.61928	-1.27656	5.44119e-30	3.23806e-28	-1.0
3200	3	1.25164	-1.17051	9.99401e-29	7.10686e-28	1.0
3200	4	0.704262	-1.0544	1.33451e-28	2.85064e-28	1.0
3200	5	2.31459	-1.69587	2.61078e-27	3.90926e-28	-1.0
3200	6	1.42801	-0.592892	0.0257387	0.00232273	0.0160327
3200	7	0.32697	-1.10662	1.11045e-31	2.61078e-29	1.0
3200	8	1.06064	-1.12906	3.73554e-28	1.77671e-30	-1.0
3200	9	0.610765	-0.937825	1.34306e-05	1.99004e-28	3.57333e-13
3200	10	1.00596	-0.200152	1.1371e-28	8.34068e-30	1.0
3300	1	1.05997	-0.126439	2.48789e-28	7.86643e-30	-1.0
3300	2	0.61928	-1.27656	5.44119e-30	3.23806e-28	-1.0
3300	3	1.25164	-1.17051	9.99401e-29	7.10686e-28	1.0
3300	4	0.704262	-1.0544	1.33451e-28	2.85064e-28	1.0
3300	5	2.59746	-1.69587	3.99761e-28	3.90926e-28	1.0
3300	6	1.45475	-0.5816	0.0271122	0.00063726	-0.0137564
3300	7	0.32697	-1.10662	1.11045e-31	2.61078e-29	1.0
3300	8	1.06064	-1.12906	3.73554e-28	1.77671e-30	-1.0
3300	9	0.611561	-0.937825	4.45412e-30	1.99004e-28	1.0
3300	10	1.00606	-0.200152	4.39871e-06	8.34068e-30	5.09919e-12
3400	1	1.05997	-0.126439	2.48789e-28	7.86643e-30	-1.0
3400	2	0.61928	-1.27656	5.44119e-30	3.23806e-28	-1.0
3400	3	1.29917	-1.17051	0.00196989	7.10686e-28	-1.16376e-13
3400	4	0.703922	-1.0544	1.63658e-05	2.85064e-28	2.81068e-12
3400	5	2.59746	-1.69584	3.99761e-28	6.62454e-07	2.39823e-11
3400	6	1.6568	-0.533733	0.0277009	1.28368e-28	1.05691e-13
3400	7	0.32697	-1.10662	1.11045e-31	2.61078e-29	1.0
3400	8	1.06064	-1.12906	3.73554e-28	1.77671e-30	-1.0
3400	9	0.611561	-0.937825	4.45412e-30	1.99004e-28	1.0
3400	10	1.00596	-0.200152	1.1371e-28	8.34068e-30	1.0
3500	1	1.05997	-0.126439	2.48789e-28	7.86643e-30	-1.0
3500	2	0.61928	-1.27656	5.44119e-30	3.23806e-28	-1.0
3500	3	1.38116	-1.17051	6.0808e-28	7.10686e-28	-1.0
3500	4	0.700042	-1.0544	0.000191726	2.85064e-28	6.56561e-13
3500	5	2.59746	-1.69587	3.99761e-28	3.90926e-28	1.0
3500	6	1.64011	-0.533733	0.0261535	1.28368e-28	1.14107e-13
3500	7	0.32697	-1.10662	1.11045e-31	2.61078e-29	1.0
3500	8	1.06064	-1.12906	3.73554e-28	1.77671e-30	-1.0
3500	9	0.611561	-0.797133	4.45412e-30	1.11045e-31	1.0
3500	10	1.00596	-0.30781	1.1371e-28	0.00148934	5.49595e-14
3600	1	1.05991	-0.126439	3.63056e-06	7.86643e-30	-8.22809e-12
3600	2	0.61928	-1.27656	5.44119e-30	3.23806e-28	-1.0
3600	3	1.59508	-1.50546	1.58132e-27	9.53552e-28	-1.0
3600	4	0.639953	-1.33282	0.00105886	1.33451e-28	3.99275e-14
3600	5	2.59746	-1.69587	3.99761e-28	3.90926e-28	1.0
3600	6	1.61554	-0.534447	0.0272114	0.000127212	0.0165722
3600	7	0.32697	-1.11911	1.11045e-31	0.00130543	1.44787e-13
3600	8	1.06064	-1.12906	3.73554e-28	1.77671e-30	-1.0
3600	9	0.61939	-1.32348	0.00119089	4.37187e-06	-0.00718166
3600	10	1.00596	-0.336279	1.1371e-28	1.88962e-07	6.90183e-12
3700	1	1.05997	-0.126439	2.48789e-28	7.86643e-30	-1.0
3700	2	0.61928	-1.27656	5.44119e-30	3.23806e-28	-1.0
3700	3	1.59508	-1.50546	1.58132e-27	9.53552e-28	-1.0
3700	4	0.610902	-1.33282	0.000168049	1.33451e-28	6.85754e-13
3700	5	2.59746	-1.69587	3.99761e-28	3.90926e-28	1.0
3700	6	1.64544	-0.890937	0.0269355	1.33451e-28	1.18055e-13
3700	7	0.32697	-1.32191	1.11045e-31	7.10686e-30	1.0
3700	8	1.06064	-1.64953	3.73554e-28	4.26855e-28	-1.0
3700	9	0.931126	-1.32355	2.66618e-28	1.43914e-28	-1.0
3700	10	1.00596	-0.336256	1.1371e-28	8.99461e-30	1.0
3800	1	1.05929	-0.126439	2.73059e-05	7.86643e-30	-2.99381e-12
3800	2	0.61928	-1.34062	5.44119e-30	0.00952491	-6.39329e-14
3800	3	1.59508	-1.50546	1.58132e-27	9.53552e-28	-1.0
3800	4	0.607265	-1.33282	1.04431e-28	1.33451e-28	1.0
3800	5	2.59746	-1.69587	3.99761e-28	3.90926e-28	1.0
3800	6	1.65031	-0.890937	0.026496	1.33451e-28	1.2116e-13
3800	7	0.32697	-1.32191	1.11045e-31	7.10686e-30	1.0
3800	8	1.09307	-1.65067	0.000489477	1.31896e-05	0.0223873
3800	9	0.931126	-1.32355	2.66618e-28	1.43914e-28	-1.0
3800	10	1.00596	-0.336256	1.1371e-28	8.99461e-30	1.0
3900	1	0.981715	-0.126439	9.64572e-05	7.86643e-30	-2.05096e-13
3900	2	0.61928	-1.63542	5.44119e-30	4.17725e-28	1.0
3900	3	2.00389	-1.50546	1.43914e-28	9.53552e-28	-1.0
3900	4	0.607265	-1.33282	1.04431e-28	1.33451e-28	1.0
3900	5	2.59746	-1.94329	3.99761e-28	0.000146955	-1.72204e-12
3900	6	1.68601	-0.889576	0.0258396	0.000263184	0.00553764
3900	7	0.32697	-1.32191	1.11045e-31	7.10686e-30	1.0
3900	8	1.12368	-1.65556	4.44178e-29	5.14547e-05	-3.37277e-12
3900	9	0.931126	-1.70376	2.66618e-28	5.86365e-28	-1.0
3900	10	1.00596	-0.336256	1.1371e-28	8.99461e-30	1.0
4000	1	0.979169	-0.227687	1.18571e-29	0.000968123	5.08681e-14
4000	2	0.61928	-1.63542	5.44119e-30	4.17725e-28	1.0
4000	3	2.00389	-1.50546	1.43914e-28	9.53552e-28	-1.0
4000	4	0.607265	-1.33282	1.04431e-28	1.33451e-28	1.0
4000	5	2.59746	-1.98123	3.99761e-28	1.1253e-27	1.0
4000	6	1.65031	-0.890937	0.026496	1.33451e-28	1.32158e-13
4000	7	0.32697	-1.32191	1.11045e-31	7.10686e-30	1.0
4000	8	1.12368	-1.66622	4.44178e-29	7.64132e-05	-2.52019e-12
4000	9	0.931126	-1.70376	2.66618e-28	5.86365e-28	-1.0
4000	10	1.00585	-0.336256	3.07142e-06	8.99461e-30	5.97782e-12
4100	1	0.979169	-0.247476	1.18571e-29	8.99461e-30	1.0
4100	2	0.61928	-1.63542	5.44119e-30	4.17725e-28	1.0
4100	3	2.27279	-1.50546	8.7059e-29	9.53552e-28	-1.0
4100	4	0.607265	-1.3615	1.04431e-28	0.00231713	2.55823e-13
4100	5	2.59746	-1.98123	3.99761e-28	1.1253e-27	1.0
4100	6	1.67156	-0.890937	0.0262774	1.33451e-28	1.29235e-13
4100	7	0.32697	-1.32342	1.11045e-31	0.000256388	1.7962e-13
4100	8	1.12368	-1.67163	4.44178e-29	1.84765e-05	-4.29807e-12
4100	9	0.931126	-1.70376	2.66618e-28	5.86365e-28	-1.0
4100	10	1.00596	-0.430711	1.1371e-28	7.70033e-29	1.0
4200	1	0.979169	-0.247476	1.18571e-29	8.99461e-30	1.0
4200	2	0.897082	-1.63542	1.23383e-28	4.17725e-28	1.0
4200	3	2.27279	-1.50546	8.7059e-29	9.53552e-28	-1.0
4200	4	0.607265	-1.51552	1.04431e-28	2.4183e-28	1.0
4200	5	2.59746	-1.98123	3.99761e-28	1.1253e-27	1.0
4200	6	1.64289	-0.890937	0.0263067	1.33451e-28	1.16977e-13
4200	7	0.32697	-1.33033	1.11045e-31	1.59904e-29	1.0
4200	8	1.12368	-1.80392	4.44178e-29	1.15537e-05	1.19974e-11
4200	9	0.931126	-1.70376	2.66618e-28	5.86365e-28	-1.0
4200	10	1.00596	-0.430711	1.1371e-28	7.70033e-29	1.0
4300	1	0.979169	-0.535944	1.18571e-29	2.61078e-29	1.0
4300	2	0.897082	-1.63542	1.23383e-28	4.17725e-28	1.0
4300	3	2.27279	-1.50546	8.7059e-29	9.53552e-28	-1.0
4300	4	0.607265	-1.51552	1.04431e-28	2.4183e-28	1.0
4300	5	2.59746	-1.98123	3.99761e-28	1.1253e-27	1.0
4300	6	1.67001	-0.890937	0.0262354	1.33451e-28	1.24909e-13
4300	7	0.32697	-1.33033	1.11045e-31	1.59904e-29	1.0
4300	8	1.12368	-1.80364	4.44178e-29	1.44962e-05	1.00378e-11
4300	9	0.931126	-1.70376	2.66618e-28	5.86365e-28	-1.0
4300	10	1.00596	-0.430711	1.1371e-28	7.70033e-29	1.0
4400	1	0.979169	-0.535944	1.18571e-29	2.61078e-29	1.0
4400	2	0.897082	-1.63542	1.23383e-28	4.17725e-28	1.0
4400	3	2.27279	-1.76214	8.7059e-29	1.6488e-05	3.99954e-12
4400	4	0.607265	-1.51552	1.04431e-28	2.4183e-28	1.0
4400	5	2.59746	-1.98123	3.99761e-28	1.1253e-27	1.0
4400	6	1.64591	-0.890937	0.027244	1.33451e-28	1.16006e-13
4400	7	0.32697	-1.33033	1.11045e-31	1.59904e-29	1.0
4400	8	1.12368	-1.8049	4.44178e-29	2.11473e-27	1.0
4400	9	0.931126	-1.70376	2.66618e-28	5.86365e-28	-1.0
4400	10	1.00625	-0.42989	4.16853e-05	6.6868e-05	-0.00449917
4500	1	1.03554	-0.535944	2.28209e-28	2.61078e-29	1.0
4500	2	0.897082	-1.63542	1.23383e-28	4.17725e-28	1.0
4500	3	2.27286	-1.76227	4.34314e-06	2.70258e-28	4.59786e-12
4500	4	0.776843	-1.51552	3.60784e-28	2.4183e-28	-1.0
4500	5	2.52811	-1.98123	3.48236e-28	1.1253e-27	-1.0
4500	6	1.45486	-0.890937	0.0236911	1.33451e-28	-2.3071e-15
4500	7	0.32697	-1.33033	1.11045e-31	1.59904e-29	1.0
4500	8	1.53081	-1.8049	6.39617e-29	2.11473e-27	-1.0
4500	9	0.931126	-1.70376	2.66618e-28	5.86365e-28	-1.0
4500	10	1.29485	-0.293614	1.23383e-30	0.00191445	8.51952e-15
4600	1	1.03554	-0.535944	2.28209e-28	2.61078e-29	1.0
4600	2	0.897082	-1.63542	1.23383e-28	4.17725e-28	1.0
4600	3	2.27279	-1.76227	8.7059e-29	2.70258e-28	1.0
4600	4	0.776843	-1.51552	3.60784e-28	2.4183e-28	-1.0
4600	5	2.52811	-1.98123	3.48236e-28	1.1253e-27	-1.0
4600	6	1.33563	-0.890937	0.00138753	1.33451e-28	-3.05634e-13
4600	7	0.32697	-1.33033	1.11045e-31	1.59904e-29	1.0
4600	8	1.58995	-1.8049	1.34364e-27	2.11473e-27	-1.0
4600	9	0.931126	-1.70376	2.66618e-28	5.86365e-28	-1.0
4600	10	1.29485	-0.266424	1.23383e-30	8.34068e-30	1.0
4700	1	1.0917	-0.535944	0.0011962	2.61078e-29	1.44755e-13
4700	2	0.897082	-1.63542	1.23383e-28	4.17725e-28	1.0
4700	3	2.27279	-1.76227	8.7059e-29	2.70258e-28	1.0
4700	4	0.776843	-1.51552	3.60784e-28	2.4183e-28	-1.0
4700	5	2.52811	-1.98123	3.48236e-28	1.1253e-27	-1.0
4700	6	1.33031	-0.890937	1.43914e-28	1.33451e-28	-1.0
4700	7	0.32697	-1.33033	1.11045e-31	1.59904e-29	1.0
4700	8	1.58995	-1.8049	1.34364e-27	2.11473e-27	-1.0
4700	9	0.931126	-1.70376	2.66618e-28	5.86365e-28	-1.0
4700	10	1.29485	-0.266424	1.23383e-30	8.34068e-30	1.0
4800	1	1.13212	-0.535944	3.00265e-28	2.61078e-29	-1.0
4800	2	0.897082	-1.63542	1.23383e-28	4.17725e-28	1.0
4800	3	2.27279	-1.76227	8.7059e-29	2.70258e-28	1.0
4800	4	0.776775	-1.51658	4.71744e-06	2.96624e-05	-0.00620162
4800	5	2.52811	-1.98123	3.48236e-28	1.1253e-27	-1.0
4800	6	1.33031	-0.890937	1.43914e-28	1.33451e-28	-1.0
4800	7	0.32697	-1.33033	1.11045e-31	1.59904e-29	1.0
4800	8	1.58995	-1.8049	1.34364e-27	2.11473e-27	-1.0
4800	9	0.931126	-1.70376	2.66618e-28	5.86365e-28	-1.0
4800	10	1.30555	-0.266424	0.000714253	8.34068e-30	5.91933e-14
4900	1	1.13212	-0.535944	3.00265e-28	2.61078e-29	-1.0
4900	2	0.897082	-1.63542	1.23383e-28	4.17725e-28	1.0
4900	3	2.27279	-1.92822	8.7059e-29	0.000282418	1.59423e-12
4900	4	0.776843	-1.57273	3.60784e-28	1.31067e-05	-4.46763e-12
4900	5	2.52811	-2.16576	3.48236e-28	9.55477e-29	1.0
4900	6	1.61094	-0.890937	0.000619892	1.33451e-28	-3.5155e-13
4900	7	0.32697	-1.33033	1.11045e-31	1.59904e-29	1.0
4900	8	1.58995	-1.8049	1.34364e-27	2.11473e-27	-1.0
4900	9	0.931126	-1.70376	2.66618e-28	5.86365e-28	-1.0
4900	10	1.43203	-0.266424	5.75655e-28	8.34068e-30	1.0
5000	1	1.13212	-0.535944	3.00265e-28	2.61078e-29	-1.0
5000	2	0.897082	-1.63542	1.23383e-28	4.17725e-28	1.0
5000	3	2.48636	-1.93169	6.19086e-28	7.83531e-28	-1.0
5000	4	0.871638	-1.57319	0.000425373	2.85064e-28	-5.57385e-13
5000	5	2.44657	-2.16576	4.38059e-05	9.55477e-29	1.93598e-12
5000	6	1.61539	-0.890937	9.99401e-29	1.33451e-28	-1.0
5000	7	0.32697	-1.33033	1.11045e-31	1.59904e-29	1.0
5000	8	1.58995	-1.8049	1.34364e-27	2.11473e-27	-1.0
5000	9	0.931126	-1.70376	2.66618e-28	5.86365e-28	-1.0
5000	10	1.43203	-0.266424	5.75655e-28	8.34068e-30	1.0
5100	1	1.13212	-0.535944	3.00265e-28	2.61078e-29	-1.0
5100	2	0.897082	-1.63542	1.23383e-28	4.17725e-28	1.0
5100	3	2.48636	-1.93169	6.19086e-28	7.83531e-28	-1.0
5100	4	0.879602	-1.57319	1.16091e-28	2.85064e-28	-1.0
5100	5	2.44558	-2.50063	3.1352e-07	0.000729487	0.0162997
5100	6	1.61539	-0.890937	9.99401e-29	1.33451e-28	-1.0
5100	7	0.32697	-1.4117	1.11045e-31	0.0151625	6.29774e-14
5100	8	1.59002	-1.8049	3.57228e-07	2.11473e-27	-6.05138e-11
5100	9	0.931126	-1.70376	2.66618e-28	5.86365e-28	-1.0
5100	10	1.43203	-0.266424	5.75655e-28	8.34068e-30	1.0
5200	1	1.13212	-0.535895	3.00265e-28	1.63443e-07	-1.25637e-11
5200	2	0.897082	-1.63542	1.23383e-28	4.17725e-28	1.0
5200	3	2.62586	-1.93169	6.59249e-05	7.83531e-28	-1.41198e-12
5200	4	0.879602	-1.57319	1.16091e-28	2.85064e-28	-1.0
5200	5	2.44462	-2.50493	4.72426e-08	4.11165e-06	-0.0156197
5200	6	1.61539	-0.890937	9.99401e-29	1.33451e-28	-1.0
5200	7	0.31741	-1.79005	0.000989414	8.34068e-28	-1.88501e-14
5200	8	1.59919	-1.8049	8.08602e-28	2.11473e-27	-1.0
5200	9	0.931126	-1.70376	2.66618e-28	5.86365e-28	-1.0
5200	10	1.43203	-0.712965	5.75655e-28	1.59904e-29	1.0
5300	1	1.13212	-0.529065	3.00265e-28	5.05376e-29	1.0
5300	2	0.897082	-1.63542	1.23383e-28	4.17725e-28	1.0
5300	3	2.64162	-1.93169	2.13522e-27	7.83531e-28	-1.0
5300	4	0.879602	-1.57325	1.16091e-28	3.73554e-28	1.0
5300	5	2.44456	-2.50504	4.09355e-27	5.97173e-28	1.0
5300	6	1.61539	-0.890937	9.99401e-29	1.33451e-28	-1.0
5300	7	0.154224	-1.79005	0.00339943	8.34068e-28	-1.60005e-14
5300	8	1.59919	-2.0818	8.08602e-28	1.6709e-27	1.0
5300	9	0.931126	-1.72189	2.66618e-28	0.000643087	-7.28403e-14
5300	10	1.43203	-0.712965	5.75655e-28	1.59904e-29	1.0
5400	1	1.13212	-0.529065	3.00265e-28	5.05376e-29	1.0
5400	2	0.897082	-1.63542	1.23383e-28	4.17725e-28	1.0
5400	3	2.64162	-1.93169	2.13522e-27	7.83531e-28	-1.0
5400	4	0.879602	-1.82491	1.16091e-28	1.71798e-28	1.0
5400	5	2.44456	-2.50504	4.09355e-27	5.97173e-28	1.0
5400	6	1.61539	-0.890937	9.99401e-29	1.33451e-28	-1.0
5400	7	0.469023	-1.79005	0.00298033	8.34068e-28	1.21695e-13
5400	8	1.49042	-2.0818	0.00242727	1.6709e-27	-6.35949e-14
5400	9	0.931126	-1.78864	2.66618e-28	2.84274e-29	1.0
5400	10	1.43203	-0.712965	5.75655e-28	1.59904e-29	1.0
5500	1	1.13212	-0.529065	3.00265e-28	5.05376e-29	1.0
5500	2	0.897082	-1.63542	1.23383e-28	4.17725e-28	1.0
5500	3	2.64162	-1.93169	2.13522e-27	7.83531e-28	-1.0
5500	4	0.879602	-2.14919	1.16091e-28	2.84274e-29	-1.0
5500	5	2.44456	-2.50504	4.09355e-27	5.97173e-28	1.0
5500	6	1.61539	-0.890937	9.99401e-29	1.33451e-28	-1.0
5500	7	0.335079	-1.79005	0.00165304	8.34068e-28	-1.12946e-13
5500	8	1.44446	-2.0818	2.08517e-28	1.6709e-27	1.0
5500	9	0.931126	-1.78864	2.66618e-28	2.84274e-29	1.0
5500	10	1.43203	-0.712965	5.75655e-28	1.59904e-29	1.0
5600	1	1.13212	-0.529065	3.00265e-28	5.05376e-29	1.0
5600	2	0.897082	-1.63542	1.23383e-28	4.17725e-28	1.0
5600	3	2.64162	-1.93169	2.13522e-27	7.83531e-28	-1.0
5600	4	0.879602	-2.14919	1.16091e-28	2.84274e-29	-1.0
5600	5	2.44456	-2.50504	4.09355e-27	5.97173e-28	1.0
5600	6	1.61539	-0.890937	9.99401e-29	1.33451e-28	-1.0
5600	7	0.29376	-1.79005	0.000640307	8.34068e-28	1.14868e-14
5600	8	1.44446	-2.0818	2.08517e-28	1.6709e-27	1.0
5600	9	0.931126	-1.78864	2.66618e-28	2.84274e-29	1.0
5600	10	1.43203	-0.712965	5.75655e-28	1.59904e-29	1.0
5700	1	1.13212	-0.529758	3.00265e-28	2.73052e-08	-2.29633e-11
5700	2	0.897082	-1.74259	1.23383e-28	7.89651e-29	-1.0
5700	3	2.64162	-1.93169	2.13522e-27	7.83531e-28	-1.0
5700	4	0.878967	-2.15115	2.65308e-05	0.000199826	-0.0171739
5700	5	2.44456	-2.50504	4.09355e-27	5.97173e-28	1.0
5700	6	1.61539	-0.890937	9.99401e-29	1.33451e-28	-1.0
5700	7	0.688741	-1.79005	7.1266e-29	8.34068e-28	-1.0
5700	8	1.44446	-2.0818	2.08517e-28	1.6709e-27	1.0
5700	9	0.931126	-2.2323	2.66618e-28	6.19086e-28	1.0
5700	10	1.43203	-0.712965	5.75655e-28	1.59904e-29	1.0
5800	1	1.13212	-0.529838	3.00265e-28	2.4985e-29	-1.0
5800	2	0.897082	-1.74259	1.23383e-28	7.89651e-29	-1.0
5800	3	2.80438	-1.93169	7.1266e-29	7.83531e-28	-1.0
5800	4	0.794894	-2.37233	1.68899e-28	0.00134899	1.88134e-13
5800	5	2.86165	-2.61664	2.4183e-28	0.00135573	9.63815e-14
5800	6	1.61539	-0.890937	9.99401e-29	1.33451e-28	-1.0
5800	7	0.688741	-2.00371	7.1266e-29	9.39882e-28	-1.0
5800	8	1.44446	-2.0818	2.08517e-28	1.6709e-27	1.0
5800	9	0.931126	-2.23248	2.66618e-28	3.1581e-05	4.4306e-12
5800	10	1.43203	-0.712965	5.75655e-28	1.59904e-29	1.0
5900	1	1.14285	-0.529838	0.000380544	2.4985e-29	-4.73216e-13
5900	2	0.897082	-1.92371	1.23383e-28	4.17725e-28	1.0
5900	3	3.06626	-1.93169	0.000463311	7.83531e-28	-9.89067e-13
5900	4	0.794894	-2.53877	1.68899e-28	4.03689e-27	-1.0
5900	5	2.86165	-2.64223	2.4183e-28	4.44178e-29	1.0
5900	6	1.61539	-0.890937	9.99401e-29	1.33451e-28	-1.0
5900	7	0.688741	-2.38328	7.1266e-29	0.0009733	-7.88368e-13
5900	8	1.44446	-2.0818	2.08517e-28	1.6709e-27	1.0
5900	9	0.931126	-2.58772	2.66618e-28	1.33451e-28	1.0
5900	10	1.43203	-0.605649	5.75655e-28	4.61107e-05	3.03732e-13
6000	1	1.21338	-0.529838	1.09021e-28	2.4985e-29	-1.0
6000	2	0.897082	-1.92371	1.23383e-28	4.17725e-28	1.0
6000	3	3.06985	-1.93169	4.36085e-28	7.83531e-28	-1.0
6000	4	0.794894	-2.53877	1.68899e-28	4.03689e-27	-1.0
6000	5	2.86165	-3.29781	2.4183e-28	0.0231274	-3.05203e-14
6000	6	1.61539	-0.890937	9.99401e-29	1.33451e-28	-1.0
6000	7	0.688741	-2.38848	7.1266e-29	6.19086e-28	-1.0
6000	8	1.44522	-2.0818	6.22132e-05	1.6709e-27	1.85878e-12
6000	9	0.931126	-2.58772	2.66618e-28	1.33451e-28	1.0
6000	10	1.43203	-0.604783	5.75655e-28	4.45412e-30	1.0
6100	1	1.26774	-0.529838	1.97413e-31	2.4985e-29	-1.0
6100	2	0.897082	-1.92371	1.23383e-28	4.17725e-28	1.0
6100	3	3.06985	-1.93166	4.36085e-28	1.6616e-07	-6.8323e-11
6100	4	0.794894	-2.53877	1.68899e-28	4.03689e-27	-1.0
6100	5	2.86165	-3.6032	2.4183e-28	2.21813e-27	-1.0
6100	6	1.75269	-0.890937	0.000631619	1.33451e-28	-1.10703e-12
6100	7	0.688741	-2.38848	7.1266e-29	6.19086e-28	-1.0
6100	8	1.44446	-2.0818	2.08517e-28	1.6709e-27	1.0
6100	9	0.931126	-2.58772	2.66618e-28	1.33451e-28	1.0
6100	10	1.43203	-0.604783	5.75655e-28	4.45412e-30	1.0
6200	1	1.26774	-0.529838	1.97413e-31	2.4985e-29	-1.0
6200	2	1.14277	-1.92371	9.06353e-05	4.17725e-28	1.24707e-12
6200	3	3.06985	-2.28541	4.36085e-28	1.85746e-27	1.0
6200	4	0.794924	-2.53877	3.29746e-08	4.03689e-27	-6.99356e-11
6200	5	2.86165	-3.89882	2.4183e-28	8.13518e-27	1.0
6200	6	1.76167	-0.890937	8.21286e-28	1.33451e-28	-1.0
6200	7	0.687677	-2.38848	0.00018775	6.19086e-28	-6.16749e-13
6200	8	1.44446	-2.0818	2.08517e-28	1.6709e-27	1.0
6200	9	0.931126	-2.58772	2.66618e-28	1.33451e-28	1.0
6200	10	1.43203	-0.604783	5.75655e-28	4.45412e-30	1.0
6300	1	1.40669	-0.529838	8.59929e-28	2.4985e-29	-1.0
6300	2	1.14351	-1.92371	1.38633e-28	4.17725e-28	1.0
6300	3	3.06985	-2.28541	4.36085e-28	1.85746e-27	1.0
6300	4	0.797175	-2.53877	2.48789e-28	4.03689e-27	-1.0
6300	5	2.86165	-3.89882	2.4183e-28	8.13518e-27	1.0
6300	6	1.88546	-0.890937	9.20329e-05	1.33451e-28	-2.71905e-12
6300	7	0.688741	-2.38848	7.1266e-29	6.19086e-28	-1.0
6300	8	1.44446	-2.0818	2.08517e-28	1.6709e-27	1.0
6300	9	1.22414	-2.58772	4.74284e-29	1.33451e-28	-1.0
6300	10	1.43203	-0.604783	5.75655e-28	4.45412e-30	1.0
6400	1	1.40669	-0.529838	8.59929e-28	2.4985e-29	-1.0
6400	2	1.14351	-1.92413	1.38633e-28	1.37192e-05	5.35757e-12
6400	3	3.6259	-2.28541	2.05388e-27	1.85746e-27	1.0
6400	4	0.797175	-2.53877	2.48789e-28	4.03689e-27	-1.0
6400	5	2.86165	-3.89882	2.4183e-28	8.13518e-27	1.0
6400	6	1.88697	-0.949313	7.96017e-28	0.000330664	7.75399e-13
6400	7	0.688741	-2.38848	7.1266e-29	6.19086e-28	-1.0
6400	8	1.44446	-2.0818	2.08517e-28	1.6709e-27	1.0
6400	9	1.22414	-2.58772	4.74284e-29	1.33451e-28	-1.0
6400	10	1.43203	-0.604783	5.75655e-28	4.45412e-30	1.0
6500	1	1.40669	-0.529838	8.59929e-28	2.4985e-29	-1.0
6500	2	1.14351	-2.27027	1.38633e-28	5.65052e-06	-2.10668e-11
6500	3	3.6259	-2.28541	2.05388e-27	1.85746e-27	1.0
6500	4	0.797175	-2.53877	2.48789e-28	4.03689e-27	-1.0
6500	5	2.86165	-3.89882	2.4183e-28	8.13518e-27	1.0
6500	6	1.88697	-0.960432	7.96017e-28	6.69833e-28	1.0
6500	7	0.68862	-2.38848	7.35771e-06	6.19086e-28	-3.12696e-12
6500	8	1.44346	-2.0818	0.000110882	1.6709e-27	1.37937e-12
6500	9	1.22414	-2.58762	4.74284e-29	9.718e-06	-3.79722e-12
6500	10	1.43203	-0.604783	5.75655e-28	4.45412e-30	1.0
6600	1	1.40669	-0.529838	8.59929e-28	2.4985e-29	-1.0
6600	2	1.22923	-2.42053	0.00777705	8.86185e-28	6.03661e-14
6600	3	3.6258	-2.20415	1.72265e-06	0.00057985	0.0405626
6600	4	0.797175	-2.53877	2.48789e-28	4.03689e-27	-1.0
6600	5	2.83382	-3.89882	0.000106203	8.13518e-27	3.4887e-13
6600	6	1.88697	-0.960432	7.96017e-28	6.69833e-28	1.0
6600	7	0.567373	-2.38772	7.50662e-29	4.36312e-05	-3.71142e-12
6600	8	1.44446	-2.0818	2.08517e-28	1.6709e-27	1.0
6600	9	1.22414	-2.58772	4.74284e-29	1.33451e-28	-1.0
6600	10	1.43203	-0.604783	5.75655e-28	4.45412e-30	1.0
6700	1	1.40669	-0.529838	8.59929e-28	2.4985e-29	-1.0
6700	2	1.48132	-2.42053	0.000228956	8.86185e-28	7.62077e-13
6700	3	3.6259	-2.14569	2.05388e-27	3.82191e-28	1.0
6700	4	0.797175	-2.53877	2.48789e-28	4.03689e-27	-1.0
6700	5	2.82618	-3.89882	1.54772e-28	8.13518e-27	1.0
6700	6	1.88697	-0.960432	7.96017e-28	6.69833e-28	1.0
6700	7	0.567373	-2.38848	7.50662e-29	6.19086e-28	-1.0
6700	8	1.44446	-2.0818	2.08517e-28	1.6709e-27	1.0
6700	9	1.22414	-2.58772	4.74284e-29	1.33451e-28	-1.0
6700	10	1.43203	-0.604883	5.75655e-28	9.91717e-06	6.5422e-13
6800	1	1.40669	-0.528466	8.59929e-28	0.000102825	-4.99561e-13
6800	2	1.71166	-2.42094	1.71798e-28	3.19544e-05	5.30314e-12
6800	3	3.6259	-2.14569	2.05388e-27	3.82191e-28	1.0
6800	4	0.797175	-2.53891	2.48789e-28	1.99829e-05	-1.42367e-11
6800	5	2.82618	-3.89882	1.54772e-28	8.13518e-27	1.0
6800	6	1.88697	-0.960432	7.96017e-28	6.69833e-28	1.0
6800	7	0.567373	-2.38848	7.50662e-29	6.19086e-28	-1.0
6800	8	1.44446	-2.0818	2.08517e-28	1.6709e-27	1.0
6800	9	1.22414	-2.58772	4.74284e-29	1.33451e-28	-1.0
6800	10	1.43203	-0.803953	5.75655e-28	7.70033e-29	1.0
6900	1	1.40669	-0.405503	8.59929e-28	0.00165697	-1.75125e-13
6900	2	1.71166	-2.47452	1.71798e-28	0.0028115	3.15881e-13
6900	3	3.6259	-2.14569	2.05388e-27	3.82191e-28	1.0
6900	4	0.797175	-2.55306	2.48789e-28	0.000769587	-1.82543e-12
6900	5	3.17885	-3.89882	0.00559774	8.13518e-27	-4.98925e-13
6900	6	1.88697	-0.960432	7.96017e-28	6.69833e-28	1.0
6900	7	0.841417	-2.38848	2.63003e-28	6.19086e-28	1.0
6900	8	1.44446	-2.0818	2.08517e-28	1.6709e-27	1.0
6900	9	1.22414	-2.58772	4.74284e-29	1.33451e-28	-1.0
6900	10	1.43203	-0.803953	5.75655e-28	7.70033e-29	1.0
7000	1	1.40669	-0.533681	8.59929e-28	0.000617198	-2.68917e-15
7000	2	1.71166	-2.58074	1.71798e-28	1.08103e-27	1.0
7000	3	3.6259	-2.14569	2.05388e-27	3.82191e-28	1.0
7000	4	0.797175	-2.64472	2.48789e-28	0.00102808	1.35661e-12
7000	5	3.23313	-3.89882	9.95157e-28	8.13518e-27	-1.0
7000	6	1.88697	-0.960432	7.96017e-28	6.69833e-28	1.0
7000	7	0.841417	-2.38848	2.63003e-28	6.19086e-28	1.0
7000	8	1.44446	-2.0818	2.08517e-28	1.6709e-27	1.0
7000	9	1.22414	-2.58772	4.74284e-29	1.33451e-28	-1.0
7000	10	1.43203	-0.803953	5.75655e-28	7.70033e-29	1.0
7100	1	1.40669	-0.541821	8.59929e-28	4.93532e-32	1.0
7100	2	1.71166	-2.58074	1.71798e-28	1.08103e-27	1.0
7100	3	3.6259	-2.14569	2.05388e-27	3.82191e-28	1.0
7100	4	0.797175	-2.66305	2.48789e-28	3.98063e-27	1.0
7100	5	3.23313	-4.04083	9.95157e-28	3.98063e-27	1.0
7100	6	1.88697	-0.960432	7.96017e-28	6.69833e-28	1.0
7100	7	0.841417	-2.38848	2.63003e-28	6.19086e-28	1.0
7100	8	1.5252	-2.39609	0.000455371	0.00111402	0.00916881
7100	9	1.22414	-2.58772	4.74284e-29	1.33451e-28	-1.0
7100	10	1.44188	-0.803953	0.00032492	7.70033e-29	1.21365e-12
7200	1	1.31438	-0.541821	1.06629e-05	4.93532e-32	1.68994e-12
7200	2	1.71166	-2.58074	1.71798e-28	1.08103e-27	1.0
7200	3	3.6167	-2.02208	1.6971e-07	0.0010427	0.0203844
7200	4	0.797175	-2.66988	2.48789e-28	0.000484277	2.46682e-12
7200	5	3.23313	-4.04083	6.75228e-10	3.98063e-27	1.19444e-09
7200	6	1.88697	-0.960432	7.96017e-28	6.69833e-28	1.0
7200	7	0.841417	-2.38848	2.63003e-28	6.19086e-28	1.0
7200	8	1.5369	-2.40627	4.93532e-32	0.000288246	7.31193e-13
7200	9	1.22414	-2.58772	4.74284e-29	1.33451e-28	-1.0
7200	10	1.50869	-0.803953	2.63003e-28	7.70033e-29	-1.0
7300	1	1.31415	-0.541821	3.08457e-29	4.93532e-32	1.0
7300	2	1.71166	-2.58074	1.71798e-28	1.08103e-27	1.0
7300	3	3.61666	-2.31372	2.70238e-27	9.89023e-07	-9.00957e-12
7300	4	0.797175	-2.87231	2.48789e-28	6.7606e-05	-1.4053e-12
7300	5	3.23271	-4.06607	5.97173e-28	2.27071e-05	1.46765e-11
7300	6	1.88697	-0.960432	7.96017e-28	6.69833e-28	1.0
7300	7	0.841417	-2.38848	2.63003e-28	6.19086e-28	1.0
7300	8	1.5369	-2.40327	4.93532e-32	2.48428e-05	2.4287e-12
7300	9	1.2191	-2.58772	0.00025353	1.33451e-28	-3.68654e-13
7300	10	1.50869	-0.804593	2.63003e-28	3.36986e-05	-1.52882e-12
7400	1	1.31415	-0.541821	3.08457e-29	4.93532e-32	1.0
7400	2	1.71166	-2.58074	1.71798e-28	1.08103e-27	1.0
7400	3	3.61666	-2.31378	2.70238e-27	7.89651e-29	-1.0
7400	4	0.797175	-3.08687	2.48789e-28	9.39882e-28	1.0
7400	5	3.23271	-4.06795	5.97173e-28	2.66434e-05	1.33645e-11
7400	6	1.88697	-0.960432	7.96017e-28	6.69833e-28	1.0
7400	7	0.841417	-2.38848	2.63003e-28	6.19086e-28	1.0
7400	8	1.5369	-2.40299	4.93532e-32	1.43914e-28	1.0
7400	9	1.38371	-2.58772	4.43633e-05	1.33451e-28	-2.3177e-12
7400	10	1.50869	-1.24221	2.63003e-28	0.000838118	2.05016e-13
7500	1	1.31415	-0.622373	3.08457e-29	1.26344e-29	-1.0
7500	2	1.71166	-2.58074	1.71798e-28	1.08103e-27	1.0
7500	3	3.61666	-2.31378	2.70238e-27	7.89651e-29	-1.0
7500	4	0.797175	-3.08687	2.48789e-28	9.39882e-28	1.0
7500	5	3.23271	-4.01194	5.97173e-28	4.20805e-27	1.0
7500	6	1.88697	-1.25698	7.96017e-28	0.000879911	4.52585e-13
7500	7	0.841582	-2.38848	5.46344e-06	6.19086e-28	6.94334e-12
7500	8	1.5369	-2.39041	4.93532e-32	0.00151037	3.38348e-13
7500	9	1.38286	-2.58772	2.3497e-28	1.33451e-28	-1.0
7500	10	1.50869	-1.26262	2.63003e-28	0.000102967	1.17583e-12
7600	1	1.31415	-0.622373	3.08457e-29	1.26344e-29	-1.0
7600	2	1.71166	-2.58074	1.71798e-28	1.08103e-27	1.0
7600	3	3.61666	-2.31378	2.70238e-27	7.89651e-29	-1.0
7600	4	0.797175	-3.08687	2.48789e-28	9.39882e-28	1.0
7600	5	3.23271	-4.01194	5.97173e-28	4.20805e-27	1.0
7600	6	1.88697	-1.26303	7.96017e-28	2.08517e-28	1.0
7600	7	0.932222	-2.38848	0.00579232	6.19086e-28	1.04158e-14
7600	8	1.5369	-2.15331	4.93532e-32	0.00118387	7.37035e-13
7600	9	1.38537	-2.58772	6.45222e-05	1.33451e-28	-1.32227e-12
7600	10	1.50869	-1.90407	2.63003e-28	6.19086e-28	-1.0
7700	1	1.36634	-0.622373	0.00484408	1.26344e-29	-1.50955e-13
7700	2	2.17812	-2.58074	1.6709e-27	1.08103e-27	1.0
7700	3	3.91651	-2.31378	0.000112501	7.89651e-29	2.20446e-12
7700	4	0.797175	-3.08687	2.48789e-28	9.39882e-28	1.0
7700	5	3.23271	-4.01194	5.97173e-28	4.20805e-27	1.0
7700	6	1.88697	-1.26303	7.96017e-28	2.08517e-28	1.0
7700	7	1.13176	-2.63018	4.37515e-06	0.0146457	0.0384995
7700	8	1.5369	-2.14344	4.93532e-32	8.08602e-28	1.0
7700	9	1.43803	-2.58772	3.65016e-28	1.33451e-28	-1.0
7700	10	1.50869	-1.90979	2.63003e-28	0.000113654	-1.50097e-12
7800	1	1.67593	-0.622373	1.54772e-28	1.26344e-29	1.0
7800	2	2.17812	-2.58074	1.6709e-27	1.08103e-27	1.0
7800	3	3.91726	-2.31378	5.54532e-28	7.89651e-29	1.0
7800	4	0.797175	-3.08687	2.48789e-28	9.39882e-28	1.0
7800	5	3.23271	-4.01194	5.97173e-28	4.20805e-27	1.0
7800	6	1.88697	-1.26303	7.96017e-28	2.08517e-28	1.0
7800	7	1.1319	-2.74869	1.77671e-30	1.70742e-27	-1.0
7800	8	1.5369	-2.14344	4.93532e-32	8.08602e-28	1.0
7800	9	1.43803	-2.58772	3.65016e-28	1.33451e-28	-1.0
7800	10	1.50869	-1.94981	2.63003e-28	1.49293e-28	1.0
7900	1	1.67593	-0.622373	1.54772e-28	1.26344e-29	1.0
7900	2	2.17812	-2.58074	1.6709e-27	1.08103e-27	1.0
7900	3	3.91726	-2.31378	5.54532e-28	7.89651e-29	1.0
7900	4	0.797175	-3.08687	2.48789e-28	9.39882e-28	1.0
7900	5	3.23271	-4.01194	5.97173e-28	4.20805e-27	1.0
7900	6	1.88697	-1.26303	7.96017e-28	2.08517e-28	1.0
7900	7	1.1319	-2.74869	1.77671e-30	1.70742e-27	-1.0
7900	8	1.5369	-2.14344	4.93532e-32	8.08602e-28	1.0
7900	9	1.43803	-2.58772	3.65016e-28	1.33451e-28	-1.0
7900	10	1.50869	-1.94969	2.63003e-28	7.70053e-06	4.42313e-12
8000	1	1.67593	-0.622373	1.54772e-28	1.26344e-29	1.0
8000	2	2.17812	-2.58074	1.6709e-27	1.08103e-27	1.0
8000	3	3.91726	-2.31378	5.54532e-28	7.89651e-29	1.0
8000	4	0.797175	-3.08687	2.48789e-28	9.39882e-28	1.0
8000	5	3.23271	-4.01194	5.97173e-28	4.20805e-27	1.0
8000	6	1.88697	-1.26303	7.96017e-28	2.08517e-28	1.0
8000	7	1.1319	-2.74869	1.77671e-30	1.70742e-27	-1.0
8000	8	1.5369	-2.14344	4.93532e-32	8.08602e-28	1.0
8000	9	1.43803	-2.58772	3.65016e-28	1.33451e-28	-1.0
8000	10	1.50869	-2.33677	2.63003e-28	1.49422e-27	1.0
8100	1	1.67593	-0.622373	1.54772e-28	1.26344e-29	1.0
8100	2	2.17812	-2.49586	1.6709e-27	1.11045e-27	-1.0
8100	3	3.91726	-2.31378	5.54532e-28	7.89651e-29	1.0
8100	4	0.797175	-3.08687	2.48789e-28	9.39882e-28	1.0
8100	5	3.23271	-4.01194	5.97173e-28	4.20805e-27	1.0
8100	6	2.11448	-1.26303	1.93582e-06	2.08517e-28	1.77187e-11
8100	7	1.1388	-2.74869	0.000395637	1.70742e-27	-3.75413e-14
8100	8	1.5369	-2.14344	4.93532e-32	8.08602e-28	1.0
8100	9	1.43803	-2.58772	3.65016e-28	1.33451e-28	-1.0
8100	10	1.50869	-2.33677	2.63003e-28	1.49422e-27	1.0
8200	1	1.67593	-0.622373	1.54772e-28	1.26344e-29	1.0
8200	2	2.17819	-2.49586	4.00888e-06	1.11045e-27	-2.05726e-11
8200	3	3.90598	-2.31378	2.10653e-08	7.89651e-29	-6.98451e-10
8200	4	0.797175	-3.08687	2.48789e-28	9.39882e-28	1.0
8200	5	3.23271	-3.96159	5.97173e-28	4.62123e-27	1.0
8200	6	2.11471	-1.26303	6.69665e-06	2.08517e-28	9.47707e-12
8200	7	1.47616	-2.74869	0.000390061	1.70742e-27	-1.17549e-12
8200	8	1.5369	-2.14344	4.93532e-32	8.08602e-28	1.0
8200	9	1.43826	-2.58772	2.6495e-05	1.33451e-28	-3.68853e-12
8200	10	1.50869	-2.33677	2.63003e-28	1.49422e-27	1.0
8300	1	1.67593	-0.622373	1.54772e-28	1.26344e-29	1.0
8300	2	2.29931	-2.49586	0.00129576	1.11045e-27	-4.99784e-13
8300	3	3.90598	-2.31378	1.02623e-26	7.89651e-29	-1.0
8300	4	0.797175	-3.08687	2.48789e-28	9.39882e-28	1.0
8300	5	3.30326	-3.96159	1.02339e-27	4.62123e-27	-1.0
8300	6	2.18786	-1.26303	1.26344e-29	2.08517e-28	1.0
8300	7	1.47969	-2.74869	6.3019e-28	1.70742e-27	-1.0
8300	8	1.5369	-2.14344	4.93532e-32	8.08602e-28	1.0
8300	9	1.43804	-2.58772	6.13053e-08	1.33451e-28	-7.6836e-11
8300	10	1.50869	-2.36988	2.63003e-28	0.0016949	3.29958e-13
8400	1	1.67593	-0.622373	1.54772e-28	1.26344e-29	1.0
8400	2	2.65897	-2.49586	2.08749e-07	1.11045e-27	3.36173e-11
8400	3	3.90598	-2.31378	1.02623e-26	7.89651e-29	-1.0
8400	4	1.00954	-3.08687	1.04431e-28	9.39882e-28	1.0
8400	5	3.30326	-3.96159	1.02339e-27	4.62123e-27	-1.0
8400	6	2.18786	-1.26303	1.26344e-29	2.08517e-28	1.0
8400	7	1.47969	-3.00827	6.3019e-28	1.59904e-27	1.0
8400	8	1.5369	-2.14344	4.93532e-32	8.08602e-28	1.0
8400	9	1.43803	-2.22737	3.65016e-28	0.00192899	1.05378e-12
8400	10	1.50869	-2.47558	2.63003e-28	3.48236e-28	1.0
8500	1	1.67593	-0.622373	1.54772e-28	1.26344e-29	1.0
8500	2	2.65899	-2.49586	2.4183e-28	1.11045e-27	1.0
8500	3	3.90598	-2.31378	1.02623e-26	7.89651e-29	-1.0
8500	4	1.00954	-3.10538	1.04431e-28	0.00165032	4.38745e-13
8500	5	3.30326	-4.20137	1.02339e-27	0.000567648	3.62418e-12
8500	6	2.43376	-1.26303	0.00012105	2.08517e-28	2.75642e-12
8500	7	1.47969	-3.00827	6.3019e-28	1.59904e-27	1.0
8500	8	1.5369	-2.14344	4.93532e-32	8.08602e-28	1.0
8500	9	1.44228	-2.12846	0.000458116	0.00203977	0.0317624
8500	10	1.50869	-2.47558	2.63003e-28	3.48236e-28	1.0
8600	1	1.67763	-0.717858	0.00011768	0.00395266	0.0304558
8600	2	2.65899	-2.49586	2.4183e-28	1.11045e-27	1.0
8600	3	4.31547	-2.61056	1.54772e-28	5.70523e-29	-1.0
8600	4	1.00954	-3.283	1.04431e-28	3.99761e-28	-1.0
8600	5	3.30326	-4.20188	1.02339e-27	0.000483978	3.9482e-12
8600	6	2.43475	-1.26303	9.39882e-28	2.08517e-28	1.0
8600	7	1.47969	-3.00827	6.3019e-28	1.59904e-27	1.0
8600	8	1.5369	-2.14344	4.93532e-32	8.08602e-28	1.0
8600	9	1.66181	-2.09967	1.03765e-27	0.000850182	-1.38945e-12
8600	10	1.51031	-2.47558	0.000279555	3.48236e-28	9.6036e-13
8700	1	1.81762	-0.804076	7.83531e-28	1.77671e-28	1.0
8700	2	2.65899	-2.49586	2.4183e-28	1.11045e-27	1.0
8700	3	4.31547	-2.61056	1.54772e-28	5.70523e-29	-1.0
8700	4	1.00954	-3.283	1.04431e-28	3.99761e-28	-1.0
8700	5	3.30326	-4.1949	1.02339e-27	0.00158235	2.16453e-12
8700	6	2.43475	-1.26303	9.39882e-28	2.08517e-28	1.0
8700	7	1.47969	-3.00827	6.3019e-28	1.59904e-27	1.0
8700	8	1.5369	-2.14344	4.93532e-32	8.08602e-28	1.0
8700	9	1.66181	-2.0877	1.03765e-27	0.000100955	-4.16277e-12
8700	10	1.8032	-2.47558	9.1254e-29	3.48236e-28	1.0
8800	1	1.81762	-0.804076	7.83531e-28	1.77671e-28	1.0
8800	2	2.65899	-2.49586	2.4183e-28	1.11045e-27	1.0
8800	3	4.31547	-2.61056	1.54772e-28	5.70523e-29	-1.0
8800	4	1.00954	-3.39122	1.04431e-28	2.89032e-27	-1.0
8800	5	3.30326	-4.18113	1.02339e-27	0.00363987	1.37494e-12
8800	6	2.43475	-1.26303	9.39882e-28	2.08517e-28	1.0
8800	7	1.47969	-3.00827	6.3019e-28	1.59904e-27	1.0
8800	8	1.5369	-2.14344	4.93532e-32	8.08602e-28	1.0
8800	9	1.66181	-2.39433	1.03765e-27	1.77671e-28	1.0
8800	10	1.8032	-2.47558	9.1254e-29	3.48236e-28	1.0
8900	1	1.81762	-0.804076	7.83531e-28	1.77671e-28	1.0
8900	2	2.65887	-2.49586	8.99309e-07	1.11045e-27	1.77299e-11
8900	3	4.31547	-2.61056	1.54772e-28	5.70523e-29	-1.0
8900	4	1.00954	-3.42399	1.04431e-28	0.00288836	-5.05809e-13
8900	5	3.30326	-4.15646	1.02339e-27	0.00727933	9.33597e-13
8900	6	2.43475	-1.22631	9.39882e-28	0.00253988	1.39869e-13
8900	7	1.47969	-3.00827	6.3019e-28	1.59904e-27	1.0
8900	8	1.5369	-2.14344	4.93532e-32	8.08602e-28	1.0
8900	9	1.66181	-2.39433	1.03765e-27	1.77671e-28	1.0
8900	10	1.8032	-2.48772	9.1254e-29	0.000701388	8.10625e-13
9000	1	1.81762	-0.804076	7.83531e-28	1.77671e-28	1.0
9000	2	2.64314	-2.49586	2.39121e-06	1.11045e-27	1.57045e-11
9000	3	4.37841	-2.61056	0.00223779	5.70523e-29	-5.2088e-13
9000	4	1.00954	-3.6061	1.04431e-28	2.74877e-27	-1.0
9000	5	3.31086	-4.20182	0.000260053	0.00217214	-0.0410543
9000	6	2.43475	-1.08566	9.39882e-28	3.08457e-29	1.0
9000	7	1.47964	-3.00827	1.47647e-07	1.59904e-27	6.28496e-11
9000	8	1.5369	-2.14344	4.93532e-32	8.08602e-28	1.0
9000	9	1.66181	-2.39433	1.03765e-27	1.77671e-28	1.0
9000	10	1.8032	-3.03237	9.1254e-29	0.000181284	-3.24582e-12
9100	1	1.81762	-0.804076	7.83531e-28	1.77671e-28	1.0
9100	2	2.64285	-2.49586	6.64096e-28	1.11045e-27	1.0
9100	3	4.44867	-2.61056	2.85064e-28	5.70523e-29	1.0
9100	4	1.00954	-3.6061	1.04431e-28	2.74877e-27	-1.0
9100	5	3.38122	-4.35827	4.32413e-27	0.00681904	-5.61392e-13
9100	6	2.43475	-1.08566	9.39882e-28	3.08457e-29	1.0
9100	7	1.47403	-3.00827	3.14537e-06	1.59904e-27	1.29613e-11
9100	8	1.5369	-2.14344	4.93532e-32	8.08602e-28	1.0
9100	9	1.66181	-2.39422	1.03765e-27	1.25401e-05	3.7122e-12
9100	10	1.8032	-3.03322	9.1254e-29	1.89595e-27	-1.0
9200	1	1.81762	-0.804076	7.83531e-28	1.77671e-28	1.0
9200	2	2.64285	-2.49586	6.64096e-28	1.11045e-27	1.0
9200	3	4.44867	-2.61056	2.85064e-28	5.70523e-29	1.0
9200	4	1.00954	-3.60316	1.04431e-28	4.55433e-05	-8.03142e-12
9200	5	3.38122	-4.59928	4.32413e-27	0.000150067	-3.94288e-12
9200	6	2.43475	-1.08566	9.39882e-28	3.08457e-29	1.0
9200	7	1.47387	-3.27199	1.97626e-06	0.00208501	0.0114628
9200	8	1.5369	-2.52718	4.93532e-32	4.38276e-27	1.0
9200	9	1.66181	-2.39433	1.03765e-27	1.77671e-28	1.0
9200	10	1.8032	-3.03322	9.1254e-29	1.89595e-27	-1.0
9300	1	1.81762	-0.804076	7.83531e-28	1.77671e-28	1.0
9300	2	2.64285	-2.49586	6.64096e-28	1.11045e-27	1.0
9300	3	4.44889	-2.61056	1.5839e-05	5.70523e-29	4.04275e-12
9300	4	1.00954	-3.57295	1.04431e-28	5.05376e-27	-1.0
9300	5	3.38122	-4.59973	4.32413e-27	0.00010045	-4.92709e-12
9300	6	2.43475	-1.08566	9.39882e-28	3.08457e-29	1.0
9300	7	1.47392	-3.28853	5.33804e-28	6.19086e-28	-1.0
9300	8	1.61191	-2.52718	1.71798e-28	4.38276e-27	1.0
9300	9	1.66181	-2.39433	1.03765e-27	1.77671e-28	1.0
9300	10	1.8032	-3.03322	9.1254e-29	1.89595e-27	-1.0
9400	1	1.81762	-0.804076	7.83531e-28	1.77671e-28	1.0
9400	2	2.64285	-2.49586	6.64096e-28	1.11045e-27	1.0
9400	3	4.59414	-2.61056	6.11505e-27	5.70523e-29	-1.0
9400	4	1.00954	-3.57295	1.04431e-28	5.05376e-27	-1.0
9400	5	3.38122	-4.60063	4.32413e-27	2.38869e-27	-1.0
9400	6	2.43475	-1.08566	9.39882e-28	3.08457e-29	1.0
9400	7	1.50983	-3.28853	4.36085e-28	6.19086e-28	-1.0
9400	8	1.61191	-2.52718	1.71798e-28	4.38276e-27	1.0
9400	9	1.70148	-2.44996	2.87566e-06	6.87193e-28	1.44983e-11
9400	10	1.8032	-3.03322	9.1254e-29	1.89595e-27	-1.0
9500	1	1.81762	-0.804076	7.83531e-28	1.77671e-28	1.0
9500	2	2.93573	-2.49586	2.4183e-28	1.11045e-27	1.0
9500	3	4.59414	-2.61056	6.11505e-27	5.70523e-29	-1.0
9500	4	1.00954	-3.57295	1.04431e-28	5.05376e-27	-1.0
9500	5	3.38122	-4.60063	4.32413e-27	2.38869e-27	-1.0
9500	6	2.43475	-1.08566	9.39882e-28	3.08457e-29	1.0
9500	7	1.50983	-3.28882	4.36085e-28	1.2404e-05	-6.78756e-12
9500	8	1.61191	-2.52718	1.71798e-28	4.38276e-27	1.0
9500	9	1.72711	-2.44996	6.78758e-05	6.87193e-28	-4.1049e-12
9500	10	1.8032	-3.03322	9.1254e-29	1.89595e-27	-1.0
9600	1	1.81762	-0.974817	7.83531e-28	8.49985e-29	1.0
9600	2	2.93573	-2.49577	2.4183e-28	1.54524e-06	2.69512e-11
9600	3	4.46601	-2.61056	0.000604361	5.70523e-29	1.30634e-13
9600	4	1.05936	-3.57295	7.89651e-29	5.05376e-27	1.0
9600	5	3.38122	-4.60175	4.32413e-27	7.67333e-05	-5.48679e-12
9600	6	2.43475	-1.08566	9.39882e-28	3.08457e-29	1.0
9600	7	1.50645	-3.29967	0.000105834	0.000403837	0.0150087
9600	8	1.61191	-2.52718	1.71798e-28	4.38276e-27	1.0
9600	9	1.73261	-2.44996	1.78165e-27	6.87193e-28	-1.0
9600	10	1.8032	-3.1165	9.1254e-29	4.68184e-27	1.0
9700	1	1.81762	-0.974817	7.83531e-28	8.49985e-29	1.0
9700	2	2.93573	-3.24628	2.4183e-28	0.000426646	5.67333e-13
9700	3	4.45681	-2.72067	9.55477e-29	0.000194366	3.17912e-12
9700	4	1.40426	-3.57295	4.8371e-28	5.05376e-27	-1.0
9700	5	3.38122	-4.82033	4.32413e-27	1.1371e-26	-1.0
9700	6	2.43475	-1.08566	9.39882e-28	3.08457e-29	1.0
9700	7	1.46794	-3.35849	0.00046329	0.000516344	-0.0410605
9700	8	1.61191	-2.52718	1.71798e-28	4.38276e-27	1.0
9700	9	1.73261	-2.44996	1.78165e-27	6.87193e-28	-1.0
9700	10	1.73684	-3.1165	9.67322e-28	4.68184e-27	1.0
9800	1	1.81762	-0.974817	7.83531e-28	8.49985e-29	1.0
9800	2	2.93593	-3.24923	3.9376e-05	2.14982e-28	2.5058e-12
9800	3	4.45681	-2.72419	9.55477e-29	2.38869e-27	1.0
9800	4	1.40426	-3.57295	4.8371e-28	5.05376e-27	-1.0
9800	5	3.38122	-4.82033	4.32413e-27	1.1371e-26	-1.0
9800	6	2.43475	-1.08566	9.39882e-28	3.08457e-29	1.0
9800	7	1.44701	-3.37297	4.83622e-05	5.97173e-28	-2.02291e-12
9800	8	1.61191	-2.52718	1.71798e-28	4.38276e-27	1.0
9800	9	1.65648	-2.44996	5.97173e-30	6.87193e-28	-1.0
9800	10	1.95868	-3.1165	0.000542753	4.68184e-27	-1.56623e-12
9900	1	1.81762	-0.974817	7.83531e-28	8.49985e-29	1.0
9900	2	3.3326	-3.24918	5.97173e-28	2.67145e-06	8.93702e-12
9900	3	4.45681	-2.72419	9.55477e-29	2.38869e-27	1.0
9900	4	1.40426	-3.57295	4.8371e-28	5.05376e-27	-1.0
9900	5	3.38122	-4.82033	4.32413e-27	1.1371e-26	-1.0
9900	6	2.43475	-1.08566	9.39882e-28	3.08457e-29	1.0
9900	7	1.44543	-3.37297	2.48789e-28	5.97173e-28	-1.0
9900	8	1.61191	-2.52718	1.71798e-28	4.38276e-27	1.0
9900	9	1.65634	-2.44996	1.8301e-05	6.87193e-28	-5.86309e-13
9900	10	1.96344	-3.1165	1.76294e-27	4.68184e-27	-1.0
10000	1	1.81762	-0.974817	7.83531e-28	8.49985e-29	1.0
10000	2	3.3326	-3.24923	5.97173e-28	2.14982e-28	1.0
10000	3	4.45681	-2.74277	9.55477e-29	8.86185e-28	1.0
10000	4	1.32274	-3.57295	1.42631e-29	5.05376e-27	-1.0
10000	5	3.38122	-4.82033	4.32413e-27	1.1371e-26	-1.0
10000	6	2.43475	-1.08566	9.39882e-28	3.08457e-29	1.0
10000	7	1.44543	-3.37297	2.48789e-28	5.97173e-28	-1.0
10000	8	1.61191	-2.52718	1.71798e-28	4.38276e-27	1.0
10000	9	1.65648	-2.44996	5.97173e-30	6.87193e-28	-1.0
10000	10	1.96344	-3.1165	1.76294e-27	4.68184e-27	-1.0
