// Initial random seed:
924885975775062979

// RunInitializeCallbacks():
initializeMutationRate(1e-07);
initializeMutationType(1, 0.5, "n", 0, 0.5);
initializeMutationType(2, 0.5, "n", 0, 0.5);
initializeMutationType(3, 0.5, "n", 0, 0.5);
initializeGenomicElementType(1, m1, 1);
initializeGenomicElementType(2, m2, 1);
initializeGenomicElementType(3, m3, 1);
initializeGenomicElement(g3, 0, 19);
initializeGenomicElement(g1, 20, 49);
initializeGenomicElement(g2, 50, 79);
initializeRecombinationRate(0.5);

// Starting run at tick <start>:
1 

0.0
0.0
4.60517 -4.60517
100	1	-0.00557803	-0.000242634	2.62143e-33	2.94061e-05	-6.39791e-17
100	2	0.0	0.0	0.0	0.0	NAN
100	3	0.000116352	0.208081	1.35379e-05	2.16706e-05	0.00141634
100	4	0.0	0.0	0.0	0.0	NAN
100	5	0.131168	0.0	0.00611237	0.0	NAN
100	6	0.0	0.0	0.0	0.0	NAN
100	7	0.0	0.0	0.0	0.0	NAN
100	8	-0.0755035	0.0	5.70647e-06	0.0	NAN
100	9	0.0	0.0	0.0	0.0	NAN
100	10	0.0	0.0	0.0	0.0	NAN
200	1	-0.00557803	0.0	2.62143e-33	0.0	NAN
200	2	0.0	0.0	0.0	0.0	NAN
200	3	0.121313	0.188965	1.85151e-30	2.09944e-29	-1.0
200	4	0.0	0.0	0.0	0.0	NAN
200	5	0.222885	0.0	2.77612e-30	0.0	NAN
200	6	0.0	0.0	0.0	0.0	NAN
200	7	0.0	0.0	0.0	0.0	NAN
200	8	-0.0756548	-0.00392775	1.73507e-33	4.94089e-33	1.0
200	9	0.0	0.0	0.0	0.0	NAN
200	10	0.0	0.0	0.0	0.0	NAN
300	1	-0.00557803	0.0	2.62143e-33	0.0	NAN
300	2	0.000468742	0.0	2.42178e-05	0.0	NAN
300	3	0.121248	0.188965	4.24173e-06	2.09944e-29	-6.67403e-13
300	4	0.0	0.0	0.0	0.0	NAN
300	5	0.222885	0.0	2.77612e-30	0.0	NAN
300	6	0.0	-0.20154	0.0	4.06587e-05	NAN
300	7	0.0	0.0	0.0	0.0	NAN
300	8	-0.0756548	-0.00392775	1.73507e-33	4.94089e-33	1.0
300	9	0.0	0.0	0.0	0.0	NAN
300	10	0.0	0.0	0.0	0.0	NAN
400	1	-0.00557803	0.0	2.62143e-33	0.0	NAN
400	2	0.174229	0.0	0.000494272	0.0	NAN
400	3	0.121313	0.188965	1.85151e-30	2.09944e-29	-1.0
400	4	0.0	0.0	0.0	0.0	NAN
400	5	0.222885	0.0	2.77612e-30	0.0	NAN
400	6	0.0	-0.201944	0.0	3.73233e-31	NAN
400	7	0.0	0.0	0.0	0.0	NAN
400	8	-0.0756548	-0.00392775	1.73507e-33	4.94089e-33	1.0
400	9	0.666297	0.610038	1.49293e-30	1.5202e-28	1.0
400	10	0.0	0.0	0.0	0.0	NAN
500	1	-0.00551592	0.0	4.25201e-07	0.0	NAN
500	2	0.179896	0.0	4.57211e-30	0.0	NAN
500	3	0.121313	0.188965	1.85151e-30	2.09944e-29	-1.0
500	4	0.0	0.0	0.0	0.0	NAN
500	5	0.211121	-0.0127267	0.00143485	0.00167935	1.0
500	6	0.0	-0.201944	0.0	3.73233e-31	NAN
500	7	0.0	0.0	0.0	0.0	NAN
500	8	-0.151903	-0.247227	0.00147138	0.0048065	1.0
500	9	0.666297	0.610038	1.49293e-30	1.5202e-28	1.0
500	10	0.0	0.0	0.0	0.0	NAN
600	1	-0.00557803	0.0	2.62143e-33	0.0	NAN
600	2	0.179896	0.0	4.57211e-30	0.0	NAN
600	3	0.121313	0.188965	1.85151e-30	2.09944e-29	-1.0
600	4	0.0	-0.193148	0.0	6.66962e-30	NAN
600	5	-0.0385326	-0.282815	4.91652e-31	0.0	NAN
600	6	0.0	-0.201744	0.0	1.99698e-05	NAN
600	7	0.0	0.0	0.0	0.0	NAN
600	8	-0.173363	-0.286013	4.07935e-31	5.97173e-30	1.0
600	9	0.666297	0.610038	1.49293e-30	1.5202e-28	1.0
600	10	0.0	0.0	0.0	0.0	NAN
700	1	-0.00557803	-0.0702282	2.62143e-33	3.40074e-31	-1.0
700	2	0.187971	0.0	0.000350322	0.0	NAN
700	3	0.121313	0.188965	1.85151e-30	2.09944e-29	-1.0
700	4	0.0	-0.193148	0.0	6.66962e-30	NAN
700	5	-0.0385326	-0.282815	4.91652e-31	0.0	NAN
700	6	0.0	-0.201944	0.0	3.73233e-31	NAN
700	7	0.0	0.0	0.0	0.0	NAN
700	8	-0.173363	-0.286013	4.07935e-31	5.97173e-30	1.0
700	9	0.666297	0.610038	1.49293e-30	1.5202e-28	1.0
700	10	0.0662033	0.0347536	0.00113917	0.000313927	1.0
800	1	-0.00557803	-0.0702282	2.62143e-33	3.40074e-31	-1.0
800	2	0.269135	0.0	0.000131378	0.0	NAN
800	3	0.121313	0.188965	1.85151e-30	2.09944e-29	-1.0
800	4	0.0	-0.193148	0.0	6.66962e-30	NAN
800	5	0.263397	-0.385288	2.38869e-29	3.73233e-31	1.0
800	6	0.0	-0.201944	0.0	3.73233e-31	NAN
800	7	-0.00881093	5.62692e-05	1.47602e-34	3.16623e-06	2.36819e-16
800	8	-0.173363	-0.286013	4.07935e-31	5.97173e-30	1.0
800	9	0.666297	0.610038	1.49293e-30	1.5202e-28	1.0
800	10	0.102087	0.0535908	1.02736e-30	1.01984e-31	1.0
900	1	-0.00557803	-0.0702282	2.62143e-33	3.40074e-31	-1.0
900	2	0.441759	0.0898735	0.000106984	1.41492e-05	0.684509
900	3	0.121313	0.188965	1.85151e-30	2.09944e-29	-1.0
900	4	-1.55516e-05	-0.193148	1.20804e-07	6.66962e-30	-1.60799e-16
900	5	0.358679	-0.385288	2.08517e-30	3.73233e-31	-1.0
900	6	0.0	-0.201944	0.0	3.73233e-31	NAN
900	7	-0.00881093	0.0	1.47602e-34	0.0	NAN
900	8	0.483471	-0.286013	4.44178e-31	5.97173e-30	1.0
900	9	0.666297	0.610038	1.49293e-30	1.5202e-28	1.0
900	10	0.445339	0.0535908	6.66545e-29	1.01984e-31	-1.0
1000	1	-0.00557803	-0.0702282	2.62143e-33	3.40074e-31	-1.0
1000	2	0.442769	0.0901892	1.10184e-28	1.77671e-30	1.0
1000	3	0.121313	0.188965	1.85151e-30	2.09944e-29	-1.0
1000	4	0.0	-0.193148	0.0	6.66962e-30	NAN
1000	5	0.358679	-0.385288	2.08517e-30	3.73233e-31	-1.0
1000	6	0.0	-0.201944	0.0	3.73233e-31	NAN
1000	7	-0.00881093	0.0	1.47602e-34	0.0	NAN
1000	8	0.435281	-0.310023	0.000874563	0.00021709	1.0
1000	9	0.666297	0.610038	1.49293e-30	1.5202e-28	1.0
1000	10	0.445339	0.0535908	6.66545e-29	1.01984e-31	-1.0
1100	1	-0.00557803	-0.0702282	2.62143e-33	3.40074e-31	-1.0
1100	2	0.442769	0.0901892	1.10184e-28	1.77671e-30	1.0
1100	3	0.121313	0.188979	1.85151e-30	2.76268e-08	-2.72153e-11
1100	4	0.0	-0.193148	0.0	6.66962e-30	NAN
1100	5	0.358679	-0.385288	2.08517e-30	3.73233e-31	-1.0
1100	6	0.0	-0.273767	0.0	3.73233e-31	NAN
1100	7	-0.00881093	0.0	1.47602e-34	0.0	NAN
1100	8	0.398629	-0.328284	1.23383e-30	5.18517e-30	-1.0
1100	9	0.666297	0.610038	1.49293e-30	1.5202e-28	1.0
1100	10	0.237463	0.0535908	0.000162199	1.01984e-31	4.6888e-13
1200	1	-0.00557803	-0.0702282	2.62143e-33	3.40074e-31	-1.0
1200	2	0.442769	0.0901892	1.10184e-28	1.77671e-30	1.0
1200	3	0.105138	0.18914	1.59646e-30	3.26926e-07	7.10338e-12
1200	4	0.0	-0.193148	0.0	6.66962e-30	NAN
1200	5	0.358679	-0.637173	2.08517e-30	4.00871e-29	1.0
1200	6	0.0	-0.273767	0.0	3.73233e-31	NAN
1200	7	-0.00881093	0.0	1.47602e-34	0.0	NAN
1200	8	0.398629	-0.328284	1.23383e-30	5.18517e-30	-1.0
1200	9	0.666297	0.610038	1.49293e-30	1.5202e-28	1.0
1200	10	0.235893	0.0535908	3.66478e-29	1.01984e-31	1.0
1300	1	-0.00557803	-0.0702282	2.62143e-33	3.40074e-31	-1.0
1300	2	0.442769	0.0901892	1.10184e-28	1.77671e-30	1.0
1300	3	0.105138	0.189467	1.59646e-30	8.8431e-07	3.72794e-12
1300	4	5.84613e-05	-0.193095	3.41772e-06	2.73041e-06	1.0
1300	5	0.358679	-0.637173	2.08517e-30	4.00871e-29	1.0
1300	6	-0.0088654	-0.195763	2.42902e-05	0.00188049	-1.0
1300	7	-0.00881093	-0.0262925	1.47602e-34	0.00127657	-3.5015e-15
1300	8	0.398629	-0.328284	1.23383e-30	5.18517e-30	-1.0
1300	9	0.666297	0.610038	1.49293e-30	1.5202e-28	1.0
1300	10	0.235893	0.0535908	3.66478e-29	1.01984e-31	1.0
1400	1	-0.00557803	-0.0702282	2.62143e-33	3.40074e-31	-1.0
1400	2	1.04771	0.0901892	1.1371e-28	1.77671e-30	1.0
1400	3	0.105138	0.191454	1.59646e-30	1.82429e-06	1.25148e-12
1400	4	0.0	-0.193148	0.0	6.66962e-30	NAN
1400	5	0.358679	-0.637173	2.08517e-30	4.00871e-29	1.0
1400	6	-0.0144153	-0.146931	9.97787e-32	1.01984e-29	1.0
1400	7	-0.00881093	-0.121496	1.47602e-34	4.80201e-05	2.28562e-13
1400	8	0.398629	-0.328284	1.23383e-30	5.18517e-30	-1.0
1400	9	0.666297	0.610145	1.49293e-30	1.13815e-05	3.62278e-12
1400	10	0.235893	0.0535908	3.66478e-29	1.01984e-31	1.0
1500	1	-0.00557803	-0.0702282	2.62143e-33	3.40074e-31	-1.0
1500	2	1.04771	0.0901892	1.1371e-28	1.77671e-30	1.0
1500	3	0.105138	0.192737	1.59646e-30	3.95665e-07	4.91407e-12
1500	4	0.0	-0.193148	0.0	6.66962e-30	NAN
1500	5	0.358679	-0.637238	2.08517e-30	4.28196e-06	3.12472e-12
1500	6	-0.0144153	-0.146931	9.97787e-32	1.01984e-29	1.0
1500	7	-0.00881093	-0.122291	1.47602e-34	2.54959e-30	1.0
1500	8	0.399335	-0.328284	1.33798e-05	5.18517e-30	-3.90538e-13
1500	9	0.666297	0.39875	1.49293e-30	0.000547076	-2.24982e-14
1500	10	0.564252	0.0535908	1.23383e-30	1.01984e-31	1.0
1600	1	-0.00557803	-0.0702282	2.62143e-33	3.40074e-31	-1.0
1600	2	0.9953	0.122039	0.000542538	0.00140755	0.937226
1600	3	0.105138	0.19294	1.59646e-30	1.97731e-08	2.41635e-11
1600	4	0.0	-0.193148	0.0	6.66962e-30	NAN
1600	5	0.358659	-0.637215	4.07926e-07	1.78781e-06	1.0
1600	6	-0.0144153	-0.146931	9.97787e-32	1.01984e-29	1.0
1600	7	0.282744	-0.122291	0.0110363	2.54959e-30	1.845e-14
1600	8	0.437879	-0.328284	1.97413e-29	5.18517e-30	1.0
1600	9	0.666297	0.393443	1.49293e-30	3.08457e-31	-1.0
1600	10	0.564252	0.0535908	1.23383e-30	1.01984e-31	1.0
1700	1	0.135482	0.089663	0.000104557	0.000134337	1.0
1700	2	0.717639	-0.329471	1.06714e-28	1.42631e-29	-1.0
1700	3	0.105138	0.19295	1.59646e-30	1.16666e-29	1.0
1700	4	0.0	-0.193148	0.0	6.66962e-30	NAN
1700	5	0.358679	-0.637173	2.08517e-30	4.00871e-29	1.0
1700	6	-0.0144153	-0.146931	9.97787e-32	1.01984e-29	1.0
1700	7	0.357924	-0.122291	4.89707e-29	2.54959e-30	1.0
1700	8	0.437879	-0.328284	1.97413e-29	5.18517e-30	1.0
1700	9	0.666297	0.393443	1.49293e-30	3.08457e-31	-1.0
1700	10	0.564252	0.0535908	1.23383e-30	1.01984e-31	1.0
1800	1	0.136979	0.0913597	5.97173e-30	4.69163e-30	-1.0
1800	2	0.717639	-0.329471	1.06714e-28	1.42631e-29	-1.0
1800	3	0.39859	0.19295	2.66785e-29	1.16666e-29	-1.0
1800	4	-0.0351597	-0.193148	0.000234491	6.66962e-30	-2.70293e-15
1800	5	0.358679	-0.637173	2.08517e-30	4.00871e-29	1.0
1800	6	-0.0144153	-0.146931	9.97787e-32	1.01984e-29	1.0
1800	7	0.357924	-0.122291	4.89707e-29	2.54959e-30	1.0
1800	8	0.437879	-0.328284	1.97413e-29	5.18517e-30	1.0
1800	9	0.666297	0.393443	1.49293e-30	3.08457e-31	-1.0
1800	10	0.776852	0.0535908	1.46591e-28	1.01984e-31	-1.0
1900	1	0.136979	0.0913597	5.97173e-30	4.69163e-30	-1.0
1900	2	0.717639	-0.329471	1.06714e-28	1.42631e-29	-1.0
1900	3	0.39859	0.19295	2.66785e-29	1.16666e-29	-1.0
1900	4	-0.0492089	-0.193148	1.35384e-31	6.66962e-30	-1.0
1900	5	0.329233	-0.6955	0.00125295	0.0048523	0.989901
1900	6	-0.0144153	-0.146931	9.97787e-32	1.01984e-29	1.0
1900	7	0.357924	-0.122291	4.89707e-29	2.54959e-30	1.0
1900	8	0.437879	-0.328284	1.97413e-29	5.18517e-30	1.0
1900	9	0.843615	0.416455	5.37456e-29	3.93869e-29	1.0
1900	10	0.776852	0.0535908	1.46591e-28	1.01984e-31	-1.0
2000	1	0.136979	0.0913597	5.97173e-30	4.69163e-30	-1.0
2000	2	0.717639	-0.329471	1.06714e-28	1.42631e-29	-1.0
2000	3	0.39859	0.19295	2.66785e-29	1.16666e-29	-1.0
2000	4	-0.0492089	-0.193148	1.35384e-31	6.66962e-30	-1.0
2000	5	0.247772	-1.10965	1.20491e-29	7.89651e-31	-1.0
2000	6	-0.0144153	-0.146931	9.97787e-32	1.01984e-29	1.0
2000	7	0.357924	-0.122291	4.89707e-29	2.54959e-30	1.0
2000	8	0.437879	-0.328284	1.97413e-29	5.18517e-30	1.0
2000	9	0.843615	0.416455	5.37456e-29	3.93869e-29	1.0
2000	10	0.776852	0.0535908	1.46591e-28	1.01984e-31	-1.0
2100	1	0.136979	0.0913597	5.97173e-30	4.69163e-30	-1.0
2100	2	0.717492	-0.329471	2.13509e-05	1.42631e-29	-2.22539e-12
2100	3	0.39859	0.19295	2.66785e-29	1.16666e-29	-1.0
2100	4	-0.0492089	-0.193148	1.35384e-31	6.66962e-30	-1.0
2100	5	0.247772	-1.10965	1.20491e-29	7.89651e-31	-1.0
2100	6	-0.0144153	-0.146931	9.97787e-32	1.01984e-29	1.0
2100	7	0.357924	-0.122291	4.89707e-29	2.54959e-30	1.0
2100	8	0.437879	-0.328284	1.97413e-29	5.18517e-30	1.0
2100	9	0.843807	0.416455	1.56862e-06	3.93869e-29	6.0742e-12
2100	10	0.776852	0.0535908	1.46591e-28	1.01984e-31	-1.0
2200	1	0.136979	0.0913597	5.97173e-30	4.69163e-30	-1.0
2200	2	0.717639	-0.329471	1.06714e-28	1.42631e-29	-1.0
2200	3	0.39859	0.19295	2.66785e-29	1.16666e-29	-1.0
2200	4	-0.0492089	-0.193148	1.35384e-31	6.66962e-30	-1.0
2200	5	0.247772	-1.10965	1.20491e-29	7.89651e-31	-1.0
2200	6	-0.0144153	-0.146931	9.97787e-32	1.01984e-29	1.0
2200	7	0.357924	-0.122291	4.89707e-29	2.54959e-30	1.0
2200	8	0.437879	-0.491612	1.97413e-29	2.96427e-30	1.0
2200	9	0.887509	0.416455	0.000772047	3.93869e-29	-3.16123e-13
2200	10	0.776852	0.0535908	1.46591e-28	1.01984e-31	-1.0
2300	1	0.136979	-0.278601	5.97173e-30	1.92786e-30	1.0
2300	2	0.717639	-0.329471	1.06714e-28	1.42631e-29	-1.0
2300	3	0.39859	0.19295	2.66785e-29	1.16666e-29	-1.0
2300	4	-0.0492089	-0.193148	1.35384e-31	6.66962e-30	-1.0
2300	5	0.247772	-1.10965	1.20491e-29	7.89651e-31	-1.0
2300	6	-0.0144153	-0.146931	9.97787e-32	1.01984e-29	1.0
2300	7	0.357924	-0.122291	4.89707e-29	2.54959e-30	1.0
2300	8	0.437879	-0.491612	1.97413e-29	2.96427e-30	1.0
2300	9	0.923787	0.416455	1.11353e-28	3.93869e-29	-1.0
2300	10	0.776852	0.0535908	1.46591e-28	1.01984e-31	-1.0
2400	1	0.136979	-0.278601	5.97173e-30	1.92786e-30	1.0
2400	2	0.717639	-0.329471	1.06714e-28	1.42631e-29	-1.0
2400	3	0.39859	0.19295	2.66785e-29	1.16666e-29	-1.0
2400	4	-0.0492089	-0.193148	1.35384e-31	6.66962e-30	-1.0
2400	5	0.368737	-1.10965	6.22464e-05	7.89651e-31	3.97308e-13
2400	6	-0.0144153	-0.146931	9.97787e-32	1.01984e-29	1.0
2400	7	0.357924	-0.122291	4.89707e-29	2.54959e-30	1.0
2400	8	0.437879	-0.491612	1.97413e-29	2.96427e-30	1.0
2400	9	0.924036	0.416455	6.17225e-05	3.93869e-29	-1.33457e-12
2400	10	0.776852	0.0535908	1.46591e-28	1.01984e-31	-1.0
2500	1	0.136979	-0.278601	5.97173e-30	1.92786e-30	1.0
2500	2	0.717639	-0.329471	1.06714e-28	1.42631e-29	-1.0
2500	3	0.39859	0.19295	2.66785e-29	1.16666e-29	-1.0
2500	4	-0.0492089	-0.193148	1.35384e-31	6.66962e-30	-1.0
2500	5	0.369774	-1.10965	1.11045e-29	7.89651e-31	1.0
2500	6	-0.0144153	-0.146931	9.97787e-32	1.01984e-29	1.0
2500	7	0.357924	-0.122291	4.89707e-29	2.54959e-30	1.0
2500	8	0.437879	-0.491612	1.97413e-29	2.96427e-30	1.0
2500	9	0.923787	0.469536	1.11353e-28	9.77316e-29	1.0
2500	10	0.443031	-0.356757	0.00712175	0.0107613	1.0
2600	1	0.136979	-0.278618	5.97173e-30	3.0178e-07	2.56694e-12
2600	2	0.717639	-0.329471	1.06714e-28	1.42631e-29	-1.0
2600	3	0.487323	0.19295	1.37923e-05	1.16666e-29	-2.03227e-12
2600	4	-0.0492089	-0.193148	1.35384e-31	6.66962e-30	-1.0
2600	5	0.369774	-1.10965	1.11045e-29	7.89651e-31	1.0
2600	6	-0.0144153	-0.146931	9.97787e-32	1.01984e-29	1.0
2600	7	0.357924	-0.122291	4.89707e-29	2.54959e-30	1.0
2600	8	0.437879	-0.491612	1.97413e-29	2.96427e-30	1.0
2600	9	0.923787	0.469536	1.11353e-28	9.77316e-29	1.0
2600	10	0.400504	-0.409034	3.46583e-29	4.59108e-29	1.0
2700	1	0.136979	-0.266377	5.97173e-30	8.91441e-31	1.0
2700	2	0.717639	-0.329471	1.06714e-28	1.42631e-29	-1.0
2700	3	0.487635	0.19295	5.78943e-29	1.16666e-29	-1.0
2700	4	-0.0492089	-0.405916	1.35384e-31	3.33627e-29	-1.0
2700	5	0.369774	-1.10965	1.11045e-29	7.89651e-31	1.0
2700	6	-0.0144153	-0.146931	9.97787e-32	1.01984e-29	1.0
2700	7	0.357924	-0.122291	4.89707e-29	2.54959e-30	1.0
2700	8	0.437879	-0.491612	1.97413e-29	2.96427e-30	1.0
2700	9	0.923787	0.469536	1.11353e-28	9.77316e-29	1.0
2700	10	0.400504	-0.409034	3.46583e-29	4.59108e-29	1.0
2800	1	0.136979	-0.266377	5.97173e-30	8.91441e-31	1.0
2800	2	0.717639	-0.329471	1.06714e-28	1.42631e-29	-1.0
2800	3	0.487635	0.184211	5.78943e-29	0.0010305	-9.37733e-14
2800	4	-0.0492089	-0.405916	1.35384e-31	3.33627e-29	-1.0
2800	5	0.369774	-1.10965	1.11045e-29	7.89651e-31	1.0
2800	6	-0.0144153	-0.146931	9.97787e-32	1.01984e-29	1.0
2800	7	0.357924	-0.122291	4.89707e-29	2.54959e-30	1.0
2800	8	0.437879	-0.491612	1.97413e-29	2.96427e-30	1.0
2800	9	0.923787	0.469536	1.11353e-28	9.77316e-29	1.0
2800	10	0.400504	-0.409034	3.46583e-29	4.59108e-29	1.0
2900	1	0.136979	-0.266377	5.97173e-30	8.91441e-31	1.0
2900	2	0.717639	-0.597628	1.06714e-28	1.68899e-28	1.0
2900	3	0.573719	-0.0532071	2.4985e-29	4.72373e-31	1.0
2900	4	-0.0492089	-0.402326	1.35384e-31	7.31424e-06	-4.06524e-13
2900	5	0.369774	-1.10965	1.11045e-29	7.89651e-31	1.0
2900	6	-0.0144153	-0.146931	9.97787e-32	1.01984e-29	1.0
2900	7	0.357924	-0.27345	4.89707e-29	0.00804227	-8.53995e-15
2900	8	0.437879	-0.491612	1.97413e-29	2.96427e-30	1.0
2900	9	0.931912	0.372343	1.02534e-06	0.00014673	-1.0
2900	10	0.400504	-0.409034	3.46583e-29	4.59108e-29	1.0
3000	1	0.136979	-0.266377	5.97173e-30	8.91441e-31	1.0
3000	2	0.717639	-0.597628	1.06714e-28	1.68899e-28	1.0
3000	3	0.573719	-0.0532071	2.4985e-29	4.72373e-31	1.0
3000	4	-0.0492089	-0.398349	1.35384e-31	5.37456e-29	-1.0
3000	5	0.369774	-1.10965	1.11045e-29	7.89651e-31	1.0
3000	6	-0.0144153	-0.146931	9.97787e-32	1.01984e-29	1.0
3000	7	0.357924	-0.378492	4.89707e-29	1.11045e-29	-1.0
3000	8	0.437879	-0.491612	1.97413e-29	2.96427e-30	1.0
3000	9	0.932163	0.369337	3.23806e-28	5.13304e-29	-1.0
3000	10	0.319026	-0.409034	0.000515442	4.59108e-29	1.06616e-13
3100	1	0.136979	-0.266377	5.97173e-30	8.91441e-31	1.0
3100	2	0.717639	-0.597628	1.06714e-28	1.68899e-28	1.0
3100	3	0.573719	-0.0532071	2.4985e-29	4.72373e-31	1.0
3100	4	-0.0492089	-0.398349	1.35384e-31	5.37456e-29	-1.0
3100	5	0.369774	-1.10965	1.11045e-29	7.89651e-31	1.0
3100	6	-0.0144153	-0.146931	9.97787e-32	1.01984e-29	1.0
3100	7	0.357924	-0.378492	4.89707e-29	1.11045e-29	-1.0
3100	8	0.437879	-0.491612	1.97413e-29	2.96427e-30	1.0
3100	9	0.932163	0.369337	3.23806e-28	5.13304e-29	-1.0
3100	10	0.305927	-0.409034	8.99461e-30	4.59108e-29	1.0
3200	1	0.137122	-0.266377	2.06118e-05	8.91441e-31	5.39534e-13
3200	2	0.717736	-0.597675	9.5518e-06	2.17771e-06	-1.0
3200	3	0.573719	-0.0532071	2.4985e-29	4.72373e-31	1.0
3200	4	-0.0492089	-0.802317	1.35384e-31	9.99401e-31	1.0
3200	5	0.571911	-1.10965	0.0174779	7.89651e-31	2.46548e-14
3200	6	0.0332506	-0.146931	0.00172359	1.01984e-29	-6.8984e-15
3200	7	0.357924	-0.378492	4.89707e-29	1.11045e-29	-1.0
3200	8	0.437879	-0.491612	1.97413e-29	2.96427e-30	1.0
3200	9	0.932163	0.369337	3.23806e-28	5.13304e-29	-1.0
3200	10	0.305927	-0.409039	8.99461e-30	2.59255e-08	4.23274e-11
3300	1	0.136979	-0.266377	5.97173e-30	8.91441e-31	1.0
3300	2	0.717639	-0.597628	1.06714e-28	1.68899e-28	1.0
3300	3	0.573719	-0.0532071	2.4985e-29	4.72373e-31	1.0
3300	4	0.362867	-0.537927	2.12496e-29	8.91441e-29	1.0
3300	5	0.748662	-1.10965	1.57548e-28	7.89651e-31	1.0
3300	6	0.108119	-0.0821795	1.42584e-30	0.000869303	1.02397e-14
3300	7	0.62247	-0.378492	1.49293e-28	1.11045e-29	1.0
3300	8	0.437879	-0.491612	1.97413e-29	2.96427e-30	1.0
3300	9	0.932163	0.369337	3.23806e-28	5.13304e-29	-1.0
3300	10	0.305927	-0.409034	8.99461e-30	4.59108e-29	1.0
3400	1	0.136979	-0.266377	5.97173e-30	8.91441e-31	1.0
3400	2	0.717639	-0.597628	1.06714e-28	1.68899e-28	1.0
3400	3	0.573719	-0.0532071	2.4985e-29	4.72373e-31	1.0
3400	4	0.362867	-0.537927	2.12496e-29	8.91441e-29	1.0
3400	5	0.748662	-1.10965	1.57548e-28	7.89651e-31	1.0
3400	6	0.108119	-0.306401	1.42584e-30	2.59413e-30	1.0
3400	7	0.62247	-0.378492	1.49293e-28	1.11045e-29	1.0
3400	8	0.437879	-0.491612	1.97413e-29	2.96427e-30	1.0
3400	9	0.932163	0.369337	3.23806e-28	5.13304e-29	-1.0
3400	10	0.305927	-0.409034	8.99461e-30	4.59108e-29	1.0
3500	1	0.136979	-0.266377	5.97173e-30	8.91441e-31	1.0
3500	2	0.717639	-0.597628	1.06714e-28	1.68899e-28	1.0
3500	3	0.573719	-0.0532071	2.4985e-29	4.72373e-31	1.0
3500	4	0.366765	-0.537927	0.000159518	8.91441e-29	2.94126e-13
3500	5	0.748662	-1.10965	1.57548e-28	7.89651e-31	1.0
3500	6	0.108119	-0.306401	1.42584e-30	2.59413e-30	1.0
3500	7	0.62247	-0.201357	1.49293e-28	1.00218e-29	-1.0
3500	8	0.865428	-0.491612	9.33885e-29	2.96427e-30	-1.0
3500	9	0.932163	0.369337	3.23806e-28	5.13304e-29	-1.0
3500	10	0.305927	-0.409034	8.99461e-30	4.59108e-29	1.0
3600	1	0.136979	-0.266377	5.97173e-30	8.91441e-31	1.0
3600	2	0.717639	-0.597628	1.06714e-28	1.68899e-28	1.0
3600	3	0.573719	-0.0532071	2.4985e-29	4.72373e-31	1.0
3600	4	0.45046	-0.537927	4.1506e-29	8.91441e-29	-1.0
3600	5	0.748662	-1.10965	1.57548e-28	7.89651e-31	1.0
3600	6	0.108119	-0.306401	1.42584e-30	2.59413e-30	1.0
3600	7	0.62247	-0.201357	1.49293e-28	1.00218e-29	-1.0
3600	8	0.865428	-0.491612	9.33885e-29	2.96427e-30	-1.0
3600	9	0.932163	0.369337	3.23806e-28	5.13304e-29	-1.0
3600	10	0.305927	-0.409034	8.99461e-30	4.59108e-29	1.0
3700	1	0.136979	-0.266377	5.97173e-30	8.91441e-31	1.0
3700	2	0.717639	-0.597628	1.06714e-28	1.68899e-28	1.0
3700	3	0.688977	-0.0516281	2.59413e-28	3.90391e-31	1.0
3700	4	0.45046	-0.537927	4.1506e-29	8.91441e-29	-1.0
3700	5	0.748662	-1.03657	1.57548e-28	0.0129407	1.26578e-14
3700	6	0.108119	-0.306401	1.42584e-30	2.59413e-30	1.0
3700	7	0.610231	-0.201357	0.000789757	1.00218e-29	-3.23475e-13
3700	8	0.865374	-0.491612	1.45933e-06	2.96427e-30	-7.88967e-12
3700	9	0.932163	0.369337	3.23806e-28	5.13304e-29	-1.0
3700	10	0.110885	-0.652753	1.26487e-30	5.05376e-29	1.0
3800	1	0.136979	-0.266377	5.97173e-30	8.91441e-31	1.0
3800	2	0.717639	-0.597628	1.06714e-28	1.68899e-28	1.0
3800	3	0.688977	-0.0516281	2.59413e-28	3.90391e-31	1.0
3800	4	0.45046	-0.537927	4.1506e-29	8.91441e-29	-1.0
3800	5	0.925661	-0.869233	0.00374524	0.0085336	0.480576
3800	6	0.108119	-0.306401	1.42584e-30	2.59413e-30	1.0
3800	7	0.478212	-0.201357	4.16615e-05	1.00218e-29	-1.19308e-12
3800	8	0.865428	-0.491612	9.33885e-29	2.96427e-30	-1.0
3800	9	0.932163	0.369337	3.23806e-28	5.13304e-29	-1.0
3800	10	0.110885	-0.652753	1.26487e-30	5.05376e-29	1.0
3900	1	0.136979	-0.266377	5.97173e-30	8.91441e-31	1.0
3900	2	0.717639	-0.597628	1.06714e-28	1.68899e-28	1.0
3900	3	0.688977	-0.0516281	2.59413e-28	3.90391e-31	1.0
3900	4	0.45046	-0.537927	4.1506e-29	8.91441e-29	-1.0
3900	5	0.970326	-0.839714	3.19821e-28	0.00677761	8.51016e-15
3900	6	0.262734	-0.306401	6.94029e-31	2.59413e-30	-1.0
3900	7	0.477633	-0.201357	6.13244e-29	1.00218e-29	-1.0
3900	8	0.865428	-0.492024	9.33885e-29	8.47747e-05	-1.83912e-13
3900	9	0.932163	0.369337	3.23806e-28	5.13304e-29	-1.0
3900	10	0.110885	-0.652753	1.26487e-30	5.05376e-29	1.0
4000	1	0.136979	-0.266377	5.97173e-30	8.91441e-31	1.0
4000	2	0.717639	-0.597628	1.06714e-28	1.68899e-28	1.0
4000	3	0.688977	-0.0516281	2.59413e-28	3.90391e-31	1.0
4000	4	0.45046	-0.537927	4.1506e-29	8.91441e-29	-1.0
4000	5	0.970326	-0.833802	3.19821e-28	0.00578994	1.09913e-14
4000	6	0.262734	-0.306401	6.94029e-31	2.59413e-30	-1.0
4000	7	0.477633	-0.201357	6.13244e-29	1.00218e-29	-1.0
4000	8	0.865428	-0.903582	9.33885e-29	1.80645e-28	-1.0
4000	9	0.932163	0.369337	3.23806e-28	5.13304e-29	-1.0
4000	10	0.454017	-0.652753	6.21973e-29	5.05376e-29	1.0
4100	1	0.136979	-0.266377	5.97173e-30	8.91441e-31	1.0
4100	2	0.717639	-0.597628	1.06714e-28	1.68899e-28	1.0
4100	3	0.688977	-0.0516281	2.59413e-28	3.90391e-31	1.0
4100	4	0.45046	-0.537927	4.1506e-29	8.91441e-29	-1.0
4100	5	0.970326	-0.819689	3.19821e-28	0.00348058	1.51991e-14
4100	6	0.263081	-0.306401	1.71046e-05	2.59413e-30	-1.93883e-13
4100	7	0.477633	-0.201357	6.13244e-29	1.00218e-29	-1.0
4100	8	0.865428	-0.903582	9.33885e-29	1.80645e-28	-1.0
4100	9	0.93147	0.369337	7.97527e-05	5.13304e-29	-2.02082e-12
4100	10	0.454017	-0.652753	6.21973e-29	5.05376e-29	1.0
4200	1	0.226888	-0.266374	0.0020357	9.76685e-09	-0.0212047
4200	2	0.717639	-0.436414	1.06714e-28	7.99552e-29	1.0
4200	3	0.688977	-0.0516281	2.59413e-28	3.90391e-31	1.0
4200	4	0.45046	-0.537927	4.1506e-29	8.91441e-29	-1.0
4200	5	0.970326	-0.810916	3.19821e-28	0.00199756	4.23055e-14
4200	6	0.262932	-0.306401	9.80359e-06	2.59413e-30	-2.60445e-13
4200	7	0.477633	-0.201357	6.13244e-29	1.00218e-29	-1.0
4200	8	0.452009	-1.43454	5.29343e-29	8.34068e-30	1.0
4200	9	0.81011	0.122253	0.00613609	4.75198e-30	-9.82823e-14
4200	10	0.454017	-0.652753	6.21973e-29	5.05376e-29	1.0
4300	1	0.46548	-0.266377	0.0135373	8.91441e-31	1.68254e-14
4300	2	0.717639	-0.436414	1.06714e-28	7.99552e-29	1.0
4300	3	0.688977	-0.0516281	2.59413e-28	3.90391e-31	1.0
4300	4	0.45046	-0.537927	4.1506e-29	8.91441e-29	-1.0
4300	5	0.970326	-0.808436	3.19821e-28	0.00157109	5.12589e-14
4300	6	0.262734	-0.306401	6.94029e-31	2.59413e-30	-1.0
4300	7	0.477633	-0.201357	6.13244e-29	1.00218e-29	-1.0
4300	8	0.451733	-1.43483	3.81774e-05	4.14714e-05	1.0
4300	9	0.744344	0.122253	0.00390974	4.75198e-30	6.12552e-14
4300	10	0.454017	-0.652753	6.21973e-29	5.05376e-29	1.0
4400	1	0.508318	-0.266377	3.86929e-29	8.91441e-31	1.0
4400	2	0.717639	-0.718004	1.06714e-28	1.63174e-28	1.0
4400	3	0.688977	-0.0516281	2.59413e-28	3.90391e-31	1.0
4400	4	0.45046	-0.537927	4.1506e-29	8.91441e-29	-1.0
4400	5	0.970326	-0.800808	3.19821e-28	0.0001089	2.29723e-13
4400	6	0.268905	-0.306401	0.000354037	2.59413e-30	-6.59748e-14
4400	7	0.477633	-0.201357	6.13244e-29	1.00218e-29	-1.0
4400	8	0.175547	-1.72268	4.93532e-30	3.73554e-28	-1.0
4400	9	0.712906	0.122253	0.00123548	4.75198e-30	2.61353e-13
4400	10	0.455966	-0.652753	3.37291e-05	5.05376e-29	1.14027e-12
4500	1	0.508318	-0.266377	3.86929e-29	8.91441e-31	1.0
4500	2	0.717639	-0.718004	1.06714e-28	1.63174e-28	1.0
4500	3	0.712721	-0.0490191	0.00107232	1.29472e-05	1.0
4500	4	0.45046	-0.537927	4.1506e-29	8.91441e-29	-1.0
4500	5	0.970326	-0.800236	3.19821e-28	5.97173e-30	1.0
4500	6	0.296788	-0.306401	0.00135549	2.59413e-30	-7.03021e-14
4500	7	0.477633	-0.201357	6.13244e-29	1.00218e-29	-1.0
4500	8	0.175547	-1.72268	4.93532e-30	3.73554e-28	-1.0
4500	9	0.703891	0.122253	0.000325951	4.75198e-30	5.82873e-13
4500	10	0.490448	-0.652753	2.28135e-29	5.05376e-29	1.0
4600	1	0.508318	-0.266345	3.86929e-29	9.89972e-07	9.45303e-13
4600	2	0.717639	-0.718004	1.06714e-28	1.63174e-28	1.0
4600	3	0.95093	-0.371631	0.0130885	3.19766e-06	0.0338136
4600	4	0.819449	-0.537927	0.00139635	8.91441e-29	-3.2316e-13
4600	5	0.970326	-0.800236	3.19821e-28	5.97173e-30	1.0
4600	6	0.337184	-0.306401	0.00144179	2.59413e-30	-8.30183e-14
4600	7	0.477633	-0.201357	6.13244e-29	1.00218e-29	-1.0
4600	8	0.175547	-1.72268	4.93532e-30	3.73554e-28	-1.0
4600	9	0.701001	0.122542	1.25863e-28	6.89576e-06	8.04286e-13
4600	10	0.490448	-0.652753	2.28135e-29	5.05376e-29	1.0
4700	1	0.508318	-0.206533	3.86929e-29	9.94887e-05	-1.76368e-13
4700	2	0.717639	-0.718004	1.06714e-28	1.63174e-28	1.0
4700	3	1.14897	-0.368648	9.1254e-29	4.1506e-29	1.0
4700	4	0.827172	-0.537841	1.49293e-28	2.46129e-06	-5.97104e-12
4700	5	0.970326	-0.800236	3.19821e-28	5.97173e-30	1.0
4700	6	0.356611	-0.306401	0.00101813	2.59413e-30	-1.41871e-13
4700	7	0.477633	-0.201357	6.13244e-29	1.00218e-29	-1.0
4700	8	0.175547	-1.72268	4.93532e-30	3.73554e-28	-1.0
4700	9	0.701001	0.163231	1.25863e-28	0.00013959	1.9474e-13
4700	10	0.490448	-0.652753	2.28135e-29	5.05376e-29	1.0
4800	1	0.406801	-0.203449	0.00406668	4.57211e-30	-6.59075e-15
4800	2	0.717639	-0.718004	1.06714e-28	1.63174e-28	1.0
4800	3	1.14897	-0.368648	9.1254e-29	4.1506e-29	1.0
4800	4	0.827172	-1.00962	1.49293e-28	3.1586e-28	-1.0
4800	5	0.970326	-0.800236	3.19821e-28	5.97173e-30	1.0
4800	6	0.376894	-0.306401	6.52283e-06	2.59413e-30	-2.92541e-12
4800	7	0.477633	-0.201357	6.13244e-29	1.00218e-29	-1.0
4800	8	0.175547	-1.7226	4.93532e-30	6.6352e-06	-7.49023e-12
4800	9	0.701001	0.16986	1.25863e-28	1.41771e-05	6.96444e-13
4800	10	0.490448	-0.652753	2.28135e-29	5.05376e-29	1.0
4900	1	0.328472	-0.203449	0.000242771	4.57211e-30	2.36765e-13
4900	2	0.717639	-0.718004	1.06714e-28	1.63174e-28	1.0
4900	3	1.01429	-0.517082	9.55477e-29	1.41261e-28	-1.0
4900	4	0.827172	-1.00962	1.49293e-28	3.1586e-28	-1.0
4900	5	0.970326	-0.800236	3.19821e-28	5.97173e-30	1.0
4900	6	0.377009	-0.306401	5.62163e-29	2.59413e-30	-1.0
4900	7	0.477633	-0.201357	6.13244e-29	1.00218e-29	-1.0
4900	8	0.175547	-1.72268	4.93532e-30	3.73554e-28	-1.0
4900	9	0.701001	0.170462	1.25863e-28	7.10686e-30	1.0
4900	10	0.27636	-0.652753	0.000194974	5.05376e-29	-2.80318e-13
5000	1	0.325733	-0.203449	1.51144e-29	4.57211e-30	1.0
5000	2	0.717639	-0.718004	1.06714e-28	1.63174e-28	1.0
5000	3	1.01429	-0.517082	9.55477e-29	1.41261e-28	-1.0
5000	4	0.827172	-1.00962	1.49293e-28	3.1586e-28	-1.0
5000	5	0.970326	-0.800236	3.19821e-28	5.97173e-30	1.0
5000	6	0.37724	-0.306401	4.83195e-06	2.59413e-30	-3.37254e-12
5000	7	0.477633	-0.201292	6.13244e-29	4.20685e-06	-1.54169e-12
5000	8	0.338794	-1.72268	3.73233e-31	3.73554e-28	-1.0
5000	9	0.701001	0.170462	1.25863e-28	7.10686e-30	1.0
5000	10	0.35311	-0.652753	0.00175378	5.05376e-29	-1.62818e-14
5100	1	0.325733	-0.329313	1.51144e-29	0.00133352	4.93414e-14
5100	2	0.717639	-0.718004	1.06714e-28	1.63174e-28	1.0
5100	3	1.01429	-0.517082	9.55477e-29	1.41261e-28	-1.0
5100	4	0.827172	-1.00962	1.49293e-28	3.1586e-28	-1.0
5100	5	0.965735	-0.801347	0.000184614	1.08143e-05	1.0
5100	6	0.377009	-0.306401	5.62163e-29	2.59413e-30	-1.0
5100	7	0.477633	-0.201357	6.13244e-29	1.00218e-29	-1.0
5100	8	0.338794	-1.72268	3.73233e-31	3.73554e-28	-1.0
5100	9	0.701131	0.169651	1.10549e-06	4.3241e-05	-1.0
5100	10	0.399264	-0.652753	5.70523e-29	5.05376e-29	1.0
5200	1	0.325733	-0.350658	1.51144e-29	1.78165e-29	1.0
5200	2	0.717639	-0.718004	1.06714e-28	1.63174e-28	1.0
5200	3	1.01429	-0.517082	9.55477e-29	1.41261e-28	-1.0
5200	4	0.827172	-1.00962	1.49293e-28	3.1586e-28	-1.0
5200	5	0.91905	-0.820436	4.88609e-28	1.89714e-28	1.0
5200	6	0.377009	-0.306401	5.62163e-29	2.59413e-30	-1.0
5200	7	0.484335	-0.201357	0.000219903	1.00218e-29	-5.10006e-13
5200	8	0.338794	-1.80572	3.73233e-31	5.17691e-06	1.28004e-12
5200	9	0.719813	0.0623199	1.34364e-29	5.11316e-31	1.0
5200	10	0.399264	-0.652753	5.70523e-29	5.05376e-29	1.0
5300	1	0.325733	-0.378278	1.51144e-29	0.00142275	6.28449e-14
5300	2	0.728066	-0.796777	0.00130471	0.00377113	-0.0260216
5300	3	1.01429	-0.517082	9.55477e-29	1.41261e-28	-1.0
5300	4	0.827172	-1.00962	1.49293e-28	3.1586e-28	-1.0
5300	5	1.11791	-0.742862	3.86929e-29	6.94029e-29	-1.0
5300	6	0.377009	-0.306401	5.62163e-29	2.59413e-30	-1.0
5300	7	0.551686	-0.201357	1.23383e-30	1.00218e-29	1.0
5300	8	0.338794	-1.80584	3.73233e-31	7.10686e-30	1.0
5300	9	0.724203	0.0656802	0.00044017	0.000257815	1.0
5300	10	0.399264	-0.652753	5.70523e-29	5.05376e-29	1.0
5400	1	0.325733	-0.484736	1.51144e-29	3.86929e-29	-1.0
5400	2	0.988486	-0.892918	6.19086e-28	4.59379e-05	-1.78757e-12
5400	3	1.01429	-0.517082	9.55477e-29	1.41261e-28	-1.0
5400	4	0.827172	-1.00962	1.49293e-28	3.1586e-28	-1.0
5400	5	1.11791	-0.742862	3.86929e-29	6.94029e-29	-1.0
5400	6	0.377009	-0.306401	5.62163e-29	2.59413e-30	-1.0
5400	7	0.551686	-0.201357	1.23383e-30	1.00218e-29	1.0
5400	8	0.338794	-1.80584	3.73233e-31	7.10686e-30	1.0
5400	9	0.781283	0.109364	0.00444432	0.00260311	1.0
5400	10	0.398793	-0.652753	1.68477e-05	5.05376e-29	1.87107e-12
5500	1	0.325733	-0.484736	1.51144e-29	3.86929e-29	-1.0
5500	2	0.988549	-0.893239	6.73305e-07	7.01707e-06	1.0
5500	3	1.01429	-0.517082	9.55477e-29	1.41261e-28	-1.0
5500	4	1.18001	-1.0094	3.86929e-29	6.65773e-06	-6.8678e-12
5500	5	1.11791	-0.742862	3.86929e-29	6.94029e-29	-1.0
5500	6	0.377009	-0.306401	5.62163e-29	2.59413e-30	-1.0
5500	7	0.551686	-0.201357	1.23383e-30	1.00218e-29	1.0
5500	8	0.338284	-1.80584	6.48544e-05	7.10686e-30	7.36544e-14
5500	9	0.871606	0.17849	0.00428504	0.00250982	1.0
5500	10	0.343923	-0.652753	0.000487424	5.05376e-29	2.03465e-13
5600	1	0.325733	-0.484736	1.51144e-29	3.86929e-29	-1.0
5600	2	0.988486	-0.893444	6.19086e-28	1.49293e-28	-1.0
5600	3	1.01429	-0.517082	9.55477e-29	1.41261e-28	-1.0
5600	4	1.09106	-1.02715	0.00423038	0.0031423	0.975689
5600	5	1.11791	-0.742862	3.86929e-29	6.94029e-29	-1.0
5600	6	0.377009	-0.306401	5.62163e-29	2.59413e-30	-1.0
5600	7	0.406093	-0.201389	0.000589465	1.04773e-06	0.0107295
5600	8	0.0871888	-1.80584	0.000460216	7.10686e-30	2.08278e-14
5600	9	0.924399	0.0350445	0.00045018	0.00517353	0.213971
5600	10	0.600579	-0.652753	3.20919e-29	5.05376e-29	-1.0
5700	1	0.325733	-0.484736	1.51144e-29	3.86929e-29	-1.0
5700	2	0.988486	-0.893444	6.19086e-28	1.49293e-28	-1.0
5700	3	1.01429	-0.517082	9.55477e-29	1.41261e-28	-1.0
5700	4	1.00176	-1.09645	1.26344e-29	7.10686e-28	1.0
5700	5	1.11791	-0.742862	3.86929e-29	6.94029e-29	-1.0
5700	6	0.377009	-0.306401	5.62163e-29	2.59413e-30	-1.0
5700	7	0.397864	-0.201357	5.62163e-29	1.00218e-29	-1.0
5700	8	0.0837456	-2.00253	2.09944e-31	0.00124965	8.88884e-13
5700	9	0.928894	-0.0120181	4.08694e-28	4.63168e-32	1.0
5700	10	0.600579	-0.652753	3.20919e-29	5.05376e-29	-1.0
5800	1	0.325733	-0.484736	1.51144e-29	3.86929e-29	-1.0
5800	2	0.988486	-0.893444	6.19086e-28	1.49293e-28	-1.0
5800	3	1.01429	-0.517082	9.55477e-29	1.41261e-28	-1.0
5800	4	1.05877	-1.05337	9.95901e-05	5.07009e-05	1.0
5800	5	1.11791	-0.742862	3.86929e-29	6.94029e-29	-1.0
5800	6	0.397589	-0.595564	1.05993e-07	0.000669415	0.00575247
5800	7	0.397864	-0.201357	5.62163e-29	1.00218e-29	-1.0
5800	8	0.0837456	-2.01464	2.09944e-31	1.63477e-27	1.0
5800	9	0.929392	-0.0121263	5.10827e-05	1.17013e-05	-0.00111452
5800	10	0.677397	-0.630389	0.000692215	0.0003128	1.0
5900	1	0.22505	-0.713102	2.96427e-30	6.52696e-30	1.0
5900	2	0.988486	-0.893444	6.19086e-28	1.49293e-28	-1.0
5900	3	1.01429	-0.517082	9.55477e-29	1.41261e-28	-1.0
5900	4	1.06364	-1.3638	1.89714e-28	2.70258e-28	-1.0
5900	5	1.11791	-0.742862	3.86929e-29	6.94029e-29	-1.0
5900	6	0.397599	-0.600265	4.1506e-29	1.16091e-28	-1.0
5900	7	0.576893	-0.192168	2.60545e-06	6.77026e-05	0.050019
5900	8	0.0837456	-2.01464	2.09944e-31	1.63477e-27	1.0
5900	9	1.25055	-0.106009	0.0016017	1.32647e-05	-0.0962858
5900	10	0.521018	-0.73551	4.44178e-31	7.50662e-29	1.0
6000	1	0.22505	-0.713102	2.96427e-30	6.52696e-30	1.0
6000	2	0.988486	-0.893444	6.19086e-28	1.49293e-28	-1.0
6000	3	1.0152	-0.517082	3.84683e-05	1.41261e-28	-1.55396e-12
6000	4	1.06364	-1.36392	1.89714e-28	1.54318e-05	-4.1751e-12
6000	5	1.11791	-0.742862	3.86929e-29	6.94029e-29	-1.0
6000	6	0.397599	-0.600265	4.1506e-29	1.16091e-28	-1.0
6000	7	0.576965	-0.178094	5.87426e-29	2.50544e-30	-1.0
6000	8	0.0837456	-2.01464	2.09944e-31	1.63477e-27	1.0
6000	9	1.33712	-0.106292	1.89518e-05	2.68435e-30	-1.41688e-12
6000	10	0.521018	-0.73551	4.44178e-31	7.50662e-29	1.0
6100	1	0.22505	-0.713102	2.96427e-30	6.52696e-30	1.0
6100	2	0.988486	-0.893444	6.19086e-28	1.49293e-28	-1.0
6100	3	1.09355	-0.517082	1.38633e-28	1.41261e-28	1.0
6100	4	1.06364	-1.61225	1.89714e-28	2.21546e-28	-1.0
6100	5	1.11791	-0.742862	3.86929e-29	6.94029e-29	-1.0
6100	6	0.397599	-0.600265	4.1506e-29	1.16091e-28	-1.0
6100	7	0.577002	-0.178094	2.74267e-07	2.50544e-30	-1.45332e-11
6100	8	0.0837456	-2.33473	2.09944e-31	0.000922713	9.00622e-13
6100	9	1.33743	-0.106292	3.86929e-29	2.68435e-30	-1.0
6100	10	0.521018	-0.73551	4.44178e-31	7.50662e-29	1.0
6200	1	0.369339	-0.713102	3.73233e-31	6.52696e-30	-1.0
6200	2	0.988486	-0.893444	6.19086e-28	1.49293e-28	-1.0
6200	3	1.09355	-0.517082	1.38633e-28	1.41261e-28	1.0
6200	4	1.06364	-1.61225	1.89714e-28	2.21546e-28	-1.0
6200	5	1.11791	-0.73941	3.86929e-29	0.000272153	-5.30414e-13
6200	6	0.397599	-0.600265	4.1506e-29	1.16091e-28	-1.0
6200	7	0.576965	-0.178094	5.87426e-29	2.50544e-30	-1.0
6200	8	0.312351	-2.34059	0.00180241	7.58854e-28	-4.3283e-14
6200	9	1.33743	-0.106292	3.86929e-29	2.68435e-30	-1.0
6200	10	0.521018	-0.73551	4.44178e-31	7.50662e-29	1.0
6300	1	0.369339	-0.713102	3.73233e-31	6.52696e-30	-1.0
6300	2	0.892395	-1.06011	1.38638e-05	2.28209e-28	3.03394e-12
6300	3	1.09355	-0.517082	1.38633e-28	1.41261e-28	1.0
6300	4	1.06364	-1.61225	1.89714e-28	2.21546e-28	-1.0
6300	5	1.23596	-0.578459	6.97488e-06	2.96242e-29	-1.01194e-12
6300	6	0.397599	-0.600265	4.1506e-29	1.16091e-28	-1.0
6300	7	0.576965	-0.178094	5.87426e-29	2.50544e-30	-1.0
6300	8	0.328358	-2.34059	2.11369e-05	7.58854e-28	-5.96803e-13
6300	9	1.33743	-0.106292	3.86929e-29	2.68435e-30	-1.0
6300	10	0.655784	-0.607027	0.0168482	0.0153141	1.0
6400	1	0.370311	-0.713102	0.000123368	6.52696e-30	-5.63144e-14
6400	2	0.892106	-1.06011	1.28368e-28	2.28209e-28	1.0
6400	3	1.09355	-0.517082	1.38633e-28	1.41261e-28	1.0
6400	4	1.06364	-1.61225	1.89714e-28	2.21546e-28	-1.0
6400	5	1.23608	-0.578459	7.10686e-30	2.96242e-29	-1.0
6400	6	0.397599	-0.600265	4.1506e-29	1.16091e-28	-1.0
6400	7	0.653633	-0.178094	0.000853567	2.50544e-30	1.887e-13
6400	8	0.413843	-2.43153	3.08457e-29	5.1347e-28	-1.0
6400	9	1.33743	-0.106292	3.86929e-29	2.68435e-30	-1.0
6400	10	0.893085	-0.386211	0.000900564	0.00197344	0.680942
6500	1	0.932153	-0.605706	1.30897e-28	0.00138512	7.32268e-14
6500	2	0.892106	-1.06011	1.28368e-28	2.28209e-28	1.0
6500	3	1.06775	-0.517082	4.1506e-29	1.41261e-28	-1.0
6500	4	1.06364	-1.61225	1.89714e-28	2.21546e-28	-1.0
6500	5	1.23608	-0.578459	7.10686e-30	2.96242e-29	-1.0
6500	6	0.397599	-0.600265	4.1506e-29	1.16091e-28	-1.0
6500	7	0.677514	-0.178094	1.18497e-28	2.50544e-30	1.0
6500	8	0.413843	-2.43153	3.08457e-29	5.1347e-28	-1.0
6500	9	1.33743	-0.114008	3.86929e-29	7.90426e-05	-5.64986e-14
6500	10	0.897986	-0.777859	1.99004e-28	4.93532e-30	1.0
6600	1	0.932153	-0.580351	1.30897e-28	3.46583e-29	1.0
6600	2	0.892106	-1.06011	1.28368e-28	2.28209e-28	1.0
6600	3	1.06775	-0.517082	4.1506e-29	1.41261e-28	-1.0
6600	4	1.06364	-1.61225	1.89714e-28	2.21546e-28	-1.0
6600	5	1.23608	-0.578459	7.10686e-30	2.96242e-29	-1.0
6600	6	0.397599	-0.600265	4.1506e-29	1.16091e-28	-1.0
6600	7	0.677514	-0.178094	1.18497e-28	2.50544e-30	1.0
6600	8	0.413843	-2.43153	3.08457e-29	5.1347e-28	-1.0
6600	9	1.33743	-0.134607	3.86929e-29	3.25808e-30	-1.0
6600	10	0.897986	-0.777859	1.99004e-28	4.93532e-30	1.0
6700	1	0.932153	-0.580351	1.30897e-28	3.46583e-29	1.0
6700	2	1.05852	-1.06011	0.000818301	2.28209e-28	-1.68072e-13
6700	3	1.06775	-0.517082	4.1506e-29	1.41261e-28	-1.0
6700	4	1.06364	-1.61225	1.89714e-28	2.21546e-28	-1.0
6700	5	1.23608	-0.578459	7.10686e-30	2.96242e-29	-1.0
6700	6	0.397599	-0.600265	4.1506e-29	1.16091e-28	-1.0
6700	7	0.677514	-0.178094	1.18497e-28	2.50544e-30	1.0
6700	8	0.413843	-2.44487	3.08457e-29	2.70258e-28	1.0
6700	9	1.33743	-0.134607	3.86929e-29	3.25808e-30	-1.0
6700	10	0.897986	-0.777859	1.99004e-28	4.93532e-30	1.0
6800	1	0.932153	-0.580351	1.30897e-28	3.46583e-29	1.0
6800	2	1.06857	-1.06011	1.42631e-29	2.28209e-28	-1.0
6800	3	1.06737	-0.517757	1.5508e-05	5.0133e-05	1.0
6800	4	1.06341	-1.61225	7.58937e-06	2.21546e-28	-4.944e-12
6800	5	1.23608	-0.578459	7.10686e-30	2.96242e-29	-1.0
6800	6	0.397599	-0.600265	4.1506e-29	1.16091e-28	-1.0
6800	7	0.677514	-0.178094	1.18497e-28	2.50544e-30	1.0
6800	8	0.413843	-2.44487	3.08457e-29	2.70258e-28	1.0
6800	9	1.33743	-0.108605	3.86929e-29	2.87613e-06	-1.16904e-12
6800	10	0.897253	-0.780306	2.77322e-05	0.000309643	1.0
6900	1	0.932153	-0.580351	1.30897e-28	3.46583e-29	1.0
6900	2	1.06857	-1.06011	1.42631e-29	2.28209e-28	-1.0
6900	3	0.984394	-0.666882	6.75645e-29	2.50248e-06	-7.68511e-13
6900	4	0.997591	-1.61225	4.40736e-28	2.21546e-28	-1.0
6900	5	1.23608	-0.578459	7.10686e-30	2.96242e-29	-1.0
6900	6	0.397599	-0.600265	4.1506e-29	1.16091e-28	-1.0
6900	7	0.677514	-0.178094	1.18497e-28	2.50544e-30	1.0
6900	8	0.413843	-2.41155	3.08457e-29	4.44376e-06	5.46299e-12
6900	9	1.33788	-0.107822	2.02461e-05	3.10671e-05	1.0
6900	10	0.897986	-0.777859	1.99004e-28	4.93532e-30	1.0
7000	1	0.932153	-0.580351	1.30897e-28	3.46583e-29	1.0
7000	2	1.06857	-1.06011	1.42631e-29	2.28209e-28	-1.0
7000	3	0.984394	-0.666953	6.75645e-29	1.49293e-30	-1.0
7000	4	0.997591	-1.62304	4.40736e-28	0.00157257	-3.72671e-13
7000	5	1.23608	-0.578459	7.10686e-30	2.96242e-29	-1.0
7000	6	0.397599	-0.600265	4.1506e-29	1.16091e-28	-1.0
7000	7	0.677514	-0.178094	1.18497e-28	2.50544e-30	1.0
7000	8	0.413843	-2.41121	3.08457e-29	2.66455e-06	6.95886e-12
7000	9	1.37815	-0.0579342	0.00104134	0.00159791	1.0
7000	10	0.897986	-0.777859	1.99004e-28	4.93532e-30	1.0
7100	1	1.13864	-0.580351	5.97173e-30	3.46583e-29	1.0
7100	2	1.06874	-1.06011	2.30064e-08	2.28209e-28	-1.55428e-11
7100	3	0.984394	-0.87187	6.75645e-29	8.09515e-29	1.0
7100	4	0.997591	-1.91633	4.40736e-28	1.58132e-27	-1.0
7100	5	1.23604	-0.578459	1.45198e-06	2.96242e-29	-2.03888e-12
7100	6	0.397599	-0.600265	4.1506e-29	1.16091e-28	-1.0
7100	7	0.677514	-0.178094	1.18497e-28	2.50544e-30	1.0
7100	8	0.413843	-2.41128	3.08457e-29	1.33451e-28	1.0
7100	9	1.65624	0.00191978	5.95111e-05	9.13183e-05	1.0
7100	10	0.897986	-0.777859	1.99004e-28	4.93532e-30	1.0
7200	1	1.13864	-0.580351	5.97173e-30	3.46583e-29	1.0
7200	2	1.06903	-1.06011	1.56546e-10	2.28209e-28	-2.23373e-09
7200	3	0.984394	-0.87187	6.75645e-29	8.09515e-29	1.0
7200	4	0.997591	-1.91633	4.40736e-28	1.58132e-27	-1.0
7200	5	1.23608	-0.578459	7.10686e-30	2.96242e-29	-1.0
7200	6	0.397599	-0.600265	4.1506e-29	1.16091e-28	-1.0
7200	7	0.681316	-0.17483	0.000643424	0.000473984	1.0
7200	8	0.413843	-2.41128	3.08457e-29	1.33451e-28	1.0
7200	9	1.6576	0.0035995	1.70742e-27	3.58536e-33	1.0
7200	10	0.900965	-0.777859	0.000297592	4.93532e-30	8.14894e-13
7300	1	1.13864	-0.580351	5.97173e-30	3.46583e-29	1.0
7300	2	1.06903	-1.09142	7.83531e-28	0.00156257	-2.81184e-13
7300	3	0.984394	-0.87187	6.75645e-29	8.09515e-29	1.0
7300	4	0.997591	-1.91633	4.40736e-28	1.58132e-27	-1.0
7300	5	1.23608	-0.578459	7.10686e-30	2.96242e-29	-1.0
7300	6	0.397599	-0.600265	4.1506e-29	1.16091e-28	-1.0
7300	7	1.0232	0.118604	4.1506e-29	4.33768e-30	-1.0
7300	8	0.413843	-2.41128	3.08457e-29	1.33451e-28	1.0
7300	9	1.6576	0.0035995	1.70742e-27	3.58536e-33	1.0
7300	10	1.10349	-0.775584	8.4695e-28	9.84349e-05	-1.8067e-13
7400	1	1.13864	-0.580566	5.97173e-30	2.31285e-05	1.22714e-12
7400	2	1.06903	-1.19081	7.83531e-28	2.55847e-28	1.0
7400	3	0.984205	-0.87187	3.59617e-05	8.09515e-29	1.359e-12
7400	4	0.997591	-1.91633	4.40736e-28	1.58132e-27	-1.0
7400	5	1.23608	-0.578459	7.10686e-30	2.96242e-29	-1.0
7400	6	0.397599	-0.600265	4.1506e-29	1.16091e-28	-1.0
7400	7	1.0232	0.118604	4.1506e-29	4.33768e-30	-1.0
7400	8	0.413843	-2.41139	3.08457e-29	1.09354e-05	3.4556e-12
7400	9	1.6576	0.0035995	1.70742e-27	3.58536e-33	1.0
7400	10	1.10349	-0.717389	8.4695e-28	0.000896812	1.67158e-13
7500	1	1.13864	-0.795533	5.97173e-30	7.70033e-29	-1.0
7500	2	1.06903	-1.19081	7.83531e-28	2.55847e-28	1.0
7500	3	0.984394	-0.897108	6.75645e-29	1.228e-05	-2.69263e-12
7500	4	0.984305	-1.94154	0.0006115	0.00231534	0.995424
7500	5	1.23608	-0.578459	7.10686e-30	2.96242e-29	-1.0
7500	6	0.397599	-0.600265	4.1506e-29	1.16091e-28	-1.0
7500	7	1.0232	0.118604	4.1506e-29	4.33768e-30	-1.0
7500	8	0.413843	-2.41128	3.08457e-29	1.33451e-28	1.0
7500	9	1.6576	0.0035995	1.70742e-27	3.58536e-33	1.0
7500	10	1.10349	-0.687086	8.4695e-28	1.03098e-05	5.95308e-13
7600	1	1.13864	-0.795533	5.97173e-30	7.70033e-29	-1.0
7600	2	1.05675	-1.19999	0.000256658	0.000143488	1.0
7600	3	0.984394	-0.898091	6.75645e-29	9.77316e-29	-1.0
7600	4	0.857019	-2.12048	3.27816e-28	2.13522e-27	-1.0
7600	5	1.23608	-0.578459	7.10686e-30	2.96242e-29	-1.0
7600	6	0.397599	-0.600265	4.1506e-29	1.16091e-28	-1.0
7600	7	1.0232	0.118604	4.1506e-29	4.33768e-30	-1.0
7600	8	0.413843	-2.41128	3.08457e-29	1.33451e-28	1.0
7600	9	1.6576	0.0035995	1.70742e-27	3.58536e-33	1.0
7600	10	1.10349	-0.838162	8.4695e-28	3.08457e-29	-1.0
7700	1	1.13864	-0.795533	5.97173e-30	7.70033e-29	-1.0
7700	2	1.01258	-1.30833	1.11045e-29	1.41929e-05	2.35521e-12
7700	3	0.984394	-1.21782	6.75645e-29	2.55815e-05	-4.87152e-13
7700	4	0.857019	-2.12048	3.27816e-28	2.13522e-27	-1.0
7700	5	1.24045	-0.888285	0.000458046	1.43914e-28	-1.56463e-13
7700	6	0.397599	-0.600265	4.1506e-29	1.16091e-28	-1.0
7700	7	1.0232	0.118604	4.1506e-29	4.33768e-30	-1.0
7700	8	0.413843	-2.41128	3.08457e-29	1.33451e-28	1.0
7700	9	1.6576	0.0035995	1.70742e-27	3.58536e-33	1.0
7700	10	1.10349	-0.838162	8.4695e-28	3.08457e-29	-1.0
7800	1	1.13864	-1.0048	5.97173e-30	0.00693744	-1.76924e-14
7800	2	1.10703	-1.30722	0.00115967	2.87673e-07	1.0
7800	3	0.984394	-1.21798	6.75645e-29	7.10686e-30	-1.0
7800	4	0.857019	-2.12048	3.27816e-28	2.13522e-27	-1.0
7800	5	1.44425	-0.888285	5.70523e-29	1.43914e-28	1.0
7800	6	0.397599	-0.600265	4.1506e-29	1.16091e-28	-1.0
7800	7	1.0232	0.118604	4.1506e-29	4.33768e-30	-1.0
7800	8	0.413843	-2.41128	3.08457e-29	1.33451e-28	1.0
7800	9	2.04367	-0.102956	0.00340152	2.84135e-06	0.00952956
7800	10	1.10349	-0.838162	8.4695e-28	3.08457e-29	-1.0
7900	1	1.13864	-1.07381	5.97173e-30	2.63003e-28	1.0
7900	2	1.13221	-1.30683	4.17725e-28	2.63003e-28	-1.0
7900	3	0.984394	-1.21798	6.75645e-29	7.10686e-30	-1.0
7900	4	0.857019	-2.12048	3.27816e-28	2.13522e-27	-1.0
7900	5	1.44425	-0.888285	5.70523e-29	1.43914e-28	1.0
7900	6	0.495211	-1.00705	6.04576e-31	2.48789e-28	-1.0
7900	7	1.20358	-0.040052	0.0018778	2.85757e-31	-1.80959e-13
7900	8	0.413843	-2.41129	3.08457e-29	4.1163e-08	5.79242e-11
7900	9	2.06123	-0.103009	6.41394e-28	7.89651e-31	1.0
7900	10	1.10349	-0.838162	8.4695e-28	3.08457e-29	-1.0
8000	1	1.13864	-1.07381	5.97173e-30	2.63003e-28	1.0
8000	2	1.14602	-1.3016	0.001269	0.000181986	1.0
8000	3	0.978799	-1.21798	0.000250938	7.10686e-30	-3.00059e-13
8000	4	0.880379	-2.06566	0.00279854	0.00138002	0.999599
8000	5	1.44425	-0.888285	5.70523e-29	1.43914e-28	1.0
8000	6	0.495211	-1.00705	6.04576e-31	2.48789e-28	-1.0
8000	7	1.22429	-0.040052	1.28368e-28	2.85757e-31	-1.0
8000	8	0.413843	-2.41128	3.08457e-29	1.33451e-28	1.0
8000	9	2.06123	-0.103009	6.41394e-28	7.89651e-31	1.0
8000	10	1.36354	-0.838162	6.0808e-28	3.08457e-29	1.0
8100	1	1.13864	-1.07381	5.97173e-30	2.63003e-28	1.0
8100	2	1.32941	-1.23215	1.11045e-27	3.33627e-29	-1.0
8100	3	0.737844	-1.27698	0.000130669	2.09064e-05	1.0
8100	4	1.1195	-2.23023	2.61078e-29	2.38869e-29	1.0
8100	5	1.44425	-0.888285	5.70523e-29	1.43914e-28	1.0
8100	6	0.495211	-1.00705	6.04576e-31	2.48789e-28	-1.0
8100	7	1.22429	-0.040052	1.28368e-28	2.85757e-31	-1.0
8100	8	0.463126	-2.47801	7.6325e-05	0.000139915	-1.0
8100	9	2.10948	-0.0446158	9.12836e-28	1.62133e-31	-1.0
8100	10	1.36372	-0.838162	3.06687e-05	3.08457e-29	4.42548e-12
8200	1	1.10298	-1.07381	2.86378e-06	2.63003e-28	-7.42662e-13
8200	2	1.32941	-1.23215	1.11045e-27	3.33627e-29	-1.0
8200	3	0.736053	-1.2777	1.41261e-28	1.33451e-28	1.0
8200	4	1.1195	-2.23023	2.61078e-29	2.38869e-29	1.0
8200	5	1.44425	-0.888285	5.70523e-29	1.43914e-28	1.0
8200	6	0.62251	-1.22209	0.010254	0.00101847	0.134017
8200	7	1.22429	-0.040052	1.28368e-28	2.85757e-31	-1.0
8200	8	0.466188	-2.48216	7.10686e-30	1.02339e-27	1.0
8200	9	2.10948	-0.0446158	9.12836e-28	1.62133e-31	-1.0
8200	10	1.71379	-0.838162	2.63003e-28	3.08457e-29	-1.0
8300	1	1.10282	-1.07381	1.23383e-30	2.63003e-28	-1.0
8300	2	1.32941	-1.23215	1.11045e-27	3.33627e-29	-1.0
8300	3	0.736053	-1.2777	1.41261e-28	1.33451e-28	1.0
8300	4	1.1194	-2.2305	3.09217e-06	2.45505e-05	1.0
8300	5	1.44425	-0.888285	5.70523e-29	1.43914e-28	1.0
8300	6	0.705329	-1.23175	1.26344e-29	1.83643e-28	-1.0
8300	7	1.22429	-0.040052	1.28368e-28	2.85757e-31	-1.0
8300	8	0.466188	-2.48216	7.10686e-30	1.02339e-27	1.0
8300	9	2.10948	-0.0446158	9.12836e-28	1.62133e-31	-1.0
8300	10	1.71379	-0.838162	2.63003e-28	3.08457e-29	-1.0
8400	1	1.10282	-1.07381	1.23383e-30	2.63003e-28	-1.0
8400	2	1.32941	-1.23215	1.11045e-27	3.33627e-29	-1.0
8400	3	0.736053	-1.2777	1.41261e-28	1.33451e-28	1.0
8400	4	1.1195	-2.3072	2.61078e-29	3.1586e-28	-1.0
8400	5	1.44425	-0.888285	5.70523e-29	1.43914e-28	1.0
8400	6	0.870606	-1.14344	3.65016e-28	2.4183e-30	-1.0
8400	7	1.22429	-0.040052	1.28368e-28	2.85757e-31	-1.0
8400	8	0.466188	-2.48216	7.10686e-30	1.02339e-27	1.0
8400	9	2.1101	-0.0434284	4.78534e-05	0.00017502	1.0
8400	10	2.083	-0.872399	0.00198745	2.1808e-05	0.00371178
8500	1	1.10282	-1.07381	1.23383e-30	2.63003e-28	-1.0
8500	2	1.32941	-1.23215	1.11045e-27	3.33627e-29	-1.0
8500	3	0.736005	-1.27773	2.28737e-06	1.12075e-06	1.0
8500	4	1.1195	-2.3072	2.61078e-29	3.1586e-28	-1.0
8500	5	1.44425	-0.888285	5.70523e-29	1.43914e-28	1.0
8500	6	0.870606	-1.14344	3.65016e-28	2.4183e-30	-1.0
8500	7	1.22429	-0.040052	1.28368e-28	2.85757e-31	-1.0
8500	8	0.466188	-2.48216	7.10686e-30	1.02339e-27	1.0
8500	9	2.26471	0.252247	5.54532e-28	1.11045e-29	-1.0
8500	10	2.1052	-0.873604	7.58854e-28	3.19821e-28	1.0
8600	1	1.10282	-1.07381	1.23383e-30	2.63003e-28	-1.0
8600	2	1.3293	-1.23215	1.15749e-05	3.33627e-29	-9.75999e-12
8600	3	0.990944	-1.2777	0.000406403	1.33451e-28	-5.27308e-13
8600	4	1.1195	-2.3072	2.61078e-29	3.1586e-28	-1.0
8600	5	1.44425	-0.888285	5.70523e-29	1.43914e-28	1.0
8600	6	0.870606	-1.14344	3.65016e-28	2.4183e-30	-1.0
8600	7	1.22429	-0.040052	1.28368e-28	2.85757e-31	-1.0
8600	8	0.466188	-2.48216	7.10686e-30	1.02339e-27	1.0
8600	9	2.26471	0.252247	5.54532e-28	1.11045e-29	-1.0
8600	10	2.1052	-0.873604	7.58854e-28	3.19821e-28	1.0
8700	1	1.10282	-1.07381	1.23383e-30	2.63003e-28	-1.0
8700	2	1.32941	-1.21859	1.11045e-27	1.38633e-28	1.0
8700	3	0.994171	-1.2777	1.11353e-28	1.33451e-28	-1.0
8700	4	1.1195	-2.3072	2.61078e-29	3.1586e-28	-1.0
8700	5	1.44425	-0.888285	5.70523e-29	1.43914e-28	1.0
8700	6	0.870606	-1.14344	3.65016e-28	2.4183e-30	-1.0
8700	7	1.22429	-0.040052	1.28368e-28	2.85757e-31	-1.0
8700	8	0.466188	-2.71482	7.10686e-30	2.98666e-27	-1.0
8700	9	2.26471	0.109832	5.54532e-28	1.01511e-05	6.83227e-13
8700	10	2.1052	-0.873604	7.58854e-28	3.19821e-28	1.0
8800	1	1.10282	-1.07381	1.23383e-30	2.63003e-28	-1.0
8800	2	1.32997	-1.21859	6.12672e-05	1.38633e-28	4.25472e-12
8800	3	0.994171	-1.2777	1.11353e-28	1.33451e-28	-1.0
8800	4	1.1195	-2.3072	2.61078e-29	3.1586e-28	-1.0
8800	5	1.44425	-0.888285	5.70523e-29	1.43914e-28	1.0
8800	6	0.870606	-1.14344	3.65016e-28	2.4183e-30	-1.0
8800	7	1.34742	-0.040052	7.58785e-06	2.85757e-31	-8.21206e-12
8800	8	0.466188	-2.71482	7.10686e-30	2.98666e-27	-1.0
8800	9	2.26971	0.0842793	0.000585472	0.000835986	0.00381522
8800	10	2.1052	-0.873604	7.58854e-28	3.19821e-28	1.0
8900	1	1.10282	-1.07381	1.23383e-30	2.63003e-28	-1.0
8900	2	1.32941	-1.21859	1.11045e-27	1.38633e-28	1.0
8900	3	0.994171	-1.2777	1.11353e-28	1.33451e-28	-1.0
8900	4	1.1195	-2.3072	2.61078e-29	3.1586e-28	-1.0
8900	5	1.54818	-0.888285	3.73554e-06	1.43914e-28	9.86505e-12
8900	6	0.870606	-1.14344	3.65016e-28	2.4183e-30	-1.0
8900	7	1.34777	-0.040052	1.80866e-05	2.85757e-31	-5.33336e-12
8900	8	0.466188	-2.71482	7.10686e-30	2.98666e-27	-1.0
8900	9	2.49778	0.0209973	0.00126685	0.0	NAN
8900	10	2.1052	-0.873604	7.58854e-28	3.19821e-28	1.0
9000	1	1.10282	-1.07381	1.23383e-30	2.63003e-28	-1.0
9000	2	1.32945	-1.21859	5.35729e-07	1.38633e-28	4.51975e-11
9000	3	0.994171	-1.2777	1.11353e-28	1.33451e-28	-1.0
9000	4	1.1195	-2.3072	2.61078e-29	3.1586e-28	-1.0
9000	5	1.53367	-0.90092	0.000164613	9.33626e-05	0.0858891
9000	6	0.870606	-1.14344	3.65016e-28	2.4183e-30	-1.0
9000	7	1.50299	-0.040052	3.08457e-29	2.85757e-31	-1.0
9000	8	0.466188	-2.71482	7.10686e-30	2.98666e-27	-1.0
9000	9	2.50864	0.0209973	7.10686e-30	0.0	NAN
9000	10	2.1052	-0.873604	7.58854e-28	3.19821e-28	1.0
9100	1	1.10282	-1.03511	1.23383e-30	8.2593e-06	3.11068e-12
9100	2	1.32941	-1.21859	1.11045e-27	1.38633e-28	1.0
9100	3	0.994171	-1.2777	1.11353e-28	1.33451e-28	-1.0
9100	4	1.1195	-2.3072	2.61078e-29	3.1586e-28	-1.0
9100	5	1.51089	-0.916085	1.34364e-27	3.99761e-28	1.0
9100	6	0.870606	-1.14344	3.65016e-28	2.4183e-30	-1.0
9100	7	1.50299	-0.040052	3.08457e-29	2.85757e-31	-1.0
9100	8	0.750379	-2.71482	3.00265e-28	2.98666e-27	1.0
9100	9	2.50864	0.0209973	7.10686e-30	0.0	NAN
9100	10	2.1052	-0.873604	7.58854e-28	3.19821e-28	1.0
9200	1	1.10282	-1.03472	1.23383e-30	7.50662e-29	1.0
9200	2	1.32941	-1.21859	1.11045e-27	1.38633e-28	1.0
9200	3	0.994171	-1.2777	1.11353e-28	1.33451e-28	-1.0
9200	4	1.1195	-2.3072	2.61078e-29	3.1586e-28	-1.0
9200	5	1.57081	-0.916085	1.79705e-06	3.99761e-28	9.26678e-12
9200	6	0.870606	-1.14344	3.65016e-28	2.4183e-30	-1.0
9200	7	1.50299	-0.040052	3.08457e-29	2.85757e-31	-1.0
9200	8	0.750379	-2.71482	3.00265e-28	2.98666e-27	1.0
9200	9	2.50876	0.0209973	1.41602e-05	0.0	NAN
9200	10	2.1052	-0.873604	7.58854e-28	3.19821e-28	1.0
9300	1	1.10282	-1.03472	1.23383e-30	7.50662e-29	1.0
9300	2	1.32941	-1.21859	1.11045e-27	1.38633e-28	1.0
9300	3	0.963274	-1.2777	5.49313e-28	1.33451e-28	1.0
9300	4	1.1195	-2.3072	2.61078e-29	3.1586e-28	-1.0
9300	5	1.57087	-0.916085	1.54772e-28	3.99761e-28	1.0
9300	6	0.870606	-1.14344	3.65016e-28	2.4183e-30	-1.0
9300	7	1.50312	-0.040052	1.647e-05	2.85757e-31	-1.3643e-12
9300	8	0.750379	-2.71482	3.00265e-28	2.98666e-27	1.0
9300	9	2.50864	0.0209973	7.10686e-30	0.0	NAN
9300	10	2.1052	-0.873604	7.58854e-28	3.19821e-28	1.0
9400	1	1.10282	-1.03472	1.23383e-30	7.50662e-29	1.0
9400	2	1.32941	-1.21859	1.11045e-27	1.38633e-28	1.0
9400	3	0.963274	-1.2775	5.49313e-28	1.81726e-05	2.74101e-12
9400	4	1.1195	-2.3072	2.61078e-29	3.1586e-28	-1.0
9400	5	1.57087	-0.916085	1.54772e-28	3.99761e-28	1.0
9400	6	0.870606	-1.14344	3.65016e-28	2.4183e-30	-1.0
9400	7	1.75966	-0.040052	6.0808e-28	2.85757e-31	1.0
9400	8	0.750379	-3.27228	3.00265e-28	2.98666e-27	-1.0
9400	9	2.50864	0.0209973	7.10686e-30	0.0	NAN
9400	10	2.1052	-0.871912	7.58854e-28	0.000121769	1.58894e-12
9500	1	1.10282	-1.03469	1.23383e-30	1.37765e-06	7.47183e-12
9500	2	1.32941	-1.21859	1.11045e-27	1.38633e-28	1.0
9500	3	0.963274	-1.2777	5.49313e-28	1.33451e-28	1.0
9500	4	1.42196	-2.13505	1.78165e-29	1.54772e-28	-1.0
9500	5	1.57087	-0.916085	1.54772e-28	3.99761e-28	1.0
9500	6	0.870606	-1.14344	3.65016e-28	2.4183e-30	-1.0
9500	7	1.75966	-0.133976	6.0808e-28	6.38584e-30	-1.0
9500	8	0.750379	-3.27228	3.00265e-28	2.98666e-27	-1.0
9500	9	2.51152	0.0259698	1.39083e-05	4.14645e-05	1.0
9500	10	2.1052	-0.790977	7.58854e-28	0.00264375	-1.19346e-13
9600	1	1.10282	-1.03472	1.23383e-30	7.50662e-29	1.0
9600	2	1.32958	-1.21859	3.89341e-06	1.38633e-28	1.67779e-11
9600	3	0.963274	-1.2777	5.49313e-28	1.33451e-28	1.0
9600	4	1.4211	-2.13613	0.000107274	0.000166011	1.0
9600	5	1.57087	-0.916085	1.54772e-28	3.99761e-28	1.0
9600	6	0.870606	-1.14344	3.65016e-28	2.4183e-30	-1.0
9600	7	1.79671	-0.213456	0.000654322	4.27514e-05	-0.0110413
9600	8	0.750379	-3.27228	3.00265e-28	2.98666e-27	-1.0
9600	9	2.52037	0.0419059	5.70325e-06	5.53932e-05	0.547729
9600	10	2.1052	-0.736383	7.58854e-28	0.00067615	-4.02018e-13
9700	1	1.10282	-1.03472	1.23383e-30	7.50662e-29	1.0
9700	2	1.37672	-1.21859	1.05201e-27	1.38633e-28	1.0
9700	3	0.963274	-1.2777	5.49313e-28	1.33451e-28	1.0
9700	4	1.17375	-2.44383	1.54174e-05	2.38591e-05	1.0
9700	5	1.57087	-0.916085	1.54772e-28	3.99761e-28	1.0
9700	6	0.870606	-1.14344	3.65016e-28	2.4183e-30	-1.0
9700	7	2.35892	-0.0886811	0.00514256	0.00279394	1.0
9700	8	0.750379	-3.27228	3.00265e-28	2.98666e-27	-1.0
9700	9	2.52135	0.162296	3.82191e-28	2.08517e-30	1.0
9700	10	2.1052	-0.729467	7.58854e-28	0.000213068	-7.42525e-13
9800	1	1.10282	-1.03472	1.23383e-30	7.50662e-29	1.0
9800	2	1.37672	-1.21859	1.05201e-27	1.38633e-28	1.0
9800	3	0.963274	-1.2777	5.49313e-28	1.33451e-28	1.0
9800	4	1.17363	-2.57367	2.77612e-28	9.67322e-28	1.0
9800	5	1.57087	-0.916085	1.54772e-28	3.99761e-28	1.0
9800	6	0.79579	-1.04841	0.000218568	2.02151e-28	-1.68172e-13
9800	7	2.42054	-0.0432642	1.54772e-28	4.33768e-32	1.0
9800	8	0.750379	-3.27228	3.00265e-28	2.98666e-27	-1.0
9800	9	2.57714	0.192776	0.00150199	0.000448418	1.0
9800	10	2.1052	-0.726451	7.58854e-28	1.16091e-28	-1.0
9900	1	1.10282	-1.03472	1.23383e-30	7.50662e-29	1.0
9900	2	1.37672	-1.21859	1.05201e-27	1.38633e-28	1.0
9900	3	0.750136	-1.2777	1.60348e-28	1.33451e-28	1.0
9900	4	1.17363	-2.52579	2.77612e-28	9.67322e-30	1.0
9900	5	1.57087	-0.916085	1.54772e-28	3.99761e-28	1.0
9900	6	1.07757	-1.04841	1.97413e-31	2.02151e-28	-1.0
9900	7	2.42054	-0.0432642	1.54772e-28	4.33768e-32	1.0
9900	8	0.750379	-3.27228	3.00265e-28	2.98666e-27	-1.0
9900	9	2.63116	0.0718938	4.54839e-28	6.22678e-05	-7.45042e-14
9900	10	2.10638	-0.726451	1.09514e-05	1.16091e-28	-7.05344e-12
10000	1	1.10282	-1.03472	4.88447e-09	7.50662e-29	1.68884e-11
10000	2	1.37672	-1.21859	1.05201e-27	1.38633e-28	1.0
10000	3	0.750136	-1.2777	1.60348e-28	1.33451e-28	1.0
10000	4	1.17363	-2.52579	2.77612e-28	9.67322e-30	1.0
10000	5	1.57087	-0.916085	1.54772e-28	3.99761e-28	1.0
10000	6	1.07757	-1.04841	1.97413e-31	2.02151e-28	-1.0
10000	7	2.42054	-0.0432642	1.54772e-28	4.33768e-32	1.0
10000	8	1.00673	-3.11642	0.00177836	0.000657392	1.0
10000	9	2.63116	0.071062	4.54839e-28	4.44178e-31	-1.0
10000	10	2.12476	-0.725956	1.26344e-27	9.78164e-07	7.68341e-12
