100	1	0.358664	0.0	1.68911e-29	0.0	NAN
100	2	0.0	0.0	0.0	0.0	NAN
100	3	0.0	0.0	0.0	0.0	NAN
100	4	0.0	0.0	0.0	0.0	NAN
100	5	0.0	0.0	0.0	0.0	NAN
100	6	0.0	0.0	0.0	0.0	NAN
100	7	0.0	0.0	0.0	0.0	NAN
100	8	0.0	0.0	0.0	0.0	NAN
100	9	0.0	0.0	0.0	0.0	NAN
100	10	0.0	0.0	0.0	0.0	NAN
200	1	0.413727	0.0	3.79366e-06	0.0	NAN
200	2	0.0	0.0	0.0	0.0	NAN
200	3	0.0	0.0	0.0	0.0	NAN
200	4	0.0	0.0	0.0	0.0	NAN
200	5	0.0	0.0	0.0	0.0	NAN
200	6	0.0	0.279185	0.0	2.08517e-30	NAN
200	7	0.0	0.0	0.0	0.0	NAN
200	8	0.0	0.0	0.0	0.0	NAN
200	9	0.00093563	0.0	7.21471e-05	0.0	NAN
200	10	0.0	0.0	0.0	0.0	NAN
300	1	0.601288	0.0	8.99461e-30	0.0	NAN
300	2	0.28387	0.0	2.17647e-29	0.0	NAN
300	3	0.0	0.0	0.0	0.0	NAN
300	4	0.0	0.0	0.0	0.0	NAN
300	5	0.0	0.0	0.0	0.0	NAN
300	6	0.0	0.279185	0.0	2.08517e-30	NAN
300	7	0.0	0.0	0.0	0.0	NAN
300	8	0.0	0.0	0.0	0.0	NAN
300	9	0.155938	0.0	2.77612e-32	0.0	NAN
300	10	0.0	0.0	0.0	0.0	NAN
400	1	0.601288	0.0	8.99461e-30	0.0	NAN
400	2	0.436855	0.0660169	2.4985e-29	4.44178e-31	-1.0
400	3	0.199828	0.0	3.99711e-05	0.0	NAN
400	4	0.0255709	0.0350743	0.00304417	0.00572739	1.0
400	5	0.00185409	0.00115085	0.000279185	0.000100657	0.997997
400	6	-0.042995	0.279185	0.0022259	2.08517e-30	-3.16391e-15
400	7	0.0	0.0	0.0	0.0	NAN
400	8	0.0	0.0	0.0	0.0	NAN
400	9	0.155938	0.0	2.77612e-32	0.0	NAN
400	10	0.0	0.0	0.0	0.0	NAN
500	1	0.601288	0.0	8.99461e-30	0.0	NAN
500	2	0.707746	0.0660169	1.23383e-32	4.44178e-31	1.0
500	3	0.200229	0.0248274	1.24378e-29	0.00165625	2.08602e-15
500	4	0.269167	0.369204	4.69163e-30	1.55493e-29	-1.0
500	5	0.29416	0.173723	4.07935e-29	0.000371618	9.59473e-14
500	6	-0.0659542	0.279185	0.00248028	2.08517e-30	-9.57126e-15
500	7	0.00318296	0.0	2.41842e-05	0.0	NAN
500	8	0.0	0.0	0.0	0.0	NAN
500	9	0.155938	0.0	2.77612e-32	0.0	NAN
500	10	0.0	0.0	0.0	0.0	NAN
600	1	0.601288	0.0	8.99461e-30	0.0	NAN
600	2	0.709669	0.0660169	0.000157255	4.44178e-31	-1.36203e-14
600	3	0.200229	0.0895678	1.24378e-29	0.000134418	9.46041e-14
600	4	0.269167	0.369204	4.69163e-30	1.55493e-29	-1.0
600	5	0.29416	-0.0525893	4.07935e-29	1.40541e-31	1.0
600	6	-0.0650273	0.28049	0.00249494	1.108e-05	0.0433803
600	7	0.0181365	0.0	2.77612e-32	0.0	NAN
600	8	0.0	0.0	0.0	0.0	NAN
600	9	0.155938	0.0	2.77612e-32	0.0	NAN
600	10	0.0	0.0	0.0	0.0	NAN
700	1	0.601288	0.0	8.99461e-30	0.0	NAN
700	2	1.14244	0.0660169	3.86929e-29	4.44178e-31	1.0
700	3	0.200229	0.0857695	1.24378e-29	9.99401e-31	1.0
700	4	0.269167	0.369204	4.69163e-30	1.55493e-29	-1.0
700	5	0.29416	-0.0525893	4.07935e-29	1.40541e-31	1.0
700	6	-0.0683072	0.298011	0.00244394	3.16854e-06	-0.00191752
700	7	0.0181365	0.0	2.77612e-32	0.0	NAN
700	8	0.0	0.0	0.0	0.0	NAN
700	9	0.155938	0.0	2.77612e-32	0.0	NAN
700	10	0.0	-0.283047	0.0	0.000100244	NAN
800	1	0.601236	-6.85773e-05	2.72233e-06	4.70285e-06	1.0
800	2	1.14244	0.0660169	3.86929e-29	4.44178e-31	1.0
800	3	0.389142	0.383166	7.50662e-29	5.37456e-29	-1.0
800	4	0.374679	0.412056	6.04576e-31	1.52041e-05	6.59049e-13
800	5	0.29416	-0.0525893	4.07935e-29	1.40541e-31	1.0
800	6	0.0974155	0.410534	0.00257697	3.40074e-29	4.30264e-15
800	7	0.0181365	0.0	2.77612e-32	0.0	NAN
800	8	0.0199756	0.0107853	0.000884042	0.000270779	0.951678
800	9	0.203535	0.0406919	2.78188e-05	2.03334e-05	1.0
800	10	7.84801e-05	-0.372678	6.15913e-06	0.00475609	0.0466569
900	1	0.601288	0.0	8.99461e-30	0.0	NAN
900	2	1.14244	0.0660169	3.86929e-29	4.44178e-31	1.0
900	3	0.389142	0.383166	7.50662e-29	5.37456e-29	-1.0
900	4	0.374679	0.521626	6.04576e-31	3.62332e-05	-4.04792e-13
900	5	0.29416	-0.0525893	4.07935e-29	1.40541e-31	1.0
900	6	0.0790196	0.410534	0.00233542	3.40074e-29	-6.40542e-15
900	7	0.0722061	0.0	0.000973741	0.0	NAN
900	8	0.0920156	0.100561	5.57151e-32	1.3603e-30	1.0
900	9	0.438658	0.0416712	4.44178e-29	6.26361e-31	-1.0
900	10	0.196492	-0.480731	1.40541e-29	2.17647e-29	-1.0
1000	1	0.601288	0.0	8.99461e-30	0.0	NAN
1000	2	1.14244	0.0660169	3.86929e-29	4.44178e-31	1.0
1000	3	0.389142	0.130187	7.50662e-29	9.4465e-31	1.0
1000	4	0.68118	0.522289	9.67322e-30	4.93532e-30	1.0
1000	5	0.29416	-0.0525893	4.07935e-29	1.40541e-31	1.0
1000	6	0.0842246	0.410534	0.00239134	3.40074e-29	1.07157e-15
1000	7	0.108705	0.0	2.46168e-30	0.0	NAN
1000	8	0.0920156	0.100561	5.57151e-32	1.3603e-30	1.0
1000	9	0.438658	0.0416712	4.44178e-29	6.26361e-31	-1.0
1000	10	0.196492	-0.480731	1.40541e-29	2.17647e-29	-1.0
1100	1	0.601288	0.0	8.99461e-30	0.0	NAN
1100	2	1.14244	0.0660169	3.86929e-29	4.44178e-31	1.0
1100	3	0.389142	0.130187	7.50662e-29	9.4465e-31	1.0
1100	4	0.68118	0.522289	9.67322e-30	4.93532e-30	1.0
1100	5	0.293982	-0.0525893	6.30727e-06	1.40541e-31	2.51397e-12
1100	6	0.263712	0.692041	0.00222043	1.89714e-28	6.13402e-14
1100	7	0.390501	-0.0534924	8.91441e-29	0.00240896	-1.25387e-14
1100	8	0.0920156	0.100561	5.57151e-32	1.3603e-30	1.0
1100	9	0.438658	0.0416712	4.44178e-29	6.26361e-31	-1.0
1100	10	0.375919	-0.333198	0.0244717	0.0165451	1.0
1200	1	0.601288	0.0	8.99461e-30	0.0	NAN
1200	2	1.14244	0.0660169	3.86929e-29	4.44178e-31	1.0
1200	3	0.389142	0.130187	7.50662e-29	9.4465e-31	1.0
1200	4	0.68118	0.522289	9.67322e-30	4.93532e-30	1.0
1200	5	0.29416	-0.0525893	4.07935e-29	1.40541e-31	1.0
1200	6	0.261003	0.692041	0.00224122	1.89714e-28	6.08793e-14
1200	7	0.582077	-0.141327	2.08517e-30	5.70337e-30	-1.0
1200	8	0.122552	0.100561	1.23584e-05	1.3603e-30	5.12966e-13
1200	9	0.438658	0.0416712	4.44178e-29	6.26361e-31	-1.0
1200	10	0.381526	-0.328587	0.0235843	0.0159451	1.0
1300	1	0.601288	-0.000230975	8.99461e-30	5.33495e-05	-3.43008e-16
1300	2	1.14244	0.0660169	3.86929e-29	4.44178e-31	1.0
1300	3	0.389142	0.130187	7.50662e-29	9.4465e-31	1.0
1300	4	0.68118	0.522289	9.67322e-30	4.93532e-30	1.0
1300	5	0.675073	0.306823	1.49293e-30	2.44329e-29	1.0
1300	6	0.671316	0.692041	0.00192348	1.89714e-28	-2.36091e-13
1300	7	0.582077	-0.141327	2.08517e-30	5.70337e-30	-1.0
1300	8	0.123383	0.100561	3.83277e-30	1.3603e-30	1.0
1300	9	0.438658	0.0417093	4.44178e-29	1.44841e-06	-6.58493e-13
1300	10	0.379732	-0.330063	0.0239436	0.016188	1.0
1400	1	0.601288	0.0	8.99461e-30	0.0	NAN
1400	2	1.14244	0.0660169	3.86929e-29	4.44178e-31	1.0
1400	3	0.389142	0.130187	7.50662e-29	9.4465e-31	1.0
1400	4	0.68118	0.522289	9.67322e-30	4.93532e-30	1.0
1400	5	0.675073	0.306823	1.49293e-30	2.44329e-29	1.0
1400	6	0.643485	0.692041	0.000565454	1.89714e-28	-6.4698e-13
1400	7	0.582077	-0.141327	2.08517e-30	5.70337e-30	-1.0
1400	8	0.123383	0.100561	3.83277e-30	1.3603e-30	1.0
1400	9	0.438658	0.117787	4.44178e-29	2.63904e-30	-1.0
1400	10	0.394086	-0.31826	0.0252189	0.0170503	1.0
1500	1	0.737769	0.139211	0.0170744	0.0177642	1.0
1500	2	1.14244	0.0660169	3.86929e-29	4.44178e-31	1.0
1500	3	0.389142	0.130187	7.50662e-29	9.4465e-31	1.0
1500	4	0.68118	0.522289	9.67322e-30	4.93532e-30	1.0
1500	5	0.675073	0.306823	1.49293e-30	2.44329e-29	1.0
1500	6	0.955625	0.69173	0.000112974	3.22338e-05	0.0110643
1500	7	0.589221	-0.133242	0.000224338	0.000287325	1.0
1500	8	0.123383	0.100561	3.83277e-30	1.3603e-30	1.0
1500	9	0.798589	0.117795	4.90687e-07	6.9396e-08	1.0
1500	10	0.398571	-0.314572	0.0248342	0.0167902	1.0
1600	1	0.986283	0.392696	9.77316e-29	2.44329e-29	-1.0
1600	2	1.14244	0.0660169	3.86929e-29	4.44178e-31	1.0
1600	3	0.389142	0.130187	7.50662e-29	9.4465e-31	1.0
1600	4	0.68118	0.523068	9.67322e-30	3.31469e-05	3.64778e-13
1600	5	0.675073	0.306636	1.49293e-30	4.93974e-06	2.23755e-12
1600	6	1.31741	0.692041	4.1506e-29	1.89714e-28	1.0
1600	7	0.832211	-0.0632102	0.0074005	3.08457e-31	-1.31606e-13
1600	8	0.180665	0.227626	2.68435e-30	1.44736e-29	1.0
1600	9	0.798567	0.117787	7.1266e-29	2.63904e-30	1.0
1600	10	0.400366	-0.313096	0.0259178	0.0175228	1.0
1700	1	1.20438	0.548305	3.23806e-28	1.49293e-30	1.0
1700	2	1.14237	0.0659604	4.62867e-06	3.18849e-06	1.0
1700	3	0.389142	0.130187	7.50662e-29	9.4465e-31	1.0
1700	4	0.692311	0.626545	0.000400682	0.0010122	1.0
1700	5	0.881317	0.253533	3.08013e-28	1.34364e-29	1.0
1700	6	1.53467	0.892671	0.00413264	0.00352415	1.0
1700	7	0.896009	0.16047	0.00184689	6.26033e-05	0.0603792
1700	8	0.181541	0.227626	4.19618e-05	1.44736e-29	2.49791e-13
1700	9	0.798567	0.117787	7.1266e-29	2.63904e-30	1.0
1700	10	0.377937	-0.331538	0.0234908	0.0158819	1.0
1800	1	1.20438	0.548305	3.23806e-28	1.49293e-30	1.0
1800	2	1.14244	0.0660169	3.86929e-29	4.44178e-31	1.0
1800	3	0.389142	0.130187	7.50662e-29	9.4465e-31	1.0
1800	4	0.766802	0.744942	1.26344e-29	2.77612e-30	-1.0
1800	5	0.881317	0.253533	3.08013e-28	1.34364e-29	1.0
1800	6	1.57361	0.928632	1.43914e-28	1.3603e-28	-1.0
1800	7	0.894707	0.161031	0.00207631	1.40541e-29	3.09563e-13
1800	8	0.278062	0.227626	2.24865e-30	1.44736e-29	1.0
1800	9	0.798567	0.117787	7.1266e-29	2.63904e-30	1.0
1800	10	0.389151	-0.322407	0.0236217	0.0159863	0.999875
1900	1	1.20438	0.548305	3.23806e-28	1.49293e-30	1.0
1900	2	1.14244	0.0660169	3.86929e-29	4.44178e-31	1.0
1900	3	0.389142	0.130187	7.50662e-29	9.4465e-31	1.0
1900	4	0.766802	0.744942	1.26344e-29	2.77612e-30	-1.0
1900	5	0.881317	0.253533	3.08013e-28	1.34364e-29	1.0
1900	6	1.75301	0.928632	0.00426952	1.3603e-28	-4.89103e-14
1900	7	0.904212	0.161031	0.000930986	1.40541e-29	4.79577e-13
1900	8	0.278062	0.227626	2.24865e-30	1.44736e-29	1.0
1900	9	1.03937	0.117787	3.59785e-29	2.63904e-30	-1.0
1900	10	0.677824	-0.422463	0.0228027	0.0154197	0.99956
2000	1	1.20438	0.548305	3.23806e-28	1.49293e-30	1.0
2000	2	1.15151	0.0660169	0.00094482	4.44178e-31	1.73304e-13
2000	3	0.389142	0.130187	7.50662e-29	9.4465e-31	1.0
2000	4	0.766802	0.745402	1.26344e-29	5.27265e-05	-2.3723e-13
2000	5	0.986506	0.253533	0.00058583	1.34364e-29	3.36693e-13
2000	6	1.8042	0.928632	3.82191e-28	1.3603e-28	1.0
2000	7	0.906816	0.161031	0.000588892	1.40541e-29	6.09146e-13
2000	8	0.278062	0.227626	2.24865e-30	1.44736e-29	1.0
2000	9	1.03937	0.135946	3.59785e-29	8.01927e-06	5.09322e-13
2000	10	0.708739	-0.450453	0.0249147	0.0168446	1.0
2100	1	1.20438	0.548305	3.23806e-28	1.49293e-30	1.0
2100	2	1.35827	0.0660169	1.86345e-05	4.44178e-31	4.13873e-12
2100	3	0.461339	0.130187	2.49483e-05	9.4465e-31	6.575e-13
2100	4	0.766802	0.745216	1.26344e-29	1.49898e-05	-4.51867e-13
2100	5	1.13067	0.253533	2.55847e-28	1.34364e-29	1.0
2100	6	1.80443	0.928781	2.52659e-05	1.10652e-05	1.0
2100	7	0.911503	0.161031	2.24865e-28	1.40541e-29	1.0
2100	8	0.278062	0.324581	2.24865e-30	1.77671e-30	-1.0
2100	9	1.03937	0.136832	3.59785e-29	1.63174e-30	1.0
2100	10	0.69102	-0.330282	0.0219677	0.0208423	0.859704
2200	1	1.20438	0.548305	3.23806e-28	1.49293e-30	1.0
2200	2	1.35841	0.0660169	3.08013e-28	4.44178e-31	1.0
2200	3	0.578032	0.264242	2.08517e-30	1.23383e-32	1.0
2200	4	0.766802	0.744942	1.26344e-29	2.77612e-30	-1.0
2200	5	1.13067	0.25273	2.55847e-28	0.000107098	3.4702e-13
2200	6	2.02888	1.07732	2.52659e-05	1.10652e-05	1.0
2200	7	0.911503	0.161031	2.24865e-28	1.40541e-29	1.0
2200	8	0.613417	0.826718	1.11045e-31	3.04127e-28	1.0
2200	9	1.03937	-0.00231729	3.59785e-29	0.000604855	-9.8351e-16
2200	10	0.693368	-0.24741	0.0249372	0.0168598	0.999715
2300	1	1.20438	0.548305	3.23806e-28	1.49293e-30	1.0
2300	2	1.35841	0.0660169	3.08013e-28	4.44178e-31	1.0
2300	3	0.828856	0.406325	2.3497e-28	6.68047e-07	7.27834e-12
2300	4	0.766802	0.744942	1.26344e-29	2.77612e-30	-1.0
2300	5	1.13067	-0.0143434	2.55847e-28	4.8585e-32	-1.0
2300	6	2.02911	1.07747	9.39882e-28	4.54839e-28	-1.0
2300	7	0.911503	0.161031	2.24865e-28	1.40541e-29	1.0
2300	8	0.613417	0.826718	1.11045e-31	3.04127e-28	1.0
2300	9	1.03937	-0.0107282	3.59785e-29	1.23383e-32	1.0
2300	10	0.684516	-0.254787	0.0226774	0.0153319	1.0
2400	1	1.20438	0.383036	3.23806e-28	5.4563e-29	-1.0
2400	2	1.47742	0.172987	0.00496483	0.00401104	1.0
2400	3	0.828856	0.392341	2.3497e-28	4.75402e-05	-2.32908e-13
2400	4	0.766802	0.744942	1.26344e-29	2.77612e-30	-1.0
2400	5	1.13067	-0.0143434	2.55847e-28	4.8585e-32	-1.0
2400	6	2.02911	1.07747	9.39882e-28	4.54839e-28	-1.0
2400	7	1.29612	0.57018	1.83643e-28	7.70033e-29	1.0
2400	8	0.613417	0.826718	1.11045e-31	3.04127e-28	1.0
2400	9	1.03937	-0.010954	3.59785e-29	1.69539e-05	2.70233e-14
2400	10	1.02192	0.0565286	0.0189328	0.0128003	1.0
2500	1	1.20438	0.383036	3.23806e-28	5.4563e-29	-1.0
2500	2	1.55843	0.308517	9.95157e-28	0.000814995	8.1039e-14
2500	3	0.828856	0.385232	2.3497e-28	7.22068e-29	-1.0
2500	4	0.766802	0.744942	1.26344e-29	2.77612e-30	-1.0
2500	5	1.13067	-0.0301538	2.55847e-28	0.000841188	-1.5967e-14
2500	6	2.02911	1.07747	9.39882e-28	4.54839e-28	-1.0
2500	7	1.29612	0.57018	1.83643e-28	7.70033e-29	1.0
2500	8	0.613417	0.826718	1.11045e-31	3.04127e-28	1.0
2500	9	1.03937	-0.0107282	3.59785e-29	1.23383e-32	1.0
2500	10	1.02663	0.0604013	0.0190134	0.0128548	1.0
2600	1	1.20438	0.383036	3.23806e-28	5.4563e-29	-1.0
2600	2	1.55843	0.335014	9.95157e-28	9.33083e-30	1.0
2600	3	0.828881	0.47101	6.24993e-07	3.68261e-06	0.00141634
2600	4	0.766802	0.744942	1.26344e-29	2.77612e-30	-1.0
2600	5	1.14512	-0.134119	0.00196501	6.24626e-32	3.40499e-13
2600	6	2.00385	0.643509	5.97173e-28	0.00123381	-4.43659e-13
2600	7	1.29612	0.57018	1.83643e-28	7.70033e-29	1.0
2600	8	0.841457	1.07707	1.02173e-28	1.42631e-29	1.0
2600	9	1.37683	-0.0107282	1.83643e-28	1.23383e-32	-1.0
2600	10	1.01923	0.0543156	0.0188237	0.0127265	1.0
2700	1	1.20438	0.383036	3.23806e-28	5.4563e-29	-1.0
2700	2	1.55843	0.335014	9.95157e-28	9.33083e-30	1.0
2700	3	0.828723	0.592106	4.41443e-06	4.08708e-05	0.318582
2700	4	0.98374	1.05195	1.17772e-05	2.35875e-05	1.0
2700	5	1.41963	-0.134147	3.40741e-06	7.78238e-07	1.0
2700	6	2.00385	0.634718	5.97173e-28	2.81325e-28	-1.0
2700	7	1.29612	0.57018	1.83643e-28	7.70033e-29	1.0
2700	8	0.841457	1.07707	1.02173e-28	1.42631e-29	1.0
2700	9	1.37683	-0.0107282	1.83643e-28	1.23383e-32	-1.0
2700	10	1.01452	0.0504428	0.0189754	0.0128291	1.0
2800	1	1.20438	0.383036	3.23806e-28	5.4563e-29	-1.0
2800	2	1.55843	0.335014	9.95157e-28	9.33083e-30	1.0
2800	3	0.774459	0.539116	0.000332162	0.00032407	1.0
2800	4	0.983848	1.05211	1.83643e-28	1.77671e-28	1.0
2800	5	1.41969	-0.134119	9.67322e-28	6.24626e-32	1.0
2800	6	2.21151	0.634718	1.78165e-27	2.81325e-28	1.0
2800	7	1.29612	0.57018	1.83643e-28	7.70033e-29	1.0
2800	8	0.841457	1.07707	1.02173e-28	1.42631e-29	1.0
2800	9	1.37683	-0.0107282	1.83643e-28	1.23383e-32	-1.0
2800	10	1.35489	0.249098	0.00871798	0.00588031	0.999721
2900	1	1.20438	0.383036	3.23806e-28	5.4563e-29	-1.0
2900	2	1.55843	0.335014	9.95157e-28	9.33083e-30	1.0
2900	3	0.762315	0.527121	4.59108e-29	1.42631e-29	-1.0
2900	4	0.983848	1.05211	1.83643e-28	1.77671e-28	1.0
2900	5	1.41969	-0.134119	9.67322e-28	6.24626e-32	1.0
2900	6	2.21151	0.634718	1.78165e-27	2.81325e-28	1.0
2900	7	1.29612	0.57018	1.83643e-28	7.70033e-29	1.0
2900	8	0.841457	1.0769	1.02173e-28	5.27302e-07	5.75034e-12
2900	9	1.37683	-0.0107282	1.83643e-28	1.23383e-32	-1.0
2900	10	1.35871	0.137442	0.00973427	0.00658124	1.0
3000	1	1.20438	0.383036	3.23806e-28	5.4563e-29	-1.0
3000	2	1.79361	0.451544	1.27928e-27	4.97511e-29	-1.0
3000	3	0.945075	0.71489	1.80645e-28	3.59785e-29	-1.0
3000	4	0.983848	1.05211	1.83643e-28	1.77671e-28	1.0
3000	5	1.41969	-0.134119	9.67322e-28	6.24626e-32	1.0
3000	6	2.21151	0.634718	1.78165e-27	2.81325e-28	1.0
3000	7	1.29612	0.57018	1.83643e-28	7.70033e-29	1.0
3000	8	0.841457	1.07066	1.02173e-28	4.41975e-07	-1.90583e-11
3000	9	1.37683	-0.0107282	1.83643e-28	1.23383e-32	-1.0
3000	10	1.7798	0.419939	1.91535e-27	4.81964e-29	1.0
3100	1	1.20438	0.173104	3.23806e-28	0.000297723	9.53651e-14
3100	2	1.79361	0.451544	1.27928e-27	4.97511e-29	-1.0
3100	3	0.945075	0.71489	1.80645e-28	3.59785e-29	-1.0
3100	4	0.983848	1.05211	1.83643e-28	1.77671e-28	1.0
3100	5	1.4198	-0.134142	6.0094e-06	2.48653e-07	-1.0
3100	6	2.21151	0.634718	1.78165e-27	2.81325e-28	1.0
3100	7	1.29612	0.57018	1.83643e-28	7.70033e-29	1.0
3100	8	0.841457	1.07053	1.02173e-28	1.83643e-28	-1.0
3100	9	1.37683	-0.0107282	1.83643e-28	1.23383e-32	-1.0
3100	10	1.7798	0.397497	1.91535e-27	0.00293479	1.20832e-13
3200	1	1.20438	0.170101	3.23806e-28	8.44947e-06	4.99894e-13
3200	2	1.79361	0.451544	1.27928e-27	4.97511e-29	-1.0
3200	3	0.945075	0.71489	1.80645e-28	3.59785e-29	-1.0
3200	4	0.983848	1.05211	1.83643e-28	1.77671e-28	1.0
3200	5	1.41969	-0.134119	9.67322e-28	6.24626e-32	1.0
3200	6	2.21151	0.634718	1.78165e-27	2.81325e-28	1.0
3200	7	1.29612	0.57018	1.83643e-28	7.70033e-29	1.0
3200	8	0.935772	1.32548	5.35192e-05	0.000391087	1.0
3200	9	1.37683	-0.0107282	1.83643e-28	1.23383e-32	-1.0
3200	10	1.7798	0.132218	1.91535e-27	5.05947e-30	-1.0
3300	1	1.20438	0.170231	3.23806e-28	2.16614e-30	1.0
3300	2	1.79361	0.451305	1.27928e-27	1.70481e-08	2.74742e-12
3300	3	0.945075	0.71489	1.80645e-28	3.59785e-29	-1.0
3300	4	0.983848	1.05211	1.83643e-28	1.77671e-28	1.0
3300	5	1.41969	-0.134119	9.67322e-28	6.24626e-32	1.0
3300	6	2.46664	0.635207	1.74214e-05	1.78082e-05	-1.0
3300	7	1.29612	0.57018	1.83643e-28	7.70033e-29	1.0
3300	8	0.936821	1.32832	1.38633e-28	3.99761e-28	1.0
3300	9	1.37683	-0.0878297	1.83643e-28	0.00766135	7.63587e-16
3300	10	1.7798	0.132218	1.91535e-27	5.05947e-30	-1.0
3400	1	1.20438	0.170231	3.23806e-28	2.16614e-30	1.0
3400	2	1.81616	0.451163	1.04832e-05	2.12496e-29	-7.47247e-12
3400	3	0.945075	0.71489	1.80645e-28	3.59785e-29	-1.0
3400	4	0.983848	1.05211	1.83643e-28	1.77671e-28	1.0
3400	5	1.48395	-0.212246	0.00643744	2.33271e-30	3.25663e-13
3400	6	2.54173	0.74548	0.000197605	0.00043552	1.0
3400	7	1.29612	0.57018	1.83643e-28	7.70033e-29	1.0
3400	8	0.936821	1.32832	1.38633e-28	3.99761e-28	1.0
3400	9	1.28935	-0.373237	8.42128e-05	0.00331761	0.241222
3400	10	1.7798	0.132218	1.91535e-27	5.05947e-30	-1.0
3500	1	1.20438	0.170171	3.23806e-28	1.79304e-06	1.07652e-12
3500	2	1.81606	0.451163	5.97173e-28	2.12496e-29	-1.0
3500	3	0.945075	0.71489	1.80645e-28	3.59785e-29	-1.0
3500	4	0.983848	1.05182	1.83643e-28	5.23057e-06	5.89658e-12
3500	5	1.68388	-0.212246	0.00171692	2.33271e-30	5.12227e-14
3500	6	2.54726	0.75369	4.17725e-28	7.50662e-29	-1.0
3500	7	1.29612	0.57018	1.83643e-28	7.70033e-29	1.0
3500	8	1.12225	1.32832	2.08517e-28	3.99761e-28	1.0
3500	9	1.28739	-0.274222	1.28368e-28	3.56577e-30	-1.0
3500	10	1.7798	0.132218	1.91535e-27	5.05947e-30	-1.0
3600	1	1.39137	0.0219231	0.0189166	0.00811053	-0.0177373
3600	2	1.81606	0.451163	5.97173e-28	2.12496e-29	-1.0
3600	3	1.01643	0.71489	0.00102557	3.59785e-29	1.80823e-14
3600	4	0.983848	1.05211	1.83643e-28	1.77671e-28	1.0
3600	5	2.09803	-0.212246	1.35998e-27	2.33271e-30	-1.0
3600	6	2.54726	0.75369	4.17725e-28	7.50662e-29	-1.0
3600	7	1.29612	0.57018	1.83643e-28	7.70033e-29	1.0
3600	8	1.29526	1.32832	2.4183e-28	3.99761e-28	1.0
3600	9	1.28739	-0.274222	1.28368e-28	3.56577e-30	-1.0
3600	10	1.7798	0.132218	1.91535e-27	5.05947e-30	-1.0
3700	1	1.57139	-0.0845937	0.00171788	9.99401e-31	5.4199e-13
3700	2	1.81606	0.451163	5.97173e-28	2.12496e-29	-1.0
3700	3	1.04709	0.71489	2.48789e-28	3.59785e-29	-1.0
3700	4	0.983848	1.05211	1.83643e-28	1.77671e-28	1.0
3700	5	2.09803	-0.212246	1.35998e-27	2.33271e-30	-1.0
3700	6	2.54726	0.75369	4.17725e-28	7.50662e-29	-1.0
3700	7	1.52098	0.57018	8.99461e-28	7.70033e-29	-1.0
3700	8	1.24653	1.32832	0.00139196	3.99761e-28	7.31378e-14
3700	9	1.28739	-0.274222	1.28368e-28	3.56577e-30	-1.0
3700	10	1.7798	0.132218	1.91535e-27	5.05947e-30	-1.0
3800	1	1.86287	0.43415	0.00119503	0.00101006	0.581452
3800	2	1.81606	0.451163	5.97173e-28	2.12496e-29	-1.0
3800	3	1.04709	0.71489	2.48789e-28	3.59785e-29	-1.0
3800	4	1.01217	1.07676	1.49293e-28	9.1254e-29	1.0
3800	5	2.09803	-0.212246	1.35998e-27	2.33271e-30	-1.0
3800	6	2.54726	0.75369	4.17725e-28	7.50662e-29	-1.0
3800	7	1.52098	0.57018	8.99461e-28	7.70033e-29	-1.0
3800	8	1.34224	1.32832	1.71798e-28	3.99761e-28	-1.0
3800	9	1.28739	-0.274222	1.28368e-28	3.56577e-30	-1.0
3800	10	1.7798	0.132218	1.91535e-27	5.05947e-30	-1.0
3900	1	1.86127	0.43807	0.0015316	1.3603e-30	-1.00312e-12
3900	2	1.89758	0.451163	1.17046e-27	2.12496e-29	-1.0
3900	3	1.05231	0.71489	0.00102329	3.59785e-29	-4.99712e-13
3900	4	1.01217	1.07673	1.49293e-28	7.89193e-07	1.06276e-11
3900	5	2.09833	-0.21188	2.20557e-05	3.33831e-05	1.0
3900	6	2.54726	0.858475	4.17725e-28	5.44119e-30	1.0
3900	7	1.52098	0.57018	8.99461e-28	7.70033e-29	-1.0
3900	8	1.34224	1.32832	1.71798e-28	3.99761e-28	-1.0
3900	9	1.28739	-0.274222	1.28368e-28	3.56577e-30	-1.0
3900	10	1.7798	0.132218	1.91535e-27	5.05947e-30	-1.0
4000	1	1.83528	0.43807	0.00575852	1.3603e-30	-4.59608e-13
4000	2	1.927	0.489857	8.9881e-05	0.00489795	0.0551079
4000	3	1.44892	0.71489	9.1254e-29	3.59785e-29	-1.0
4000	4	1.01217	1.07731	1.49293e-28	6.01603e-05	1.22405e-12
4000	5	2.24677	-0.0292606	3.31851e-28	4.93532e-32	-1.0
4000	6	2.54726	0.851071	4.17725e-28	0.000574725	5.67975e-14
4000	7	1.52098	0.570115	8.99461e-28	4.21921e-06	-4.23956e-12
4000	8	1.34224	1.29722	1.71798e-28	3.31851e-28	-1.0
4000	9	1.28739	-0.274222	1.28368e-28	3.56577e-30	-1.0
4000	10	1.92816	0.132218	6.60964e-05	5.05947e-30	3.8237e-12
4100	1	1.86108	0.43807	0.00149302	1.3603e-30	-1.00616e-12
4100	2	1.93301	0.629356	1.31126e-27	0.0100053	-4.5755e-14
4100	3	1.44892	0.755482	9.1254e-29	0.00323113	-1.87253e-13
4100	4	1.01217	1.07676	1.49293e-28	9.1254e-29	1.0
4100	5	2.24677	-0.0292606	3.31851e-28	4.93532e-32	-1.0
4100	6	2.8913	1.06903	1.3274e-27	8.29627e-29	1.0
4100	7	1.52098	0.475129	8.99461e-28	0.00590882	-6.71514e-14
4100	8	1.34224	1.29722	1.71798e-28	3.31851e-28	-1.0
4100	9	1.28739	-0.274222	1.28368e-28	3.56577e-30	-1.0
4100	10	1.92906	0.132218	9.95157e-28	5.05947e-30	1.0
4200	1	1.84338	0.43807	0.00464816	1.3603e-30	-5.16411e-13
4200	2	1.93301	0.724199	1.31126e-27	0.00241189	-1.90074e-13
4200	3	1.44892	0.85296	9.1254e-29	1.28368e-28	-1.0
4200	4	1.01217	1.07676	1.49293e-28	9.1254e-29	1.0
4200	5	2.54506	-0.0292606	8.59929e-28	4.93532e-32	1.0
4200	6	2.8913	1.06903	1.3274e-27	8.29627e-29	1.0
4200	7	1.52098	0.347317	8.99461e-28	0.0	NAN
4200	8	1.34224	1.29722	1.71798e-28	3.31851e-28	-1.0
4200	9	1.37217	-0.274222	0.00118438	3.56577e-30	-1.04452e-13
4200	10	1.92906	0.132218	9.95157e-28	5.05947e-30	1.0
4300	1	1.80461	0.42597	0.00858464	4.14921e-05	0.014511
4300	2	1.93301	0.742091	1.31126e-27	9.99401e-29	-1.0
4300	3	1.44892	0.85296	9.1254e-29	1.28368e-28	-1.0
4300	4	1.01217	1.07676	1.49293e-28	9.1254e-29	1.0
4300	5	2.54506	-0.0292606	8.59929e-28	4.93532e-32	1.0
4300	6	2.8913	1.06903	1.3274e-27	8.29627e-29	1.0
4300	7	1.93746	0.347317	8.4695e-28	0.0	NAN
4300	8	1.44475	1.29722	0.00463122	3.31851e-28	7.92726e-14
4300	9	1.40111	-0.274222	2.21546e-28	3.56577e-30	-1.0
4300	10	2.15296	0.132218	1.56371e-27	5.05947e-30	-1.0
4400	1	1.80623	0.419252	0.00752045	4.89707e-29	-1.32709e-13
4400	2	2.24508	0.742091	1.23383e-28	9.99401e-29	-1.0
4400	3	1.83208	0.85296	1.23383e-28	1.28368e-28	1.0
4400	4	1.01217	1.07676	1.49293e-28	9.1254e-29	1.0
4400	5	2.75628	-0.0292606	4.54839e-28	4.93532e-32	1.0
4400	6	2.8913	1.06903	1.3274e-27	8.29627e-29	1.0
4400	7	1.93746	0.347317	8.4695e-28	0.0	NAN
4400	8	1.58031	1.29722	3.84753e-05	3.31851e-28	4.61427e-12
4400	9	1.40111	-0.274222	2.21546e-28	3.56577e-30	-1.0
4400	10	2.36581	0.132218	0.0208937	5.05947e-30	-1.40189e-13
4500	1	1.82601	0.419252	0.00440282	4.89707e-29	-1.72559e-13
4500	2	2.24508	0.742091	1.23383e-28	9.99401e-29	-1.0
4500	3	1.83208	0.85296	1.23383e-28	1.28368e-28	1.0
4500	4	1.01217	1.07676	1.49293e-28	9.1254e-29	1.0
4500	5	2.75628	-0.0292606	4.54839e-28	4.93532e-32	1.0
4500	6	2.8913	1.06903	1.3274e-27	8.29627e-29	1.0
4500	7	1.93746	0.346176	8.4695e-28	0.000184932	-3.22148e-15
4500	8	1.58234	1.29722	8.73008e-28	3.31851e-28	1.0
4500	9	1.7913	0.00323826	5.54532e-28	8.20093e-34	1.0
4500	10	2.5615	0.132218	1.1371e-28	5.05947e-30	1.0
4600	1	1.81565	0.419252	0.00586642	4.89707e-29	-1.42937e-13
4600	2	2.24515	0.742091	4.35746e-06	9.99401e-29	-5.25928e-12
4600	3	1.83208	0.85296	1.23383e-28	1.28368e-28	1.0
4600	4	1.35109	1.07676	3.00265e-28	9.1254e-29	1.0
4600	5	2.75628	-0.0292606	4.54839e-28	4.93532e-32	1.0
4600	6	2.8913	1.06903	1.3274e-27	8.29627e-29	1.0
4600	7	1.93746	0.021259	8.4695e-28	3.08457e-31	1.0
4600	8	1.58234	1.29722	8.73008e-28	3.31851e-28	1.0
4600	9	1.7913	0.00323826	5.54532e-28	8.20093e-34	1.0
4600	10	2.5615	0.132218	1.1371e-28	5.05947e-30	1.0
4700	1	1.81075	0.419252	0.00712632	4.89707e-29	-1.3013e-13
4700	2	2.24508	0.742091	1.23383e-28	9.99401e-29	-1.0
4700	3	1.83208	0.85296	1.23383e-28	1.28368e-28	1.0
4700	4	1.35109	1.07676	3.00265e-28	9.1254e-29	1.0
4700	5	2.75628	-0.0292606	4.54839e-28	4.93532e-32	1.0
4700	6	2.8913	1.06903	1.3274e-27	8.29627e-29	1.0
4700	7	2.19053	0.2073	3.31851e-28	2.78383e-29	-1.0
4700	8	1.59525	1.29722	0.00205701	3.31851e-28	5.87954e-13
4700	9	1.7913	0.00323826	5.54532e-28	8.20093e-34	1.0
4700	10	2.5615	0.132218	1.1371e-28	5.05947e-30	1.0
4800	1	1.80812	0.419252	0.00733162	4.89707e-29	-1.20443e-13
4800	2	2.24508	0.742091	1.23383e-28	9.99401e-29	-1.0
4800	3	1.83208	0.85296	1.23383e-28	1.28368e-28	1.0
4800	4	1.35109	1.07676	3.00265e-28	9.1254e-29	1.0
4800	5	2.75628	-0.0292606	4.54839e-28	4.93532e-32	1.0
4800	6	2.8913	1.06903	1.3274e-27	8.29627e-29	1.0
4800	7	2.19053	0.2073	3.31851e-28	2.78383e-29	-1.0
4800	8	1.92656	1.29722	1.21651e-27	3.31851e-28	-1.0
4800	9	1.91961	0.192397	0.000164722	0.00035802	1.0
4800	10	2.5615	0.132218	1.1371e-28	5.05947e-30	1.0
4900	1	1.82619	0.419252	0.00437681	4.89707e-29	-1.95706e-13
4900	2	2.29764	0.742181	0.0039403	8.24932e-06	0.0248913
4900	3	1.83208	0.85296	1.23383e-28	1.28368e-28	1.0
4900	4	1.35109	1.07676	3.00265e-28	9.1254e-29	1.0
4900	5	2.75628	-0.0292606	4.54839e-28	4.93532e-32	1.0
4900	6	3.01989	1.06903	0.000964592	8.29627e-29	1.07962e-12
4900	7	2.19008	0.207637	2.21112e-05	1.2488e-05	-1.0
4900	8	1.92656	1.29728	1.21651e-27	3.11461e-06	-1.02997e-11
4900	9	1.92223	0.196258	4.45412e-28	2.2286e-29	1.0
4900	10	2.5615	0.132218	1.1371e-28	5.05947e-30	1.0
5000	1	1.82224	0.419252	0.00512122	4.89707e-29	-1.68317e-13
5000	2	2.44892	0.742091	7.58854e-28	9.99401e-29	-1.0
5000	3	1.83208	0.85296	1.23383e-28	1.28368e-28	1.0
5000	4	1.35109	1.07676	3.00265e-28	9.1254e-29	1.0
5000	5	2.75628	-0.0292606	4.54839e-28	4.93532e-32	1.0
5000	6	3.03466	1.06903	2.65638e-27	8.29627e-29	1.0
5000	7	2.154	0.234752	0.0011881	0.000671016	-1.0
5000	8	1.92656	1.24121	1.21651e-27	3.86929e-29	1.0
5000	9	1.92223	0.196258	4.45412e-28	2.2286e-29	1.0
5000	10	2.5615	0.132218	1.1371e-28	5.05947e-30	1.0
5100	1	1.82563	0.419252	0.00445465	4.89707e-29	-1.84747e-13
5100	2	2.44892	0.742091	7.58854e-28	9.99401e-29	-1.0
5100	3	1.961	0.933158	6.52696e-28	4.36085e-28	1.0
5100	4	1.35109	1.07676	3.00265e-28	9.1254e-29	1.0
5100	5	2.75628	-0.0292606	4.54839e-28	4.93532e-32	1.0
5100	6	3.03466	1.06903	2.65638e-27	8.29627e-29	1.0
5100	7	2.25275	0.277837	0.00028015	0.000158223	-1.0
5100	8	1.92655	1.24121	8.74521e-08	3.86929e-29	1.17832e-10
5100	9	1.92223	0.196258	4.45412e-28	2.2286e-29	1.0
5100	10	2.72476	0.273167	2.66791e-05	1.98863e-05	1.0
5200	1	1.81791	0.419252	0.00566737	4.89707e-29	-1.4216e-13
5200	2	2.44892	0.742091	7.58854e-28	9.99401e-29	-1.0
5200	3	2.10026	1.0242	2.91202e-05	1.24441e-05	1.0
5200	4	1.35109	1.07676	3.00265e-28	9.1254e-29	1.0
5200	5	2.75628	-0.0292606	4.54839e-28	4.93532e-32	1.0
5200	6	3.03466	1.06903	2.65638e-27	8.29627e-29	1.0
5200	7	2.24708	0.2821	4.17725e-28	8.91441e-31	1.0
5200	8	1.92656	1.24121	1.21651e-27	3.86929e-29	1.0
5200	9	1.92223	0.196258	4.45412e-28	2.2286e-29	1.0
5200	10	2.72508	0.273449	1.49422e-27	1.11045e-29	-1.0
5300	1	1.85124	0.419252	2.4183e-28	4.89707e-29	-1.0
5300	2	2.44892	0.742091	7.58854e-28	9.99401e-29	-1.0
5300	3	2.10068	1.02447	1.59904e-29	1.59904e-29	1.0
5300	4	1.35109	1.07676	3.00265e-28	9.1254e-29	1.0
5300	5	2.75628	-0.0292606	4.54839e-28	4.93532e-32	1.0
5300	6	3.03466	1.06903	2.65638e-27	8.29627e-29	1.0
5300	7	2.24708	0.2821	4.17725e-28	8.91441e-31	1.0
5300	8	1.92656	1.24121	1.21651e-27	3.86929e-29	1.0
5300	9	1.92223	0.196223	4.45412e-28	1.16794e-06	4.37157e-12
5300	10	2.72508	0.273449	1.49422e-27	1.11045e-29	-1.0
5400	1	1.85124	0.419252	2.4183e-28	4.89707e-29	-1.0
5400	2	2.44892	0.742091	7.58854e-28	9.99401e-29	-1.0
5400	3	2.10076	1.02447	2.89896e-06	1.59904e-29	2.36843e-12
5400	4	1.35109	1.07676	3.00265e-28	9.1254e-29	1.0
5400	5	2.75628	-0.148934	4.54839e-28	3.7786e-32	1.0
5400	6	3.03466	1.06903	2.65638e-27	8.29627e-29	1.0
5400	7	2.37033	0.2821	1.52057e-05	8.91441e-31	4.25437e-12
5400	8	1.92656	1.24121	1.21651e-27	3.86929e-29	1.0
5400	9	1.92223	0.196258	4.45412e-28	2.2286e-29	1.0
5400	10	2.94646	0.458128	0.00169149	0.000863463	0.806998
5500	1	2.06303	0.634361	2.55847e-28	4.1506e-29	1.0
5500	2	2.44892	0.742091	7.58854e-28	9.99401e-29	-1.0
5500	3	2.10068	1.02447	1.59904e-29	1.59904e-29	1.0
5500	4	1.35109	0.951655	3.00265e-28	6.3578e-28	1.0
5500	5	2.75628	-0.148934	4.54839e-28	3.7786e-32	1.0
5500	6	3.03466	1.06903	2.65638e-27	8.29627e-29	1.0
5500	7	2.37058	0.2821	2.85064e-28	8.91441e-31	1.0
5500	8	1.92656	1.24121	1.21651e-27	3.86929e-29	1.0
5500	9	2.08962	0.196258	5.78753e-06	2.2286e-29	3.97931e-12
5500	10	3.05376	0.467541	1.39294e-27	8.34068e-30	1.0
5600	1	2.06303	0.634361	2.55847e-28	4.1506e-29	1.0
5600	2	2.71644	0.61465	4.4606e-06	6.90884e-05	1.0
5600	3	2.10068	1.02447	1.59904e-29	1.59904e-29	1.0
5600	4	1.35109	0.951655	3.00265e-28	6.3578e-28	1.0
5600	5	2.75628	-0.148934	4.54839e-28	3.7786e-32	1.0
5600	6	3.03466	1.06903	2.65638e-27	8.29627e-29	1.0
5600	7	2.36226	0.237111	0.000933594	0.00865304	0.0770588
5600	8	1.92656	1.24121	1.21651e-27	3.86929e-29	1.0
5600	9	2.0897	0.196258	9.55477e-29	2.2286e-29	1.0
5600	10	3.05376	0.467541	1.39294e-27	8.34068e-30	1.0
5700	1	2.06257	0.634361	3.03431e-05	4.1506e-29	2.89914e-12
5700	2	2.71617	0.613558	5.33804e-28	1.77671e-30	-1.0
5700	3	2.38039	1.02447	7.83171e-05	1.59904e-29	-1.48812e-13
5700	4	1.35109	0.951655	3.00265e-28	6.3578e-28	1.0
5700	5	2.75628	-0.148934	4.54839e-28	3.7786e-32	1.0
5700	6	3.03466	1.06903	2.65638e-27	8.29627e-29	1.0
5700	7	2.15683	-0.19107	0.00291431	0.00123047	0.690674
5700	8	1.92656	1.24121	1.21651e-27	3.86929e-29	1.0
5700	9	2.0897	0.196258	9.55477e-29	2.2286e-29	1.0
5700	10	3.05376	0.467541	1.39294e-27	8.34068e-30	1.0
5800	1	2.06303	0.634361	2.55847e-28	4.1506e-29	1.0
5800	2	2.71617	0.614944	5.33804e-28	0.000172833	-1.19794e-13
5800	3	2.38095	1.02447	7.89651e-31	1.59904e-29	-1.0
5800	4	1.35109	0.951655	3.00265e-28	6.3578e-28	1.0
5800	5	2.75628	-0.193193	4.54839e-28	1.17291e-30	-1.0
5800	6	3.03466	1.06903	2.65638e-27	8.29627e-29	1.0
5800	7	2.30648	0.0687578	0.0003818	2.58675e-05	1.0
5800	8	1.92656	1.24121	1.21651e-27	3.86929e-29	1.0
5800	9	2.0897	0.196258	9.55477e-29	2.2286e-29	1.0
5800	10	2.93281	0.287325	1.04431e-28	1.46856e-29	-1.0
5900	1	2.1402	0.723169	0.000317936	0.000421093	1.0
5900	2	2.71617	0.613558	5.33804e-28	1.77671e-30	-1.0
5900	3	2.45724	1.12662	1.59904e-27	5.05376e-29	-1.0
5900	4	1.35109	0.951655	3.00265e-28	6.3578e-28	1.0
5900	5	2.75628	-0.193193	4.54839e-28	1.17291e-30	-1.0
5900	6	3.03466	1.06903	2.65638e-27	8.29627e-29	1.0
5900	7	2.30322	0.067911	1.23383e-28	5.57151e-32	1.0
5900	8	1.92656	1.14219	1.21651e-27	2.63003e-28	-1.0
5900	9	2.10629	0.196258	0.000852801	2.2286e-29	3.34912e-13
5900	10	2.93281	0.389355	1.04431e-28	0.000327412	2.34961e-13
6000	1	2.14859	0.732818	6.87193e-28	6.94029e-29	1.0
6000	2	2.71617	0.613558	5.33804e-28	1.77671e-30	-1.0
6000	3	2.45724	1.12662	1.59904e-27	5.05376e-29	-1.0
6000	4	1.35109	0.951655	3.00265e-28	6.3578e-28	1.0
6000	5	2.75628	-0.193193	4.54839e-28	1.17291e-30	-1.0
6000	6	3.03466	1.06903	2.65638e-27	8.29627e-29	1.0
6000	7	2.70521	0.399929	0.00072784	0.000498494	0.997765
6000	8	1.92656	1.14219	1.21651e-27	2.63003e-28	-1.0
6000	9	2.20991	0.196258	2.43232e-27	2.2286e-29	-1.0
6000	10	2.93281	0.389282	1.04431e-28	2.07407e-29	1.0
6100	1	2.14859	0.732818	6.87193e-28	6.94029e-29	1.0
6100	2	2.71617	0.613558	5.33804e-28	1.77671e-30	-1.0
6100	3	2.45724	1.12662	1.59904e-27	5.05376e-29	-1.0
6100	4	1.4955	0.951655	3.80656e-07	6.3578e-28	3.28603e-11
6100	5	2.75628	-0.193193	4.54839e-28	1.17291e-30	-1.0
6100	6	3.24513	1.25346	1.10854e-05	8.51251e-06	1.0
6100	7	2.70886	0.403027	2.84274e-27	2.77612e-30	1.0
6100	8	1.92656	1.14219	1.21651e-27	2.63003e-28	-1.0
6100	9	2.20991	0.196258	2.43232e-27	2.2286e-29	-1.0
6100	10	2.93281	0.389067	1.04431e-28	2.30983e-05	9.3127e-13
6200	1	2.14859	0.732818	6.87193e-28	6.94029e-29	1.0
6200	2	2.71617	0.613558	5.33804e-28	1.77671e-30	-1.0
6200	3	2.72182	1.12662	3.23441e-27	5.05376e-29	1.0
6200	4	1.53732	0.951655	9.64436e-05	6.3578e-28	-2.06319e-12
6200	5	2.75635	-0.193387	9.2499e-07	6.23553e-06	-1.0
6200	6	3.24523	1.25355	2.30262e-27	2.38869e-29	1.0
6200	7	2.70886	0.403027	2.84274e-27	2.77612e-30	1.0
6200	8	1.92661	1.14219	2.58455e-06	2.63003e-28	-2.16047e-11
6200	9	2.20991	0.196258	2.43232e-27	2.2286e-29	-1.0
6200	10	2.93281	0.389282	1.04431e-28	2.07407e-29	1.0
6300	1	2.12961	0.732818	1.93194e-05	6.94029e-29	9.65365e-12
6300	2	2.71617	0.613558	5.33804e-28	1.77671e-30	-1.0
6300	3	2.72182	1.12662	3.23441e-27	5.05376e-29	1.0
6300	4	1.54218	0.951655	2.92615e-28	6.3578e-28	-1.0
6300	5	2.91206	-0.193193	5.54532e-28	1.17291e-30	-1.0
6300	6	3.24523	1.25355	2.30262e-27	2.38869e-29	1.0
6300	7	2.70886	0.403027	2.84274e-27	2.77612e-30	1.0
6300	8	1.92656	1.14219	1.21651e-27	2.63003e-28	-1.0
6300	9	2.20991	0.196258	2.43232e-27	2.2286e-29	-1.0
6300	10	2.93281	0.389282	1.04431e-28	2.07407e-29	1.0
6400	1	2.12747	0.732818	2.17647e-27	6.94029e-29	1.0
6400	2	2.71617	0.613558	5.33804e-28	1.77671e-30	-1.0
6400	3	2.72182	1.12662	3.23441e-27	5.05376e-29	1.0
6400	4	1.54218	0.951655	2.92615e-28	6.3578e-28	-1.0
6400	5	2.91206	-0.193193	5.54532e-28	1.17291e-30	-1.0
6400	6	3.24523	1.25355	2.30262e-27	2.38869e-29	1.0
6400	7	2.70886	0.386276	2.84274e-27	1.38466e-29	-1.0
6400	8	1.92656	1.14219	1.21651e-27	2.63003e-28	-1.0
6400	9	2.20991	0.107216	2.43232e-27	8.94191e-05	-2.26698e-13
6400	10	3.07409	0.389282	2.21813e-27	2.07407e-29	-1.0
6500	1	2.12747	0.732818	2.17647e-27	6.94029e-29	1.0
6500	2	2.71617	0.613558	5.33804e-28	1.77671e-30	-1.0
6500	3	2.72182	1.12662	3.23441e-27	5.05376e-29	1.0
6500	4	1.54218	0.951655	2.92615e-28	6.3578e-28	-1.0
6500	5	2.91206	-0.193193	5.54532e-28	1.17291e-30	-1.0
6500	6	3.24523	1.25355	2.30262e-27	2.38869e-29	1.0
6500	7	2.70886	0.386276	2.84274e-27	1.38466e-29	-1.0
6500	8	1.92656	1.14219	1.21651e-27	2.63003e-28	-1.0
6500	9	2.20991	0.10526	2.43232e-27	4.28004e-30	-1.0
6500	10	3.07409	0.389282	2.21813e-27	2.07407e-29	-1.0
6600	1	2.12747	0.732818	2.17647e-27	6.94029e-29	1.0
6600	2	2.71617	0.613558	5.33804e-28	1.77671e-30	-1.0
6600	3	2.72182	1.12662	3.23441e-27	5.05376e-29	1.0
6600	4	1.78777	0.951655	0.00702103	6.3578e-28	-3.33812e-13
6600	5	2.91206	-0.193193	5.54532e-28	1.17291e-30	-1.0
6600	6	3.24523	1.25355	2.30262e-27	2.38869e-29	1.0
6600	7	2.70886	0.088776	2.84274e-27	0.0030106	1.58665e-14
6600	8	1.92656	1.14219	1.21651e-27	2.63003e-28	-1.0
6600	9	2.20991	0.10526	2.43232e-27	4.28004e-30	-1.0
6600	10	3.07409	0.389282	2.21813e-27	2.07407e-29	-1.0
6700	1	2.34979	0.739937	0.00240676	2.46795e-06	1.0
6700	2	2.71617	0.613558	5.33804e-28	1.77671e-30	-1.0
6700	3	2.72182	1.12662	3.23441e-27	5.05376e-29	1.0
6700	4	1.84841	0.792994	8.73008e-28	0.00148674	1.13082e-13
6700	5	2.91206	-0.193193	5.54532e-28	1.17291e-30	-1.0
6700	6	3.24523	1.25355	2.30262e-27	2.38869e-29	1.0
6700	7	2.70886	0.0677535	2.84274e-27	1.51144e-31	-1.0
6700	8	1.92656	1.14219	1.21651e-27	2.63003e-28	-1.0
6700	9	2.20991	0.10526	2.43232e-27	4.28004e-30	-1.0
6700	10	3.07409	0.389282	2.21813e-27	2.07407e-29	-1.0
6800	1	2.37137	0.740628	3.82191e-28	1.51144e-29	-1.0
6800	2	2.71617	0.613558	5.33804e-28	1.77671e-30	-1.0
6800	3	2.72182	1.12662	3.23441e-27	5.05376e-29	1.0
6800	4	1.84841	0.773984	8.73008e-28	6.52696e-30	1.0
6800	5	2.91206	-0.193193	5.54532e-28	1.17291e-30	-1.0
6800	6	3.48426	1.25355	0.000557385	2.38869e-29	1.86445e-12
6800	7	2.70886	0.0677535	2.84274e-27	1.51144e-31	-1.0
6800	8	1.92656	1.14219	1.21651e-27	2.63003e-28	-1.0
6800	9	2.20991	0.10526	2.43232e-27	4.28004e-30	-1.0
6800	10	3.07409	0.389282	2.21813e-27	2.07407e-29	-1.0
6900	1	2.37137	0.740628	3.82191e-28	1.51144e-29	-1.0
6900	2	2.71617	0.613558	5.33804e-28	1.77671e-30	-1.0
6900	3	2.72182	1.12662	3.23441e-27	5.05376e-29	1.0
6900	4	1.84994	0.773984	0.000258393	6.52696e-30	1.80071e-12
6900	5	2.91206	-0.193193	5.54532e-28	1.17291e-30	-1.0
6900	6	3.48901	1.25355	2.01381e-27	2.38869e-29	1.0
6900	7	2.70886	0.0677535	2.84274e-27	1.51144e-31	-1.0
6900	8	1.92656	1.14219	1.21651e-27	2.63003e-28	-1.0
6900	9	2.20991	0.10526	2.43232e-27	4.28004e-30	-1.0
6900	10	3.07409	0.389282	2.21813e-27	2.07407e-29	-1.0
7000	1	2.37137	0.740628	3.82191e-28	1.51144e-29	-1.0
7000	2	2.79423	0.613558	1.06756e-05	1.77671e-30	2.18847e-11
7000	3	2.72182	1.12662	3.23441e-27	5.05376e-29	1.0
7000	4	2.18866	0.773984	5.1347e-28	6.52696e-30	1.0
7000	5	2.91206	-0.193257	5.54532e-28	4.0515e-06	-5.43698e-13
7000	6	3.48901	1.25355	2.01381e-27	2.38869e-29	1.0
7000	7	2.70886	0.0677535	2.84274e-27	1.51144e-31	-1.0
7000	8	1.92656	1.14219	1.21651e-27	2.63003e-28	-1.0
7000	9	2.20991	0.10526	2.43232e-27	4.28004e-30	-1.0
7000	10	3.07409	0.389282	2.21813e-27	2.07407e-29	-1.0
7100	1	2.52213	0.740411	0.0068752	2.34324e-05	0.0534483
7100	2	2.79451	0.613558	5.1809e-27	1.77671e-30	1.0
7100	3	2.72182	1.12662	3.23441e-27	5.05376e-29	1.0
7100	4	2.18866	0.773984	5.1347e-28	6.52696e-30	1.0
7100	5	2.91206	-0.193193	5.54532e-28	1.17291e-30	-1.0
7100	6	3.48901	1.25355	2.01381e-27	2.38869e-29	1.0
7100	7	2.70886	0.0677535	2.84274e-27	1.51144e-31	-1.0
7100	8	1.92656	1.14219	1.21651e-27	2.63003e-28	-1.0
7100	9	2.20991	0.10526	2.43232e-27	4.28004e-30	-1.0
7100	10	3.07409	0.389282	2.21813e-27	2.07407e-29	-1.0
7200	1	2.49101	0.548836	0.00100282	0.00240146	1.0
7200	2	2.79451	0.613558	5.1809e-27	1.77671e-30	1.0
7200	3	2.76905	1.12662	0.000765613	5.05376e-29	1.91135e-13
7200	4	2.18866	0.773984	5.1347e-28	6.52696e-30	1.0
7200	5	2.91206	-0.193193	5.54532e-28	1.17291e-30	-1.0
7200	6	3.48901	1.25355	2.01381e-27	2.38869e-29	1.0
7200	7	2.70886	0.0677535	2.84274e-27	1.51144e-31	-1.0
7200	8	1.92656	1.14219	1.21651e-27	2.63003e-28	-1.0
7200	9	2.20991	0.0991675	2.43232e-27	3.72088e-07	8.1148e-13
7200	10	3.07409	0.389282	2.21813e-27	2.07407e-29	-1.0
7300	1	2.47498	0.524036	4.93532e-30	4.89707e-29	-1.0
7300	2	2.79451	0.624564	5.1809e-27	6.37637e-06	-8.79578e-14
7300	3	2.8018	1.12662	3.1586e-30	5.05376e-29	-1.0
7300	4	2.18866	0.773984	5.1347e-28	6.52696e-30	1.0
7300	5	2.91206	-0.0463203	5.54532e-28	4.81964e-31	-1.0
7300	6	3.48892	1.25355	8.82827e-06	2.38869e-29	1.49955e-11
7300	7	2.70886	0.0677535	2.84274e-27	1.51144e-31	-1.0
7300	8	1.92656	1.14219	1.21651e-27	2.63003e-28	-1.0
7300	9	2.20991	0.0990496	2.43232e-27	2.78383e-31	1.0
7300	10	3.07409	0.389282	2.21813e-27	2.07407e-29	-1.0
7400	1	2.47713	0.524036	0.000139836	4.89707e-29	-3.25969e-13
7400	2	2.79451	0.625706	5.1809e-27	5.97173e-30	-1.0
7400	3	2.79761	1.12152	0.00042157	0.000623946	1.0
7400	4	2.18866	0.773984	5.1347e-28	6.52696e-30	1.0
7400	5	2.91206	-0.0463203	5.54532e-28	4.81964e-31	-1.0
7400	6	3.5831	1.25355	2.38869e-27	2.38869e-29	1.0
7400	7	2.70886	0.0677535	2.84274e-27	1.51144e-31	-1.0
7400	8	1.92656	1.14219	1.21651e-27	2.63003e-28	-1.0
7400	9	2.20991	0.0990496	2.43232e-27	2.78383e-31	1.0
7400	10	3.45154	0.680778	0.000356531	0.000212633	1.0
7500	1	2.6027	0.524036	0.000420891	4.89707e-29	2.27314e-12
7500	2	2.79451	0.625706	5.1809e-27	5.97173e-30	-1.0
7500	3	2.60209	0.883657	1.26344e-27	2.3497e-28	1.0
7500	4	2.18866	0.773984	5.1347e-28	6.52696e-30	1.0
7500	5	2.91206	-0.0463203	5.54532e-28	4.81964e-31	-1.0
7500	6	3.51039	1.25355	5.29317e-06	2.38869e-29	3.51021e-11
7500	7	2.70886	0.0677535	2.84274e-27	1.51144e-31	-1.0
7500	8	1.95389	1.16506	0.00306501	0.00214487	1.0
7500	9	2.21584	0.0990496	0.000783845	2.78383e-31	1.75021e-12
7500	10	3.45344	0.682243	1.59904e-27	2.31577e-28	1.0
7600	1	2.45505	0.524036	0.000984582	4.89707e-29	-9.78104e-13
7600	2	2.79451	0.625706	5.1809e-27	5.97173e-30	-1.0
7600	3	2.60209	0.883657	1.26344e-27	2.3497e-28	1.0
7600	4	2.18866	0.773984	5.1347e-28	6.52696e-30	1.0
7600	5	2.91206	-0.0463203	5.54532e-28	4.81964e-31	-1.0
7600	6	3.51024	1.25355	6.5391e-27	2.38869e-29	1.0
7600	7	2.70886	0.0677535	2.84274e-27	1.51144e-31	-1.0
7600	8	2.40529	1.35891	2.85064e-28	8.64008e-08	7.21307e-11
7600	9	2.4858	0.414562	9.95157e-28	0.000798539	4.70044e-14
7600	10	3.56702	0.709224	0.000390833	2.20539e-05	1.0
7700	1	2.44396	0.524036	0.000116278	4.89707e-29	-2.89054e-12
7700	2	2.79451	0.625706	5.1809e-27	5.97173e-30	-1.0
7700	3	2.60209	0.883657	1.26344e-27	2.3497e-28	1.0
7700	4	2.18866	0.773959	5.1347e-28	8.65417e-08	8.72863e-12
7700	5	2.91206	-0.0463203	5.54532e-28	4.81964e-31	-1.0
7700	6	3.51024	1.25355	6.5391e-27	2.38869e-29	1.0
7700	7	2.70886	0.0677535	2.84274e-27	1.51144e-31	-1.0
7700	8	2.40529	1.35892	2.85064e-28	4.45412e-28	1.0
7700	9	2.4858	0.419367	9.95157e-28	1.3603e-30	1.0
7700	10	3.57408	0.7109	4.99079e-27	2.31577e-28	-1.0
7800	1	2.44254	0.524036	9.67322e-28	4.89707e-29	-1.0
7800	2	2.79451	0.788887	5.1809e-27	5.97173e-30	1.0
7800	3	2.60209	0.883657	1.26344e-27	2.3497e-28	1.0
7800	4	2.48676	0.86069	1.35998e-27	1.38633e-28	1.0
7800	5	2.91206	0.00733201	5.54532e-28	4.40784e-05	1.81398e-14
7800	6	3.7509	1.24404	0.000883525	0.000702558	1.0
7800	7	2.83632	0.0677535	6.39617e-29	1.51144e-31	1.0
7800	8	2.40529	1.35892	2.85064e-28	4.45412e-28	1.0
7800	9	2.67825	0.419367	0.00106529	1.3603e-30	7.65738e-13
7800	10	3.57408	0.7109	4.99079e-27	2.31577e-28	-1.0
7900	1	2.44254	0.524036	9.67322e-28	4.89707e-29	-1.0
7900	2	2.79451	0.788887	5.1809e-27	5.97173e-30	1.0
7900	3	2.65326	0.984361	5.97173e-28	8.91441e-29	1.0
7900	4	2.48676	0.86069	1.35998e-27	1.38633e-28	1.0
7900	5	2.98445	0.00890596	0.000160746	6.09986e-33	-2.5459e-12
7900	6	3.58371	1.09495	5.1809e-27	5.05376e-29	-1.0
7900	7	2.83632	0.0677535	6.39617e-29	1.51144e-31	1.0
7900	8	2.40529	1.35892	2.85064e-28	4.45412e-28	1.0
7900	9	3.34012	0.733457	9.39882e-28	2.4985e-29	-1.0
7900	10	3.4758	0.635333	5.54532e-28	3.8974e-07	-1.91127e-11
8000	1	2.44254	0.524036	9.67322e-28	4.89707e-29	-1.0
8000	2	2.79451	0.788887	5.1809e-27	5.97173e-30	1.0
8000	3	2.65326	0.984361	5.97173e-28	8.91441e-29	1.0
8000	4	2.48676	0.869432	1.35998e-27	0.000559646	4.98911e-13
8000	5	2.98882	0.00890596	1.14026e-27	6.09986e-33	-1.0
8000	6	3.76413	1.08763	0.0398595	9.93432e-05	0.00353134
8000	7	2.83632	0.0677535	6.39617e-29	1.51144e-31	1.0
8000	8	2.40529	1.35892	2.85064e-28	4.45412e-28	1.0
8000	9	3.34012	0.733457	9.39882e-28	2.4985e-29	-1.0
8000	10	3.4758	0.635313	5.54532e-28	1.43914e-28	-1.0
8100	1	2.44254	0.524036	9.67322e-28	4.89707e-29	-1.0
8100	2	2.79451	0.788887	5.1809e-27	5.97173e-30	1.0
8100	3	2.65326	0.984309	5.97173e-28	2.68188e-06	5.77073e-12
8100	4	2.48676	0.97268	1.35998e-27	0.00163379	-1.31676e-13
8100	5	2.98867	0.00890596	1.98963e-06	6.09986e-33	-2.35672e-11
8100	6	4.19902	0.777083	4.09355e-27	7.89651e-29	-1.0
8100	7	2.83632	0.0677535	6.39617e-29	1.51144e-31	1.0
8100	8	2.40529	1.35892	2.85064e-28	4.45412e-28	1.0
8100	9	3.34012	1.02856	9.39882e-28	4.93532e-32	-1.0
8100	10	3.4758	0.635313	5.54532e-28	1.43914e-28	-1.0
8200	1	2.44254	0.524036	9.67322e-28	4.89707e-29	-1.0
8200	2	2.79451	0.788887	5.1809e-27	5.97173e-30	1.0
8200	3	2.65326	0.880787	5.97173e-28	1.77671e-30	-1.0
8200	4	2.48676	0.999464	1.35998e-27	3.19821e-28	-1.0
8200	5	2.96872	0.00890596	7.09294e-05	6.09986e-33	6.58668e-14
8200	6	4.19996	0.807938	7.33144e-05	5.41203e-05	-0.033064
8200	7	2.83632	0.0677535	6.39617e-29	1.51144e-31	1.0
8200	8	2.40529	1.35892	2.85064e-28	4.45412e-28	1.0
8200	9	3.34012	1.02856	9.39882e-28	4.93532e-32	-1.0
8200	10	3.4758	0.635313	5.54532e-28	1.43914e-28	-1.0
8300	1	2.44254	0.524036	9.67322e-28	4.89707e-29	-1.0
8300	2	2.79451	0.788887	5.1809e-27	5.97173e-30	1.0
8300	3	2.81467	0.994654	0.0111052	0.00552688	1.0
8300	4	2.48676	0.999464	1.35998e-27	3.19821e-28	-1.0
8300	5	3.17675	0.00890596	4.29034e-05	6.09986e-33	-4.90199e-12
8300	6	4.34592	0.811462	0.000728686	6.57507e-29	-1.44059e-12
8300	7	2.83632	0.0677535	6.39617e-29	1.51144e-31	1.0
8300	8	2.40529	1.35892	2.85064e-28	4.45412e-28	1.0
8300	9	3.34012	1.02856	9.39882e-28	4.93532e-32	-1.0
8300	10	3.47577	0.635342	7.39939e-07	8.48935e-07	-1.0
8400	1	2.44254	0.524036	9.67322e-28	4.89707e-29	-1.0
8400	2	2.79451	0.788887	5.1809e-27	5.97173e-30	1.0
8400	3	2.95894	1.09643	4.67661e-05	2.32747e-05	1.0
8400	4	2.48676	0.999464	1.35998e-27	3.19821e-28	-1.0
8400	5	3.17472	0.00890596	1.59904e-27	6.09986e-33	-1.0
8400	6	4.35621	0.811462	2.74877e-27	6.57507e-29	-1.0
8400	7	2.73609	0.190107	1.85746e-27	9.47043e-05	2.32724e-13
8400	8	2.40529	1.35892	2.85064e-28	4.45412e-28	1.0
8400	9	3.34012	1.02856	9.39882e-28	4.93532e-32	-1.0
8400	10	3.4758	0.635313	5.54532e-28	1.43914e-28	-1.0
8500	1	2.44254	0.524036	9.67322e-28	4.89707e-29	-1.0
8500	2	2.79451	0.788887	5.1809e-27	5.97173e-30	1.0
8500	3	2.95924	1.09665	2.17647e-27	1.95883e-28	1.0
8500	4	2.48676	0.999464	1.35998e-27	3.19821e-28	-1.0
8500	5	3.17472	0.00890596	1.59904e-27	6.09986e-33	-1.0
8500	6	4.35621	0.811462	2.74877e-27	6.57507e-29	-1.0
8500	7	2.73609	0.193622	1.85746e-27	7.55797e-30	1.0
8500	8	2.40529	1.35892	2.85064e-28	4.45412e-28	1.0
8500	9	3.34012	1.02856	9.39882e-28	4.93532e-32	-1.0
8500	10	3.47584	0.635337	1.11109e-06	5.74174e-07	1.0
8600	1	2.44254	0.524036	9.67322e-28	4.89707e-29	-1.0
8600	2	2.79451	0.788887	5.1809e-27	5.97173e-30	1.0
8600	3	2.95924	0.751911	2.17647e-27	0.000594755	-7.68527e-14
8600	4	2.48676	0.999464	1.35998e-27	3.19821e-28	-1.0
8600	5	3.17472	0.00890596	1.59904e-27	6.09986e-33	-1.0
8600	6	4.35634	0.811462	8.24381e-06	6.57507e-29	-1.80615e-11
8600	7	2.73609	0.193677	1.85746e-27	3.00784e-06	1.59363e-12
8600	8	2.40529	1.35892	2.85064e-28	4.45412e-28	1.0
8600	9	3.57559	1.20028	0.00124009	0.000659526	1.0
8600	10	3.4758	0.635313	5.54532e-28	1.43914e-28	-1.0
8700	1	2.44254	0.524036	9.67322e-28	4.89707e-29	-1.0
8700	2	2.93091	0.788887	7.89651e-29	5.97173e-30	-1.0
8700	3	2.95924	0.748429	2.17647e-27	4.45412e-30	-1.0
8700	4	2.48676	0.999464	1.35998e-27	3.19821e-28	-1.0
8700	5	3.17472	0.00890596	1.59904e-27	6.09986e-33	-1.0
8700	6	4.35621	0.811462	2.74877e-27	6.57507e-29	-1.0
8700	7	2.73609	0.303309	1.85746e-27	3.1586e-30	1.0
8700	8	2.40529	1.35892	2.85064e-28	4.45412e-28	1.0
8700	9	3.58578	1.20772	2.09435e-27	5.03452e-28	1.0
8700	10	3.4758	0.635313	5.54532e-28	1.43914e-28	-1.0
8800	1	2.44254	0.524036	9.67322e-28	4.89707e-29	-1.0
8800	2	2.93091	0.788887	7.89651e-29	5.97173e-30	-1.0
8800	3	2.95924	0.748429	2.17647e-27	4.45412e-30	-1.0
8800	4	2.48676	0.999464	1.35998e-27	3.19821e-28	-1.0
8800	5	3.17472	0.00890596	1.59904e-27	6.09986e-33	-1.0
8800	6	4.35621	0.811462	2.74877e-27	6.57507e-29	-1.0
8800	7	2.73609	0.303309	1.85746e-27	3.1586e-30	1.0
8800	8	2.40529	1.35892	2.85064e-28	4.45412e-28	1.0
8800	9	3.58578	1.20772	2.09435e-27	5.03452e-28	1.0
8800	10	3.4758	0.635313	5.54532e-28	1.43914e-28	-1.0
8900	1	2.44254	0.524036	9.67322e-28	4.89707e-29	-1.0
8900	2	2.93091	0.539234	7.89651e-29	9.67322e-30	1.0
8900	3	3.0136	0.748429	1.47882e-06	4.45412e-30	4.23863e-11
8900	4	2.75982	1.07811	1.54772e-28	1.38633e-28	1.0
8900	5	3.17472	0.00890596	1.59904e-27	6.09986e-33	-1.0
8900	6	4.35621	0.811462	2.74877e-27	6.57507e-29	-1.0
8900	7	2.73609	0.0677603	1.85746e-27	0.000722992	3.06021e-14
8900	8	2.40529	1.35892	2.85064e-28	4.45412e-28	1.0
8900	9	3.58578	1.20772	2.09435e-27	5.03452e-28	1.0
8900	10	3.4758	0.635313	5.54532e-28	1.43914e-28	-1.0
9000	1	2.44254	0.524036	9.67322e-28	4.89707e-29	-1.0
9000	2	2.93091	0.539234	7.89651e-29	9.67322e-30	1.0
9000	3	3.01366	0.748429	2.61078e-27	4.45412e-30	1.0
9000	4	2.75978	1.07812	1.22209e-06	1.46631e-07	-1.0
9000	5	3.17472	0.00890596	1.59904e-27	6.09986e-33	-1.0
9000	6	4.46209	0.811462	9.55477e-29	6.57507e-29	-1.0
9000	7	2.73609	0.0617206	1.85746e-27	5.31366e-31	1.0
9000	8	2.40529	1.35892	2.85064e-28	4.45412e-28	1.0
9000	9	3.58578	1.20772	2.09435e-27	5.03452e-28	1.0
9000	10	3.4758	0.635313	5.54532e-28	1.43914e-28	-1.0
9100	1	2.44254	0.524036	9.67322e-28	4.89707e-29	-1.0
9100	2	2.93091	0.539234	7.89651e-29	9.67322e-30	1.0
9100	3	3.01366	0.748429	2.61078e-27	4.45412e-30	1.0
9100	4	2.75982	1.04072	1.54772e-28	1.01437e-05	-2.67535e-12
9100	5	3.17472	0.00890596	1.59904e-27	6.09986e-33	-1.0
9100	6	4.46209	0.811462	9.55477e-29	6.57507e-29	-1.0
9100	7	2.73609	0.0617206	1.85746e-27	5.31366e-31	1.0
9100	8	2.40529	1.35892	2.85064e-28	4.45412e-28	1.0
9100	9	3.58578	1.20772	2.09435e-27	5.03452e-28	1.0
9100	10	3.4758	0.635313	5.54532e-28	1.43914e-28	-1.0
9200	1	2.44254	0.524036	9.67322e-28	4.89707e-29	-1.0
9200	2	2.93091	0.539234	7.89651e-29	9.67322e-30	1.0
9200	3	3.01366	0.748429	2.61078e-27	4.45412e-30	1.0
9200	4	2.75982	1.04017	1.54772e-28	7.1266e-29	-1.0
9200	5	3.17472	0.00890596	1.59904e-27	6.09986e-33	-1.0
9200	6	4.46209	0.811462	9.55477e-29	6.57507e-29	-1.0
9200	7	2.73609	0.0617206	1.85746e-27	5.31366e-31	1.0
9200	8	2.40529	1.35892	2.85064e-28	4.45412e-28	1.0
9200	9	3.58578	1.20772	2.09435e-27	5.03452e-28	1.0
9200	10	3.4758	0.633666	5.54532e-28	8.54498e-05	-1.25134e-12
9300	1	2.44254	0.524036	9.67322e-28	4.89707e-29	-1.0
9300	2	2.93091	0.539234	7.89651e-29	9.67322e-30	1.0
9300	3	3.01366	0.748429	2.61078e-27	4.45412e-30	1.0
9300	4	2.75982	1.04017	1.54772e-28	7.1266e-29	-1.0
9300	5	3.17472	0.00890596	1.59904e-27	6.09986e-33	-1.0
9300	6	4.38751	0.549557	0.00204476	0.00135425	1.0
9300	7	2.73609	0.0617206	1.85746e-27	5.31366e-31	1.0
9300	8	2.40529	1.35892	2.85064e-28	4.45412e-28	1.0
9300	9	3.58578	1.20772	2.09435e-27	5.03452e-28	1.0
9300	10	3.4758	0.528715	5.54532e-28	3.56577e-30	1.0
9400	1	2.44254	0.524036	9.67322e-28	4.89707e-29	-1.0
9400	2	2.93091	0.539234	7.89651e-29	9.67322e-30	1.0
9400	3	3.01366	0.748429	2.61078e-27	4.45412e-30	1.0
9400	4	2.75982	1.04017	1.54772e-28	7.1266e-29	-1.0
9400	5	3.17472	0.341683	1.59904e-27	8.31385e-05	-4.07784e-13
9400	6	4.33362	0.505698	2.56557e-27	3.46583e-29	-1.0
9400	7	2.64199	0.0101334	0.00038024	0.000114277	1.0
9400	8	2.40529	1.35892	2.85064e-28	4.45412e-28	1.0
9400	9	3.58578	1.20772	2.09435e-27	5.03452e-28	1.0
9400	10	3.4758	0.528715	5.54532e-28	3.56577e-30	1.0
9500	1	2.44254	0.524036	9.67322e-28	4.89707e-29	-1.0
9500	2	2.93091	0.539234	7.89651e-29	9.67322e-30	1.0
9500	3	3.01366	0.748429	2.61078e-27	4.45412e-30	1.0
9500	4	2.75982	1.04017	1.54772e-28	7.1266e-29	-1.0
9500	5	3.17472	0.342183	1.59904e-27	1.42631e-29	-1.0
9500	6	4.33377	0.505698	2.1355e-05	3.46583e-29	-1.10804e-11
9500	7	2.63375	0.0056171	1.02339e-27	3.28037e-33	1.0
9500	8	2.3843	1.35892	3.34877e-05	4.45412e-28	1.24931e-12
9500	9	3.58578	1.20772	2.09435e-27	5.03452e-28	1.0
9500	10	3.44087	0.632223	2.87685e-05	0.000252528	-1.0
9600	1	2.44254	0.524036	9.67322e-28	4.89707e-29	-1.0
9600	2	2.93091	0.539234	7.89651e-29	9.67322e-30	1.0
9600	3	3.01366	0.748429	2.61078e-27	4.45412e-30	1.0
9600	4	2.75982	1.04017	1.54772e-28	7.1266e-29	-1.0
9600	5	3.17472	0.496213	1.59904e-27	5.21293e-29	1.0
9600	6	4.33362	0.505698	2.56557e-27	3.46583e-29	-1.0
9600	7	2.63375	0.383866	1.02339e-27	7.40606e-30	1.0
9600	8	2.38125	1.35892	1.33451e-28	4.45412e-28	1.0
9600	9	3.58578	1.20772	2.09435e-27	5.03452e-28	1.0
9600	10	3.43922	0.637101	2.43232e-27	1.77671e-30	1.0
9700	1	2.44254	0.524036	9.67322e-28	4.89707e-29	-1.0
9700	2	2.98042	0.539234	9.67322e-28	9.67322e-30	1.0
9700	3	3.01366	0.748429	2.61078e-27	4.45412e-30	1.0
9700	4	2.75982	1.04017	1.54772e-28	7.1266e-29	-1.0
9700	5	3.17472	0.496213	1.59904e-27	5.21293e-29	1.0
9700	6	4.33362	0.505698	2.56557e-27	3.46583e-29	-1.0
9700	7	2.63375	0.383866	1.02339e-27	7.40606e-30	1.0
9700	8	2.38125	1.35892	1.33451e-28	4.45412e-28	1.0
9700	9	3.58578	0.756131	2.09435e-27	2.38388e-28	1.0
9700	10	3.43922	0.637101	2.43232e-27	1.77671e-30	1.0
9800	1	2.44254	0.524036	9.67322e-28	4.89707e-29	-1.0
9800	2	2.98092	0.539531	1.44082e-05	5.09484e-06	1.0
9800	3	3.01366	0.748429	2.61078e-27	4.45412e-30	1.0
9800	4	2.75982	1.04017	1.54772e-28	7.1266e-29	-1.0
9800	5	3.17472	0.49866	1.59904e-27	0.000121309	5.96888e-13
9800	6	4.33362	0.505698	2.56557e-27	3.46583e-29	-1.0
9800	7	2.63431	0.383866	3.86713e-05	7.40606e-30	5.20492e-12
9800	8	2.38125	1.35892	1.33451e-28	4.45412e-28	1.0
9800	9	3.58578	0.756131	2.09435e-27	2.38388e-28	1.0
9800	10	3.43922	0.612142	2.43232e-27	0.000227323	-1.31484e-13
9900	1	2.44254	0.524036	9.67322e-28	4.89707e-29	-1.0
9900	2	3.03876	0.573929	1.19466e-05	4.22441e-06	1.0
9900	3	3.01366	0.748429	2.61078e-27	4.45412e-30	1.0
9900	4	2.75982	0.862938	1.54772e-28	0.0003549	1.67567e-13
9900	5	3.17472	0.596085	1.59904e-27	5.70523e-29	1.0
9900	6	4.33362	0.505698	2.56557e-27	3.46583e-29	-1.0
9900	7	2.77329	0.383866	6.41394e-28	7.40606e-30	1.0
9900	8	2.38125	1.35892	1.33451e-28	4.45412e-28	1.0
9900	9	3.58578	0.756131	2.09435e-27	2.38388e-28	1.0
9900	10	3.43927	0.594798	2.71733e-06	2.28135e-29	-2.99484e-11
10000	1	2.44254	0.524036	9.67322e-28	4.89707e-29	-1.0
10000	2	3.03912	0.574138	4.62123e-27	6.39617e-29	1.0
10000	3	3.084	0.748429	0.000104254	4.45412e-30	-1.37631e-12
10000	4	2.75982	0.859229	1.54772e-28	6.52696e-30	1.0
10000	5	3.17472	0.596085	1.59904e-27	5.70523e-29	1.0
10000	6	4.33362	0.505698	2.56557e-27	3.46583e-29	-1.0
10000	7	2.7734	0.383866	1.17858e-05	7.40606e-30	7.25137e-12
10000	8	2.38125	1.35892	1.33451e-28	4.45412e-28	1.0
10000	9	3.58578	0.756131	2.09435e-27	2.38388e-28	1.0
10000	10	3.43922	0.594798	2.43232e-27	2.28135e-29	-1.0
