// Initial random seed:
1801340634436650684

// RunInitializeCallbacks():
initializeMutationRate(1e-07);
initializeMutationType(1, 0.5, "n", 0, 0.5);
initializeMutationType(2, 0.5, "n", 0, 0.5);
initializeMutationType(3, 0.5, "n", 0, 0.5);
initializeGenomicElementType(1, m1, 1);
initializeGenomicElementType(2, m2, 1);
initializeGenomicElementType(3, m3, 1);
initializeGenomicElement(g3, 0, 39);
initializeGenomicElement(g1, 40, 49);
initializeGenomicElement(g2, 50, 59);
initializeRecombinationRate(0.5);

// Starting run at tick <start>:
1 

0.0
0.0
4.60517 4.60517
100	1	0.0	0.0	0.0	0.0	NAN
100	2	-9.52344e-06	-6.61604e-05	9.0696e-08	4.3772e-06	1.0
100	3	0.0	0.0	0.0	0.0	NAN
100	4	0.0	0.0	0.0	0.0	NAN
100	5	0.0	-0.0457215	0.0	1.35992e-05	NAN
100	6	0.0	0.0	0.0	0.0	NAN
100	7	0.0	0.151303	0.0	1.97413e-31	NAN
100	8	0.00186078	0.0249011	2.11283e-34	8.1452e-33	-1.0
100	9	0.438014	0.0	3.66478e-29	0.0	NAN
100	10	0.16129	0.0330118	0.000104156	4.36321e-06	1.0
200	1	0.0	0.0	0.0	0.0	NAN
200	2	0.22578	0.388929	0.00526901	0.00568624	0.999476
200	3	0.0	0.0	0.0	0.0	NAN
200	4	0.0	0.0	0.0	0.0	NAN
200	5	0.0	-0.0463237	0.0	4.81964e-33	NAN
200	6	0.0	0.0	0.0	0.0	NAN
200	7	0.430087	0.539433	9.88328e-29	6.94029e-29	-1.0
200	8	0.00186078	0.0249011	2.11283e-34	8.1452e-33	-1.0
200	9	0.438014	0.0	3.66478e-29	0.0	NAN
200	10	0.162591	0.0332781	3.7786e-32	2.36163e-31	-1.0
300	1	0.0	0.0	0.0	0.0	NAN
300	2	0.34751	0.515491	6.81382e-30	1.04431e-28	-1.0
300	3	0.0	0.0	0.0	0.0	NAN
300	4	0.406528	0.304032	8.2715e-05	4.62639e-05	1.0
300	5	0.0	-0.0463237	0.0	4.81964e-33	NAN
300	6	0.0	0.0	0.0	0.0	NAN
300	7	0.430087	0.539433	9.88328e-29	6.94029e-29	-1.0
300	8	0.00186078	0.396078	2.11283e-34	3.27242e-29	1.0
300	9	0.438014	0.0	3.66478e-29	0.0	NAN
300	10	0.162591	0.0332781	3.7786e-32	2.36163e-31	-1.0
400	1	0.0455254	0.177122	0.00134501	0.0203594	1.0
400	2	0.34751	0.515491	6.81382e-30	1.04431e-28	-1.0
400	3	0.0	0.0	0.0	0.0	NAN
400	4	0.406935	0.304336	5.97173e-30	7.89651e-31	1.0
400	5	0.0	-0.0463237	0.0	4.81964e-33	NAN
400	6	0.0	0.0	0.0	0.0	NAN
400	7	0.430087	0.539433	9.88328e-29	6.94029e-29	-1.0
400	8	0.00186078	0.396078	2.11283e-34	3.27242e-29	1.0
400	9	0.438014	0.0	3.66478e-29	0.0	NAN
400	10	0.162591	0.0332781	3.7786e-32	2.36163e-31	-1.0
500	1	0.102882	0.400276	1.81392e-30	1.18571e-29	1.0
500	2	0.34751	0.515491	6.81382e-30	1.04431e-28	-1.0
500	3	0.0	0.0	0.0	0.0	NAN
500	4	0.406935	0.304336	5.97173e-30	7.89651e-31	1.0
500	5	0.0	-0.0463237	0.0	4.81964e-33	NAN
500	6	0.0	0.0	0.0	0.0	NAN
500	7	0.430087	0.539433	9.88328e-29	6.94029e-29	-1.0
500	8	0.00186078	0.396078	2.11283e-34	3.27242e-29	1.0
500	9	0.438014	0.0	3.66478e-29	0.0	NAN
500	10	0.162591	0.0332781	3.7786e-32	2.36163e-31	-1.0
600	1	0.102882	0.400276	1.81392e-30	1.18571e-29	1.0
600	2	0.34751	0.515491	6.81382e-30	1.04431e-28	-1.0
600	3	0.0	0.0	0.0	0.0	NAN
600	4	0.406935	0.304336	5.97173e-30	7.89651e-31	1.0
600	5	0.0	-0.0463237	0.0	4.81964e-33	NAN
600	6	0.0	0.0	0.0	0.0	NAN
600	7	0.430087	0.539433	9.88328e-29	6.94029e-29	-1.0
600	8	0.00186078	0.396078	2.11283e-34	3.27242e-29	1.0
600	9	0.420672	0.0709067	0.000189487	0.00316779	-1.0
600	10	0.162591	0.0332781	3.7786e-32	2.36163e-31	-1.0
700	1	0.102882	0.400276	1.81392e-30	1.18571e-29	1.0
700	2	0.34751	0.515491	6.81382e-30	1.04431e-28	-1.0
700	3	0.0	0.0	0.0	0.0	NAN
700	4	0.406935	0.304336	5.97173e-30	7.89651e-31	1.0
700	5	0.0	-0.0463237	0.0	4.81964e-33	NAN
700	6	0.408691	0.508101	1.42631e-29	4.59108e-29	-1.0
700	7	0.430087	0.539433	9.88328e-29	6.94029e-29	-1.0
700	8	0.375162	0.396078	0.0065091	3.27242e-29	4.64597e-14
700	9	0.397963	0.163757	4.22278e-30	5.3124e-30	-1.0
700	10	0.162591	0.0332781	3.7786e-32	2.36163e-31	-1.0
800	1	0.102882	0.400276	1.81392e-30	1.18571e-29	1.0
800	2	0.845981	0.903717	0.000298963	0.000243613	1.0
800	3	0.0	0.0	0.0	0.0	NAN
800	4	0.406935	0.304336	5.97173e-30	7.89651e-31	1.0
800	5	0.439497	0.455905	1.22427e-29	5.21293e-29	-1.0
800	6	0.408691	0.508101	1.42631e-29	4.59108e-29	-1.0
800	7	0.430087	0.539433	9.88328e-29	6.94029e-29	-1.0
800	8	0.409617	0.396078	2.72553e-29	3.27242e-29	1.0
800	9	0.397963	0.163757	4.22278e-30	5.3124e-30	-1.0
800	10	0.162547	0.0331491	1.91429e-06	1.66411e-05	1.0
900	1	0.102882	0.400276	1.81392e-30	1.18571e-29	1.0
900	2	0.941353	0.98981	4.78837e-28	7.89651e-29	-1.0
900	3	0.0	0.0	0.0	0.0	NAN
900	4	0.406935	0.304336	5.97173e-30	7.89651e-31	1.0
900	5	0.439497	0.455905	1.22427e-29	5.21293e-29	-1.0
900	6	0.408691	0.508101	1.42631e-29	4.59108e-29	-1.0
900	7	0.430087	0.539433	9.88328e-29	6.94029e-29	-1.0
900	8	0.409617	0.396078	2.72553e-29	3.27242e-29	1.0
900	9	0.537312	0.436891	2.07407e-29	7.22068e-29	-1.0
900	10	0.162591	0.0332781	3.7786e-32	2.36163e-31	-1.0
1000	1	0.102882	0.400276	1.81392e-30	1.18571e-29	1.0
1000	2	0.985007	1.11151	0.000149563	0.000132175	1.0
1000	3	0.0	0.0	0.0	0.0	NAN
1000	4	0.406935	0.304336	5.97173e-30	7.89651e-31	1.0
1000	5	0.439497	0.455905	1.22427e-29	5.21293e-29	-1.0
1000	6	0.575217	0.508101	0.00206466	4.59108e-29	7.4297e-14
1000	7	0.430087	0.539433	9.88328e-29	6.94029e-29	-1.0
1000	8	0.409617	0.396078	2.72553e-29	3.27242e-29	1.0
1000	9	0.537312	0.436891	2.07407e-29	7.22068e-29	-1.0
1000	10	0.162591	0.0332781	3.7786e-32	2.36163e-31	-1.0
1100	1	0.102882	0.400276	1.81392e-30	1.18571e-29	1.0
1100	2	0.980885	1.10763	2.63003e-28	6.0808e-28	-1.0
1100	3	0.0	0.0	0.0	0.0	NAN
1100	4	0.406935	0.304336	5.97173e-30	7.89651e-31	1.0
1100	5	0.364287	0.440127	3.14657e-29	1.82884e-29	-1.0
1100	6	0.6064	0.508101	4.59108e-29	4.59108e-29	1.0
1100	7	0.424843	0.544956	0.000102286	0.000113434	-1.0
1100	8	0.42375	0.407783	0.00144887	0.00099378	1.0
1100	9	0.537312	0.436891	2.07407e-29	7.22068e-29	-1.0
1100	10	0.162591	0.0332781	3.7786e-32	2.36163e-31	-1.0
1200	1	0.102882	0.400276	1.81392e-30	1.18571e-29	1.0
1200	2	0.980885	1.15207	2.63003e-28	0.000193062	7.50808e-13
1200	3	-0.00575405	0.0	9.80818e-05	0.0	NAN
1200	4	0.406935	0.304336	5.97173e-30	7.89651e-31	1.0
1200	5	0.364287	0.440127	3.14657e-29	1.82884e-29	-1.0
1200	6	0.6064	0.508101	4.59108e-29	4.59108e-29	1.0
1200	7	0.387793	0.583973	4.22278e-30	3.1586e-30	-1.0
1200	8	0.632191	0.580411	1.11045e-31	7.10686e-30	-1.0
1200	9	0.500987	0.369125	8.79966e-05	0.00256879	-0.4189
1200	10	0.162591	0.0332781	3.7786e-32	2.36163e-31	-1.0
1300	1	0.102882	0.400276	1.81392e-30	1.18571e-29	1.0
1300	2	0.980885	1.16072	2.63003e-28	2.48789e-28	1.0
1300	3	-0.0388709	0.0	4.85083e-05	0.0	NAN
1300	4	0.406935	0.304336	5.97173e-30	7.89651e-31	1.0
1300	5	0.364287	0.440127	3.14657e-29	1.82884e-29	-1.0
1300	6	0.605788	0.507684	6.20072e-05	2.89514e-05	1.0
1300	7	0.678045	0.891665	0.000189741	0.000213227	1.0
1300	8	0.632191	0.580411	1.11045e-31	7.10686e-30	-1.0
1300	9	0.495845	0.353696	2.77612e-30	1.00218e-29	1.0
1300	10	0.162591	0.0332781	3.7786e-32	2.36163e-31	-1.0
1400	1	0.102882	0.400276	1.81392e-30	1.18571e-29	1.0
1400	2	0.980885	1.16072	2.63003e-28	2.48789e-28	1.0
1400	3	-0.041396	0.0	2.16354e-31	0.0	NAN
1400	4	0.390628	0.410772	1.34364e-29	3.14657e-29	-1.0
1400	5	0.399309	0.490687	0.00240704	0.00501683	1.0
1400	6	0.6064	0.508101	4.59108e-29	4.59108e-29	1.0
1400	7	0.679491	0.893225	5.9586e-06	9.51028e-06	1.0
1400	8	0.632191	0.580411	1.11045e-31	7.10686e-30	-1.0
1400	9	0.495845	0.353696	2.77612e-30	1.00218e-29	1.0
1400	10	0.162591	0.0332781	3.7786e-32	2.36163e-31	-1.0
1500	1	0.102882	0.400276	1.81392e-30	1.18571e-29	1.0
1500	2	0.980885	1.16072	2.63003e-28	2.48789e-28	1.0
1500	3	-0.041396	0.272848	2.16354e-31	0.00477888	-1.33981e-14
1500	4	0.390628	0.410772	1.34364e-29	3.14657e-29	-1.0
1500	5	0.573186	0.658412	1.09206e-05	1.19241e-05	1.0
1500	6	0.6064	0.508101	4.59108e-29	4.59108e-29	1.0
1500	7	0.679357	0.893056	3.08457e-29	2.96242e-29	1.0
1500	8	0.932523	0.805387	2.77612e-28	6.57507e-29	-1.0
1500	9	0.495845	0.353696	2.77612e-30	1.00218e-29	1.0
1500	10	0.162591	0.0332781	3.7786e-32	2.36163e-31	-1.0
1600	1	0.102882	0.3891	1.81392e-30	0.00192237	7.07661e-14
1600	2	1.19371	1.20401	4.17725e-28	4.36085e-28	1.0
1600	3	-0.00551328	0.473221	1.95873e-33	4.45412e-30	1.0
1600	4	0.390628	0.68152	1.34364e-29	0.000128409	9.41583e-13
1600	5	0.573291	0.658522	2.96242e-29	9.67322e-30	1.0
1600	6	0.6064	0.508101	4.59108e-29	4.59108e-29	1.0
1600	7	0.679357	0.893056	3.08457e-29	2.96242e-29	1.0
1600	8	0.939711	0.817589	0.000458761	0.0013219	1.0
1600	9	0.707548	0.353696	1.49293e-28	1.00218e-29	-1.0
1600	10	0.162591	0.0332781	3.7786e-32	2.36163e-31	-1.0
1700	1	0.102882	0.219694	1.81392e-30	0.0159279	-2.37315e-14
1700	2	1.19371	1.20401	4.17725e-28	4.36085e-28	1.0
1700	3	-0.00551328	0.473221	1.95873e-33	4.45412e-30	1.0
1700	4	0.390628	0.682471	1.34364e-29	1.1371e-28	1.0
1700	5	0.573291	0.658522	2.96242e-29	9.67322e-30	1.0
1700	6	0.6064	0.508101	4.59108e-29	4.59108e-29	1.0
1700	7	0.679357	0.893056	3.08457e-29	2.96242e-29	1.0
1700	8	1.20051	1.03346	1.33451e-28	5.1347e-28	-1.0
1700	9	0.707548	0.353696	1.49293e-28	1.00218e-29	-1.0
1700	10	0.390468	0.303056	0.00448791	0.00284022	1.0
1800	1	0.102882	0.224661	1.81392e-30	0.015368	-2.46872e-14
1800	2	1.19371	1.20401	4.17725e-28	4.36085e-28	1.0
1800	3	-0.00551328	0.473221	1.95873e-33	4.45412e-30	1.0
1800	4	0.390628	0.682471	1.34364e-29	1.1371e-28	1.0
1800	5	0.560886	0.66624	9.05803e-05	3.50731e-05	-1.0
1800	6	0.6064	0.508101	4.59108e-29	4.59108e-29	1.0
1800	7	0.679357	0.893056	3.08457e-29	2.96242e-29	1.0
1800	8	1.20051	1.03346	1.33451e-28	5.1347e-28	-1.0
1800	9	0.707548	0.353696	1.49293e-28	1.00218e-29	-1.0
1800	10	0.699486	0.548887	8.91441e-29	6.39617e-29	-1.0
1900	1	0.102882	0.175702	1.81392e-30	0.0150953	-1.38364e-14
1900	2	1.19371	1.20401	4.17725e-28	4.36085e-28	1.0
1900	3	-0.0318536	0.562007	6.59761e-31	1.87665e-29	1.0
1900	4	0.416202	1.12856	9.07315e-05	4.97993e-05	0.0310613
1900	5	0.546383	0.675265	1.78165e-29	2.70258e-28	1.0
1900	6	1.03013	0.806511	9.1254e-29	1.04431e-28	-1.0
1900	7	0.679357	0.893056	3.08457e-29	2.96242e-29	1.0
1900	8	1.17227	1.12409	1.89714e-28	5.33804e-28	1.0
1900	9	0.707548	0.353696	1.49293e-28	1.00218e-29	-1.0
1900	10	0.699486	0.548887	8.91441e-29	6.39617e-29	-1.0
2000	1	0.102882	0.186168	1.81392e-30	0.0157538	-1.82028e-14
2000	2	1.19371	1.20401	4.17725e-28	4.36085e-28	1.0
2000	3	-0.0318536	0.562007	6.59761e-31	1.87665e-29	1.0
2000	4	0.761747	1.41742	0.000200912	0.000145932	1.0
2000	5	0.546383	0.674236	1.78165e-29	3.68089e-05	2.56744e-12
2000	6	1.1063	0.835269	5.75655e-28	7.31537e-29	-1.0
2000	7	0.679357	0.893056	3.08457e-29	2.96242e-29	1.0
2000	8	1.17227	1.12409	1.89714e-28	5.33804e-28	1.0
2000	9	0.769473	0.440174	3.16594e-05	6.17407e-05	1.0
2000	10	0.699486	0.548887	8.91441e-29	6.39617e-29	-1.0
2100	1	0.403557	0.401608	4.93532e-30	0.0153615	-2.64138e-14
2100	2	1.19371	1.20401	4.17725e-28	4.36085e-28	1.0
2100	3	-0.0318536	0.562007	6.59761e-31	1.87665e-29	1.0
2100	4	0.762937	1.41843	1.77671e-30	1.20106e-27	1.0
2100	5	0.693411	0.790311	5.87426e-29	2.3497e-28	1.0
2100	6	1.1063	0.835269	5.75655e-28	7.31537e-29	-1.0
2100	7	0.68442	0.953802	5.05376e-29	1.28368e-28	-1.0
2100	8	1.17227	1.12409	1.89714e-28	5.33804e-28	1.0
2100	9	0.771908	0.443474	0.000108672	0.000273983	0.988939
2100	10	0.699486	0.548887	8.91441e-29	6.39617e-29	-1.0
2200	1	0.403506	0.365451	2.53315e-06	0.0150753	-0.0191992
2200	2	1.19371	1.20401	4.17725e-28	4.36085e-28	1.0
2200	3	-0.0318536	0.562007	6.59761e-31	1.87665e-29	1.0
2200	4	0.762937	1.41843	1.77671e-30	1.20106e-27	1.0
2200	5	0.693411	0.790311	5.87426e-29	2.3497e-28	1.0
2200	6	1.1063	1.15206	5.75655e-28	1.49293e-28	1.0
2200	7	0.68442	0.953802	5.05376e-29	1.28368e-28	-1.0
2200	8	1.4683	1.28626	3.31851e-28	1.23383e-30	-1.0
2200	9	0.990472	0.766567	2.14466e-05	2.41591e-06	1.0
2200	10	0.699486	0.548887	8.91441e-29	6.39617e-29	-1.0
2300	1	0.403557	0.358858	4.93532e-30	0.0140948	-1.20813e-14
2300	2	1.19371	1.20401	4.17725e-28	4.36085e-28	1.0
2300	3	-0.0318536	0.562007	6.59761e-31	1.87665e-29	1.0
2300	4	0.762937	1.41843	1.77671e-30	1.20106e-27	1.0
2300	5	0.695732	0.792645	9.09237e-05	9.19538e-05	1.0
2300	6	1.1063	1.15826	5.75655e-28	0.000762065	4.6004e-13
2300	7	0.68442	0.953802	5.05376e-29	1.28368e-28	-1.0
2300	8	1.4683	1.28626	3.31851e-28	1.23383e-30	-1.0
2300	9	0.992411	0.767218	7.1266e-29	1.09021e-28	-1.0
2300	10	0.699486	0.548887	8.91441e-29	6.39617e-29	-1.0
2400	1	0.403557	0.36755	4.93532e-30	0.0150057	-1.35298e-14
2400	2	1.49912	1.43932	1.09569e-27	9.39882e-28	-1.0
2400	3	-0.0318536	0.562007	6.59761e-31	1.87665e-29	1.0
2400	4	0.885235	1.41843	0.000172434	1.20106e-27	1.11661e-13
2400	5	0.776314	0.873683	2.38869e-29	1.99004e-28	1.0
2400	6	1.07691	1.61481	3.56577e-28	3.1586e-28	-1.0
2400	7	0.790795	1.14787	0.000304557	0.000544606	1.0
2400	8	1.4683	1.28626	3.31851e-28	1.23383e-30	-1.0
2400	9	0.992411	0.767218	7.1266e-29	1.09021e-28	-1.0
2400	10	0.699486	0.548887	8.91441e-29	6.39617e-29	-1.0
2500	1	0.403557	0.381386	4.93532e-30	0.0157414	-1.9977e-14
2500	2	1.80958	1.69439	0.0001206	8.14074e-05	1.0
2500	3	-0.0318536	0.562007	6.59761e-31	1.87665e-29	1.0
2500	4	0.887986	1.41843	1.49293e-30	1.20106e-27	1.0
2500	5	0.776314	0.873683	2.38869e-29	1.99004e-28	1.0
2500	6	1.13197	1.73384	1.49293e-28	6.19086e-28	1.0
2500	7	1.05837	1.50568	1.09021e-28	2.70258e-28	1.0
2500	8	1.4683	1.28626	3.31851e-28	1.23383e-30	-1.0
2500	9	0.992411	0.767218	7.1266e-29	1.09021e-28	-1.0
2500	10	0.699486	0.548887	8.91441e-29	6.39617e-29	-1.0
2600	1	0.599974	0.617441	0.000154464	0.0151293	0.145229
2600	2	1.8323	1.69503	4.8371e-28	1.31126e-27	1.0
2600	3	-0.0318536	0.562007	6.59761e-31	1.87665e-29	1.0
2600	4	0.887986	1.41843	1.49293e-30	1.20106e-27	1.0
2600	5	0.776314	0.873683	2.38869e-29	1.99004e-28	1.0
2600	6	1.16262	1.78652	0.00149865	0.0044272	1.0
2600	7	1.05837	1.50568	1.09021e-28	2.70258e-28	1.0
2600	8	1.4683	1.28626	3.31851e-28	1.23383e-30	-1.0
2600	9	0.992411	0.767218	7.1266e-29	1.09021e-28	-1.0
2600	10	0.700025	0.549447	7.24812e-05	7.7992e-05	1.0
2700	1	0.601558	0.595458	1.26344e-29	0.0132947	-3.80527e-15
2700	2	1.8323	1.69503	4.8371e-28	1.31126e-27	1.0
2700	3	0.236651	0.916331	1.62133e-29	1.5202e-28	1.0
2700	4	0.887986	1.75587	1.49293e-30	9.39882e-28	-1.0
2700	5	0.776314	0.605514	2.38869e-29	0.000901101	1.50852e-14
2700	6	1.25996	1.95383	5.70523e-29	2.47634e-27	1.0
2700	7	1.05837	1.50568	1.09021e-28	2.70258e-28	1.0
2700	8	1.46831	1.28626	1.3675e-07	2.5955e-09	1.0
2700	9	0.992411	0.767218	7.1266e-29	1.09021e-28	-1.0
2700	10	0.894883	0.768444	0.00308276	0.00202302	1.0
2800	1	0.601558	0.637676	1.26344e-29	0.0154593	-8.37805e-15
2800	2	1.8323	1.69503	4.8371e-28	1.31126e-27	1.0
2800	3	0.236651	0.916331	1.62133e-29	1.5202e-28	1.0
2800	4	0.887986	1.75587	1.49293e-30	9.39882e-28	-1.0
2800	5	0.776314	0.598919	2.38869e-29	3.08457e-31	1.0
2800	6	1.61613	2.13429	1.18497e-28	3.86929e-29	-1.0
2800	7	1.05837	1.50568	1.09021e-28	2.70258e-28	1.0
2800	8	1.4683	1.28626	3.31851e-28	1.23383e-30	-1.0
2800	9	1.17757	1.04126	0.000549638	0.00120404	1.0
2800	10	0.81548	0.704121	0.000419721	0.000275436	1.0
2900	1	0.601558	0.599183	1.26344e-29	0.0135088	-4.76509e-15
2900	2	1.89823	1.85027	2.2391e-27	8.91781e-06	5.96437e-12
2900	3	0.429577	0.916331	3.1586e-30	1.5202e-28	-1.0
2900	4	0.887986	1.75587	1.49293e-30	9.39882e-28	-1.0
2900	5	0.868474	0.754901	1.80645e-28	1.20928e-28	-1.0
2900	6	1.61613	2.13429	1.18497e-28	3.86929e-29	-1.0
2900	7	1.05837	1.50568	1.09021e-28	2.70258e-28	1.0
2900	8	1.46824	1.2862	1.36537e-06	2.00865e-06	1.0
2900	9	1.18349	1.05003	7.10686e-30	3.86929e-29	1.0
2900	10	0.988415	0.924751	3.98338e-05	6.33873e-05	1.0
3000	1	0.601558	0.641046	1.26344e-29	0.0152223	-8.08559e-15
3000	2	2.078	2.03803	6.46982e-05	7.04335e-05	1.0
3000	3	0.429577	0.916331	3.1586e-30	1.5202e-28	-1.0
3000	4	0.887986	1.75587	1.49293e-30	9.39882e-28	-1.0
3000	5	0.868474	0.754901	1.80645e-28	1.20928e-28	-1.0
3000	6	1.61613	2.13429	1.18497e-28	3.86929e-29	-1.0
3000	7	1.05837	1.50568	1.09021e-28	2.70258e-28	1.0
3000	8	1.6757	1.70796	4.64364e-28	2.3497e-28	1.0
3000	9	1.25031	1.13867	2.63003e-28	1.09021e-28	-1.0
3000	10	1.0003	0.922869	0.000375499	1.71644e-05	-1.0
3100	1	0.601558	0.60344	1.26344e-29	0.0141604	-5.10035e-15
3100	2	2.07872	2.03878	6.41394e-28	2.84274e-29	-1.0
3100	3	0.429577	0.916331	3.1586e-30	1.5202e-28	-1.0
3100	4	0.887986	1.75587	1.49293e-30	9.39882e-28	-1.0
3100	5	0.868474	0.754901	1.80645e-28	1.20928e-28	-1.0
3100	6	1.61613	2.13429	1.18497e-28	3.86929e-29	-1.0
3100	7	1.05837	1.50568	1.09021e-28	2.70258e-28	1.0
3100	8	1.6757	1.70796	4.64364e-28	2.3497e-28	1.0
3100	9	1.25031	1.13867	2.63003e-28	1.09021e-28	-1.0
3100	10	1.08118	0.918115	0.000479776	0.000169326	0.988584
3200	1	0.871106	0.839164	6.21973e-29	0.0160609	4.51746e-14
3200	2	2.07872	2.03878	6.41394e-28	2.84274e-29	-1.0
3200	3	0.429577	0.916331	3.1586e-30	1.5202e-28	-1.0
3200	4	0.887986	1.75587	1.49293e-30	9.39882e-28	-1.0
3200	5	0.868474	0.754901	1.80645e-28	1.20928e-28	-1.0
3200	6	1.61613	2.13429	1.18497e-28	3.86929e-29	-1.0
3200	7	1.11218	1.57741	1.77671e-28	8.7059e-29	-1.0
3200	8	1.6757	1.70796	4.64364e-28	2.3497e-28	1.0
3200	9	1.25031	1.13867	2.63003e-28	1.09021e-28	-1.0
3200	10	1.14209	0.954468	4.36085e-28	1.78165e-29	1.0
3300	1	0.851898	0.948344	0.00116149	0.0184428	0.408884
3300	2	2.07921	2.03919	8.01885e-05	5.41864e-05	1.0
3300	3	0.429577	1.35444	3.1586e-30	6.19086e-28	-1.0
3300	4	0.892916	1.76282	0.000479569	0.000952014	1.0
3300	5	0.868474	0.754901	1.80645e-28	1.20928e-28	-1.0
3300	6	1.61613	2.13429	1.18497e-28	3.86929e-29	-1.0
3300	7	1.36077	1.57741	4.93532e-28	8.7059e-29	1.0
3300	8	1.6757	1.70796	4.64364e-28	2.3497e-28	1.0
3300	9	1.25031	1.13867	2.63003e-28	1.09021e-28	-1.0
3300	10	1.14209	0.954468	4.36085e-28	1.78165e-29	1.0
3400	1	0.893275	0.983417	1.66024e-28	0.0146144	1.37225e-13
3400	2	2.40603	2.30784	1.77671e-28	8.59929e-28	-1.0
3400	3	0.429577	1.35444	3.1586e-30	6.19086e-28	-1.0
3400	4	1.07761	2.02304	1.28368e-28	6.64096e-28	1.0
3400	5	0.868474	0.754901	1.80645e-28	1.20928e-28	-1.0
3400	6	1.61613	2.13429	1.18497e-28	3.86929e-29	-1.0
3400	7	1.36077	1.57741	4.93532e-28	8.7059e-29	1.0
3400	8	1.6757	1.70796	4.64364e-28	2.3497e-28	1.0
3400	9	1.25031	1.13867	2.63003e-28	1.09021e-28	-1.0
3400	10	1.14209	0.954468	4.36085e-28	1.78165e-29	1.0
3500	1	0.893275	1.01322	1.66024e-28	0.0151894	1.32177e-13
3500	2	2.40603	2.30784	1.77671e-28	8.59929e-28	-1.0
3500	3	0.429577	1.35444	3.1586e-30	6.19086e-28	-1.0
3500	4	1.07761	2.02304	1.28368e-28	6.64096e-28	1.0
3500	5	0.868474	0.754901	1.80645e-28	1.20928e-28	-1.0
3500	6	1.61613	2.13429	1.18497e-28	3.86929e-29	-1.0
3500	7	1.3607	1.57737	3.69221e-06	1.35663e-06	1.0
3500	8	1.6757	1.70796	4.64364e-28	2.3497e-28	1.0
3500	9	1.34884	1.33532	9.88083e-06	3.86929e-29	-6.51093e-12
3500	10	1.14209	0.954609	3.9304e-11	2.85e-06	-1.0
3600	1	1.16186	1.21072	7.10686e-28	0.0136576	-7.33038e-14
3600	2	2.40603	2.30784	1.77671e-28	8.59929e-28	-1.0
3600	3	0.429577	1.35444	3.1586e-30	6.19086e-28	-1.0
3600	4	1.26834	2.09323	0.000582019	7.88186e-05	1.0
3600	5	0.868474	0.754901	1.80645e-28	1.20928e-28	-1.0
3600	6	1.61613	2.13429	1.18497e-28	3.86929e-29	-1.0
3600	7	1.64197	1.88869	7.50662e-29	1.37641e-27	-1.0
3600	8	1.81549	1.7508	0.00413881	0.000388651	1.0
3600	9	1.34837	1.33532	4.45412e-28	3.86929e-29	-1.0
3600	10	1.14201	0.994939	4.34492e-06	4.08136e-08	-1.0
3700	1	1.16186	1.17613	7.10686e-28	0.0119496	-9.77308e-14
3700	2	2.40603	2.30784	1.77671e-28	8.59929e-28	-1.0
3700	3	0.429577	1.35444	3.1586e-30	6.19086e-28	-1.0
3700	4	1.27465	2.09555	4.26855e-28	1.89714e-28	-1.0
3700	5	0.868474	0.754901	1.80645e-28	1.20928e-28	-1.0
3700	6	1.61613	2.13518	1.18497e-28	9.89818e-05	-6.52682e-13
3700	7	1.64197	1.88869	7.50662e-29	1.37641e-27	-1.0
3700	8	1.87356	1.76859	9.8119e-28	1.54772e-28	1.0
3700	9	1.34909	1.3361	0.000102556	0.000123615	1.0
3700	10	1.2335	1.0142	2.39616e-06	8.7059e-29	3.81278e-12
3800	1	1.16186	1.19405	7.10686e-28	0.0137371	-8.97245e-14
3800	2	2.40603	2.30784	1.77671e-28	8.59929e-28	-1.0
3800	3	0.429577	1.35444	3.1586e-30	6.19086e-28	-1.0
3800	4	1.27465	2.09555	4.26855e-28	1.89714e-28	-1.0
3800	5	0.868474	0.754901	1.80645e-28	1.20928e-28	-1.0
3800	6	1.61613	2.13429	1.18497e-28	3.86929e-29	-1.0
3800	7	1.64197	1.88869	7.50662e-29	1.37641e-27	-1.0
3800	8	1.87356	1.76859	9.8119e-28	1.54772e-28	1.0
3800	9	1.63538	1.65042	3.56577e-28	5.65044e-28	1.0
3800	10	1.2339	1.0142	4.44178e-29	8.7059e-29	1.0
3900	1	1.16186	1.23875	7.10686e-28	0.0159732	-7.09785e-14
3900	2	2.40603	2.30784	1.77671e-28	8.59929e-28	-1.0
3900	3	0.429577	1.35444	3.1586e-30	6.19086e-28	-1.0
3900	4	1.27465	2.15359	4.26855e-28	1.93484e-27	1.0
3900	5	0.868474	0.754901	1.80645e-28	1.20928e-28	-1.0
3900	6	1.61613	2.13429	1.18497e-28	3.86929e-29	-1.0
3900	7	1.64197	1.88869	7.50662e-29	1.37641e-27	-1.0
3900	8	2.13701	2.08068	1.05201e-27	7.10686e-28	1.0
3900	9	1.63538	1.65042	3.56577e-28	5.65044e-28	1.0
3900	10	1.2339	1.0142	4.44178e-29	8.7059e-29	1.0
4000	1	1.16186	1.2258	7.10686e-28	0.0150868	-6.45571e-14
4000	2	2.40603	2.30784	1.77671e-28	8.59929e-28	-1.0
4000	3	0.429577	1.35444	3.1586e-30	6.19086e-28	-1.0
4000	4	1.27542	2.15484	9.81245e-05	0.000288537	0.773926
4000	5	0.868474	0.754901	1.80645e-28	1.20928e-28	-1.0
4000	6	1.61613	2.13429	1.18497e-28	3.86929e-29	-1.0
4000	7	1.64197	1.88869	7.50662e-29	1.37641e-27	-1.0
4000	8	2.13701	2.08068	1.05201e-27	7.10686e-28	1.0
4000	9	1.63538	1.65042	3.56577e-28	5.65044e-28	1.0
4000	10	1.2339	1.0142	4.44178e-29	8.7059e-29	1.0
4100	1	1.16186	1.21108	7.10686e-28	0.0136928	-7.62775e-14
4100	2	2.40603	2.30784	1.77671e-28	8.59929e-28	-1.0
4100	3	0.701825	1.59011	2.66618e-28	1.60348e-28	1.0
4100	4	1.53106	2.79028	8.21286e-28	0.000197659	3.44654e-14
4100	5	1.00139	0.856705	0.00814034	0.00477553	1.0
4100	6	1.90226	2.59678	3.00265e-28	8.59929e-28	1.0
4100	7	1.64197	1.88869	7.50662e-29	1.37641e-27	-1.0
4100	8	2.13701	2.08068	1.05201e-27	7.10686e-28	1.0
4100	9	1.63538	1.65042	3.56577e-28	5.65044e-28	1.0
4100	10	1.2339	0.992821	4.44178e-29	9.62712e-06	-2.41118e-12
4200	1	1.16186	1.21817	7.10686e-28	0.0150988	-8.58151e-14
4200	2	2.40759	2.30912	0.000185367	0.000123463	1.0
4200	3	0.701825	1.59011	2.66618e-28	1.60348e-28	1.0
4200	4	1.53106	2.79117	8.21286e-28	7.89651e-31	1.0
4200	5	1.18315	0.948813	6.62548e-06	2.02151e-28	-7.90992e-12
4200	6	1.90208	2.59644	7.88891e-06	2.97346e-05	1.0
4200	7	1.91844	2.2408	4.36085e-28	5.75655e-28	1.0
4200	8	2.1217	2.15057	6.87193e-28	5.1347e-28	-1.0
4200	9	1.63538	1.65042	3.56577e-28	5.65044e-28	1.0
4200	10	1.2339	0.99193	4.44178e-29	1.18497e-28	-1.0
4300	1	1.16186	1.21409	7.10686e-28	0.0147688	-7.55168e-14
4300	2	2.6463	2.50393	3.48236e-28	1.26344e-29	1.0
4300	3	0.701825	1.59011	2.66618e-28	1.60348e-28	1.0
4300	4	1.53106	2.79117	8.21286e-28	7.89651e-31	1.0
4300	5	1.18336	0.948813	4.08694e-28	2.02151e-28	-1.0
4300	6	1.90226	2.59678	3.00265e-28	8.59929e-28	1.0
4300	7	1.91844	2.2408	4.36085e-28	5.75655e-28	1.0
4300	8	2.1217	2.15057	6.87193e-28	5.1347e-28	-1.0
4300	9	1.63538	1.65042	3.56577e-28	5.65044e-28	1.0
4300	10	1.2339	0.99193	4.44178e-29	1.18497e-28	-1.0
4400	1	1.1731	1.19476	5.90542e-05	0.0139568	0.010235
4400	2	2.82193	2.68237	0.000540809	0.000558244	1.0
4400	3	0.701825	1.59011	2.66618e-28	1.60348e-28	1.0
4400	4	1.53106	2.79117	8.21286e-28	7.89651e-31	1.0
4400	5	1.18336	0.948813	4.08694e-28	2.02151e-28	-1.0
4400	6	1.90226	2.59678	3.00265e-28	8.59929e-28	1.0
4400	7	1.91844	2.2408	4.36085e-28	5.75655e-28	1.0
4400	8	2.1217	2.15057	6.87193e-28	5.1347e-28	-1.0
4400	9	1.63538	1.65042	3.56577e-28	5.65044e-28	1.0
4400	10	1.2339	0.99193	4.44178e-29	1.18497e-28	-1.0
4500	1	1.18412	1.22438	7.10686e-30	0.0153645	6.47151e-14
4500	2	2.82811	2.68865	6.64096e-28	1.08103e-27	1.0
4500	3	0.754828	1.67003	5.05376e-29	6.9889e-28	1.0
4500	4	1.53106	2.79117	8.21286e-28	7.89651e-31	1.0
4500	5	1.18336	0.948813	4.08694e-28	2.02151e-28	-1.0
4500	6	1.90226	2.59678	3.00265e-28	8.59929e-28	1.0
4500	7	1.91844	2.2408	4.36085e-28	5.75655e-28	1.0
4500	8	2.1217	2.15057	6.87193e-28	5.1347e-28	-1.0
4500	9	1.63543	1.65055	2.4668e-06	1.65979e-05	1.0
4500	10	1.2339	0.99193	4.44178e-29	1.18497e-28	-1.0
4600	1	1.54841	1.47709	1.78165e-29	0.015968	1.43383e-15
4600	2	2.68458	2.54324	0.00101045	0.00103714	1.0
4600	3	0.754828	1.67003	5.05376e-29	6.9889e-28	1.0
4600	4	1.53106	2.79117	8.21286e-28	7.89651e-31	1.0
4600	5	1.18336	0.948813	4.08694e-28	2.02151e-28	-1.0
4600	6	1.90226	2.59678	3.00265e-28	8.59929e-28	1.0
4600	7	1.91844	2.2408	4.36085e-28	5.75655e-28	1.0
4600	8	2.1217	2.15057	6.87193e-28	5.1347e-28	-1.0
4600	9	1.63538	1.65042	3.56577e-28	5.65044e-28	1.0
4600	10	1.2339	0.99193	4.44178e-29	1.18497e-28	-1.0
4700	1	1.54841	1.45421	1.78165e-29	0.0157842	8.53129e-15
4700	2	2.67073	2.52921	1.59904e-29	1.97413e-27	-1.0
4700	3	0.754828	1.67003	5.05376e-29	6.9889e-28	1.0
4700	4	1.53106	2.79117	8.21286e-28	7.89651e-31	1.0
4700	5	1.33658	1.14139	0.000133892	0.000446432	1.0
4700	6	1.90226	2.59678	3.00265e-28	8.59929e-28	1.0
4700	7	1.91844	2.2408	4.36085e-28	5.75655e-28	1.0
4700	8	2.1217	2.15057	6.87193e-28	5.1347e-28	-1.0
4700	9	1.63538	1.65042	3.56577e-28	5.65044e-28	1.0
4700	10	1.2339	0.99193	4.44178e-29	1.18497e-28	-1.0
4800	1	1.54841	1.46024	1.78165e-29	0.0161351	5.31452e-15
4800	2	2.67073	2.52921	1.59904e-29	1.97413e-27	-1.0
4800	3	0.754828	1.67003	5.05376e-29	6.9889e-28	1.0
4800	4	1.53106	2.79117	8.21286e-28	7.89651e-31	1.0
4800	5	1.4638	1.3737	2.4183e-28	1.43914e-28	1.0
4800	6	1.90226	2.59678	3.00265e-28	8.59929e-28	1.0
4800	7	1.91844	2.2408	4.36085e-28	5.75655e-28	1.0
4800	8	2.1217	2.15057	6.87193e-28	5.1347e-28	-1.0
4800	9	1.63538	1.65042	3.56577e-28	5.65044e-28	1.0
4800	10	1.2339	0.99193	4.44178e-29	1.18497e-28	-1.0
4900	1	1.54841	1.44161	1.78165e-29	0.0149223	1.0623e-14
4900	2	2.67073	2.52921	1.59904e-29	1.97413e-27	-1.0
4900	3	0.754828	1.67003	5.05376e-29	6.9889e-28	1.0
4900	4	1.53106	2.79117	8.21286e-28	7.89651e-31	1.0
4900	5	1.4638	1.37365	2.4183e-28	1.38373e-06	1.00067e-11
4900	6	1.90226	2.59678	3.00265e-28	8.59929e-28	1.0
4900	7	1.91844	2.2408	4.36085e-28	5.75655e-28	1.0
4900	8	2.1217	2.15057	6.87193e-28	5.1347e-28	-1.0
4900	9	1.63538	1.65042	3.56577e-28	5.65044e-28	1.0
4900	10	1.2339	0.99193	4.44178e-29	1.18497e-28	-1.0
5000	1	1.54841	1.46112	1.78165e-29	0.0155636	9.45118e-15
5000	2	2.67073	2.52921	1.59904e-29	1.97413e-27	-1.0
5000	3	0.754828	1.67003	5.05376e-29	6.9889e-28	1.0
5000	4	1.53106	2.79117	8.21286e-28	7.89651e-31	1.0
5000	5	1.4638	1.3737	2.4183e-28	1.43914e-28	1.0
5000	6	1.89839	2.58086	7.05004e-05	0.00119229	1.0
5000	7	1.91844	2.2408	4.36085e-28	5.75655e-28	1.0
5000	8	2.1217	2.15057	6.87193e-28	5.1347e-28	-1.0
5000	9	1.63856	1.76191	0.000133587	6.09423e-05	0.975122
5000	10	1.25534	0.99193	2.29893e-07	1.18497e-28	-4.34339e-11
5100	1	1.54841	1.42653	1.78165e-29	0.0143227	-2.44981e-15
5100	2	2.67073	2.52921	1.59904e-29	1.97413e-27	-1.0
5100	3	0.864619	1.81472	1.95883e-28	8.34068e-28	1.0
5100	4	1.53106	2.79117	8.21286e-28	7.89651e-31	1.0
5100	5	1.4638	1.3737	2.4183e-28	1.43914e-28	1.0
5100	6	1.86362	2.43791	1.49401e-06	2.52664e-05	1.0
5100	7	2.02454	2.49476	1.43914e-28	3.49203e-27	1.0
5100	8	2.1385	2.31069	3.82191e-28	3.00265e-28	-1.0
5100	9	1.90382	1.93033	0.000653889	0.000508365	0.509804
5100	10	1.25536	0.99193	4.36085e-28	1.18497e-28	-1.0
5200	1	1.54841	1.43239	1.78165e-29	0.0145199	-1.86305e-16
5200	2	2.67073	2.52921	1.59904e-29	1.97413e-27	-1.0
5200	3	0.864619	1.81472	1.95883e-28	8.34068e-28	1.0
5200	4	1.53106	2.79303	8.21286e-28	0.00012128	9.49406e-14
5200	5	1.4638	1.3737	2.4183e-28	1.43914e-28	1.0
5200	6	1.86355	2.43759	1.06647e-27	2.09435e-27	1.0
5200	7	2.02454	2.49476	1.43914e-28	3.49203e-27	1.0
5200	8	2.40639	2.56282	1.79602e-05	1.59084e-05	1.0
5200	9	1.97172	2.15483	1.11335e-06	5.75336e-05	1.0
5200	10	1.32859	1.17367	1.34203e-06	8.26569e-06	1.0
5300	1	1.54841	1.43256	1.78165e-29	0.0148818	4.90112e-15
5300	2	2.67073	2.52921	1.59904e-29	1.97413e-27	-1.0
5300	3	0.864619	1.81472	1.95883e-28	8.34068e-28	1.0
5300	4	1.53106	2.92461	8.21286e-28	2.38869e-29	-1.0
5300	5	1.4638	1.3737	2.4183e-28	1.43914e-28	1.0
5300	6	1.86355	2.43759	1.06647e-27	2.09435e-27	1.0
5300	7	2.02454	2.49476	1.43914e-28	3.49203e-27	1.0
5300	8	2.40653	2.56295	1.56371e-27	1.05201e-27	1.0
5300	9	1.97179	2.15537	2.65638e-27	1.3274e-27	-1.0
5300	10	1.32863	1.17376	3.08013e-28	2.48789e-28	-1.0
5400	1	1.54841	1.44019	1.78165e-29	0.015075	8.72653e-15
5400	2	2.67073	2.52921	1.59904e-29	1.97413e-27	-1.0
5400	3	0.864619	1.81472	1.95883e-28	8.34068e-28	1.0
5400	4	1.53106	2.92461	8.21286e-28	2.38869e-29	-1.0
5400	5	1.4638	1.3737	2.4183e-28	1.43914e-28	1.0
5400	6	1.86355	2.43759	1.06647e-27	2.09435e-27	1.0
5400	7	2.02454	2.49476	1.43914e-28	3.49203e-27	1.0
5400	8	2.40653	2.56295	1.56371e-27	1.05201e-27	1.0
5400	9	1.97179	2.15537	2.65638e-27	1.3274e-27	-1.0
5400	10	1.32863	1.17376	3.08013e-28	2.48789e-28	-1.0
5500	1	1.54841	1.43044	1.78165e-29	0.0148188	1.18404e-14
5500	2	2.87535	2.83496	1.63477e-27	4.20805e-27	1.0
5500	3	0.864619	1.81472	1.95883e-28	8.34068e-28	1.0
5500	4	2.04715	3.39478	1.52876e-27	2.28209e-28	1.0
5500	5	1.4638	1.3737	2.4183e-28	1.43914e-28	1.0
5500	6	1.86355	2.43759	1.06647e-27	2.09435e-27	1.0
5500	7	2.24619	2.67133	1.23205e-27	6.87193e-28	1.0
5500	8	2.40653	2.56295	1.56371e-27	1.05201e-27	1.0
5500	9	1.97179	2.15537	2.65638e-27	1.3274e-27	-1.0
5500	10	1.32863	1.17376	3.08013e-28	2.48789e-28	-1.0
5600	1	1.54841	1.43629	1.78165e-29	0.0149072	1.39426e-14
5600	2	2.87535	2.83496	1.63477e-27	4.20805e-27	1.0
5600	3	0.864619	1.81472	1.95883e-28	8.34068e-28	1.0
5600	4	2.04715	3.39478	1.52876e-27	2.28209e-28	1.0
5600	5	1.4638	1.3737	2.4183e-28	1.43914e-28	1.0
5600	6	1.86355	2.43759	1.06647e-27	2.09435e-27	1.0
5600	7	2.24619	2.67133	1.23205e-27	6.87193e-28	1.0
5600	8	2.40653	2.56295	1.56371e-27	1.05201e-27	1.0
5600	9	1.97179	2.15537	2.65638e-27	1.3274e-27	-1.0
5600	10	1.32863	1.17376	3.08013e-28	2.48789e-28	-1.0
5700	1	1.54841	1.44835	1.78165e-29	0.0143939	-6.25248e-15
5700	2	2.87535	2.83496	1.63477e-27	4.20805e-27	1.0
5700	3	0.864619	1.81472	1.95883e-28	8.34068e-28	1.0
5700	4	2.04715	3.39478	1.52876e-27	2.28209e-28	1.0
5700	5	1.4638	1.3737	2.4183e-28	1.43914e-28	1.0
5700	6	1.86355	2.43759	1.06647e-27	2.09435e-27	1.0
5700	7	2.24619	2.67133	1.23205e-27	6.87193e-28	1.0
5700	8	2.40653	2.56295	1.56371e-27	1.05201e-27	1.0
5700	9	1.97179	2.15537	2.65638e-27	1.3274e-27	-1.0
5700	10	1.32863	1.17376	3.08013e-28	2.48789e-28	-1.0
5800	1	1.54841	1.43452	1.78165e-29	0.0150785	8.03364e-15
5800	2	2.87535	2.83496	1.63477e-27	4.20805e-27	1.0
5800	3	0.864619	1.81472	1.95883e-28	8.34068e-28	1.0
5800	4	2.386	3.67941	8.62015e-05	6.08215e-05	1.0
5800	5	1.4638	1.3737	2.4183e-28	1.43914e-28	1.0
5800	6	1.86355	2.43759	1.06647e-27	2.09435e-27	1.0
5800	7	2.24619	2.67133	1.23205e-27	6.87193e-28	1.0
5800	8	2.40653	2.56295	1.56371e-27	1.05201e-27	1.0
5800	9	1.97179	2.15537	2.65638e-27	1.3274e-27	-1.0
5800	10	1.32863	1.17376	3.08013e-28	2.48789e-28	-1.0
5900	1	1.54841	1.45421	1.78165e-29	0.0160992	1.37576e-14
5900	2	2.87535	2.83496	1.63477e-27	4.20805e-27	1.0
5900	3	0.871528	1.91861	3.48236e-28	1.09569e-27	-1.0
5900	4	2.38651	3.67984	7.10686e-30	4.44178e-27	1.0
5900	5	1.4638	1.3737	2.4183e-28	1.43914e-28	1.0
5900	6	1.86355	2.43759	1.06647e-27	2.09435e-27	1.0
5900	7	2.24619	2.67133	1.23205e-27	6.87193e-28	1.0
5900	8	2.53185	2.82916	1.1371e-28	1.3274e-27	-1.0
5900	9	1.99461	2.17058	1.2149e-05	5.39336e-06	1.0
5900	10	1.32863	1.17376	3.08013e-28	2.48789e-28	-1.0
6000	1	1.54841	1.43647	1.78165e-29	0.0142597	5.95009e-15
6000	2	2.87535	2.83496	1.63477e-27	4.20805e-27	1.0
6000	3	0.909102	2.00995	1.25863e-28	2.30262e-27	1.0
6000	4	2.54266	3.68987	0.000139497	0.000608143	1.0
6000	5	1.4638	1.3737	2.4183e-28	1.43914e-28	1.0
6000	6	2.04187	2.68119	1.20106e-27	1.05201e-27	1.0
6000	7	2.53762	2.97342	5.05376e-29	1.66024e-28	1.0
6000	8	2.69102	3.04622	4.93532e-28	3.65016e-28	1.0
6000	9	1.99568	2.17129	8.59929e-28	7.58854e-28	1.0
6000	10	1.91862	1.66008	8.73008e-28	5.86365e-28	-1.0
6100	1	1.54858	1.45169	3.05709e-05	0.015963	0.0871925
6100	2	2.87535	2.83496	1.63477e-27	4.20805e-27	1.0
6100	3	0.909102	2.00995	1.25863e-28	2.30262e-27	1.0
6100	4	2.67581	3.59927	0.00162215	0.00698642	0.9976
6100	5	1.4638	1.3737	2.4183e-28	1.43914e-28	1.0
6100	6	2.04187	2.68119	1.20106e-27	1.05201e-27	1.0
6100	7	2.53762	2.97342	5.05376e-29	1.66024e-28	1.0
6100	8	2.69102	3.04622	4.93532e-28	3.65016e-28	1.0
6100	9	1.99568	2.17129	8.59929e-28	7.58854e-28	1.0
6100	10	1.91862	1.66008	8.73008e-28	5.86365e-28	-1.0
6200	1	1.54841	1.45101	1.78165e-29	0.0140608	-3.78683e-15
6200	2	2.87535	2.83496	1.63477e-27	4.20805e-27	1.0
6200	3	1.01355	2.13516	0.00731131	0.0105054	1.0
6200	4	2.65369	3.55291	0.00151913	0.00662273	1.0
6200	5	1.4638	1.3737	2.4183e-28	1.43914e-28	1.0
6200	6	2.04187	2.68119	1.20106e-27	1.05201e-27	1.0
6200	7	2.53762	2.97342	5.05376e-29	1.66024e-28	1.0
6200	8	2.69102	3.04622	4.93532e-28	3.65016e-28	1.0
6200	9	1.99568	2.17129	8.59929e-28	7.58854e-28	1.0
6200	10	1.91862	1.66008	8.73008e-28	5.86365e-28	-1.0
6300	1	1.54841	1.47336	1.78165e-29	0.0155539	-1.61798e-15
6300	2	2.87535	2.83496	1.63477e-27	4.20805e-27	1.0
6300	3	1.27947	2.57857	7.7797e-05	0.000384526	1.0
6300	4	2.65307	3.55161	0.00150724	0.00657088	1.0
6300	5	1.80034	1.79904	3.56577e-28	1.23383e-28	-1.0
6300	6	2.04187	2.68119	1.20106e-27	1.05201e-27	1.0
6300	7	2.53762	2.97342	5.05376e-29	1.66024e-28	1.0
6300	8	2.69102	3.04622	4.93532e-28	3.65016e-28	1.0
6300	9	1.99568	2.17129	8.59929e-28	7.58854e-28	1.0
6300	10	1.91862	1.66008	8.73008e-28	5.86365e-28	-1.0
6400	1	1.54841	1.46325	1.78165e-29	0.0155588	-3.61726e-15
6400	2	2.87535	2.83496	1.63477e-27	4.20805e-27	1.0
6400	3	1.29714	2.60365	0.000807044	0.00148376	1.0
6400	4	2.65054	3.54632	0.00149162	0.00650277	1.0
6400	5	1.79969	1.79904	1.00925e-05	1.23383e-28	-5.86285e-12
6400	6	2.04187	2.68119	1.20106e-27	1.05201e-27	1.0
6400	7	2.94187	3.3382	3.08457e-27	1.89714e-28	1.0
6400	8	2.69102	3.04622	4.93532e-28	3.65016e-28	1.0
6400	9	1.99568	2.17129	8.59929e-28	7.58854e-28	1.0
6400	10	1.91862	1.66008	8.73008e-28	5.86365e-28	-1.0
6500	1	1.60057	1.52063	1.51144e-27	0.0154472	-7.93754e-14
6500	2	2.87535	2.83496	1.63477e-27	4.20805e-27	1.0
6500	3	1.42894	2.76503	0.00233615	0.00149598	1.0
6500	4	3.11856	3.81344	0.0258957	0.0146353	0.987754
6500	5	1.79939	1.79904	1.51175e-05	1.23383e-28	-4.78022e-12
6500	6	2.04187	2.68119	1.20106e-27	1.05201e-27	1.0
6500	7	2.94187	3.3382	3.08457e-27	1.89714e-28	1.0
6500	8	2.69102	3.04622	4.93532e-28	3.65016e-28	1.0
6500	9	1.99568	2.17129	8.59929e-28	7.58854e-28	1.0
6500	10	1.91862	1.66008	8.73008e-28	5.86365e-28	-1.0
6600	1	1.60057	1.49065	1.51144e-27	0.0136299	-7.08683e-14
6600	2	2.87535	2.83496	1.63477e-27	4.20805e-27	1.0
6600	3	1.57396	2.88108	8.34068e-28	2.38869e-27	1.0
6600	4	3.47148	3.88776	1.05201e-27	1.70742e-27	1.0
6600	5	1.77022	1.80042	3.39358e-05	2.41812e-05	0.103023
6600	6	2.04187	2.68119	1.20106e-27	1.05201e-27	1.0
6600	7	2.94187	3.62452	3.08457e-27	3.98063e-27	1.0
6600	8	2.70895	3.08417	0.000839742	0.00376209	1.0
6600	9	1.99568	2.17129	8.59929e-28	7.58854e-28	1.0
6600	10	1.91862	1.66008	8.73008e-28	5.86365e-28	-1.0
6700	1	1.60057	1.50236	1.51144e-27	0.0144065	-7.54921e-14
6700	2	2.87535	2.83496	1.63477e-27	4.20805e-27	1.0
6700	3	1.5804	2.88385	0.000270723	5.01376e-05	1.0
6700	4	3.47148	3.88776	1.05201e-27	1.70742e-27	1.0
6700	5	1.76793	1.83492	1.43914e-28	3.65016e-28	-1.0
6700	6	2.04187	2.68119	1.20106e-27	1.05201e-27	1.0
6700	7	2.94187	3.62452	3.08457e-27	3.98063e-27	1.0
6700	8	2.8052	3.28789	4.26589e-27	1.46006e-27	1.0
6700	9	1.99568	2.17129	8.59929e-28	7.58854e-28	1.0
6700	10	1.91862	1.66008	8.73008e-28	5.86365e-28	-1.0
6800	1	1.60057	1.51088	1.51144e-27	0.0148505	-6.73632e-14
6800	2	2.87535	2.83496	1.63477e-27	4.20805e-27	1.0
6800	3	1.66803	2.92156	5.44119e-28	4.74284e-27	-1.0
6800	4	3.57053	3.88776	3.49203e-27	1.70742e-27	-1.0
6800	5	1.76793	1.83492	1.43914e-28	3.65016e-28	-1.0
6800	6	2.04187	2.68119	1.20106e-27	1.05201e-27	1.0
6800	7	2.94187	3.62452	3.08457e-27	3.98063e-27	1.0
6800	8	2.8052	3.28789	4.26589e-27	1.46006e-27	1.0
6800	9	2.0576	2.53729	7.58854e-28	4.44178e-29	-1.0
6800	10	1.91862	1.66008	8.73008e-28	5.86365e-28	-1.0
6900	1	1.60057	1.4887	1.51144e-27	0.0136732	-6.33579e-14
6900	2	3.04177	3.00121	0.000270196	0.000269644	1.0
6900	3	1.66803	2.92156	5.44119e-28	4.74284e-27	-1.0
6900	4	3.57053	3.88776	3.49203e-27	1.70742e-27	-1.0
6900	5	1.76793	1.83492	1.43914e-28	3.65016e-28	-1.0
6900	6	2.04187	2.68119	1.20106e-27	1.05201e-27	1.0
6900	7	2.94187	3.62452	3.08457e-27	3.98063e-27	1.0
6900	8	2.8052	3.28789	4.26589e-27	1.46006e-27	1.0
6900	9	2.13871	2.63774	3.29293e-06	5.04995e-06	1.0
6900	10	1.91862	1.66008	8.73008e-28	5.86365e-28	-1.0
7000	1	1.60057	1.52897	1.51144e-27	0.0158554	-8.39853e-14
7000	2	3.27571	3.28458	5.97173e-28	2.55847e-28	-1.0
7000	3	1.66814	2.92156	1.23892e-05	4.74284e-27	-6.67637e-12
7000	4	3.57053	3.88776	3.49203e-27	1.70742e-27	-1.0
7000	5	1.76793	1.83492	1.43914e-28	3.65016e-28	-1.0
7000	6	2.04187	2.68119	1.20106e-27	1.05201e-27	1.0
7000	7	2.94187	3.62452	3.08457e-27	3.98063e-27	1.0
7000	8	2.8052	3.28789	4.26589e-27	1.46006e-27	1.0
7000	9	2.13879	2.63784	1.89595e-27	3.86929e-29	-1.0
7000	10	1.91862	1.66008	8.73008e-28	5.86365e-28	-1.0
7100	1	1.60057	1.535	1.51144e-27	0.0152048	-9.86776e-14
7100	2	3.4855	3.51879	1.10138e-05	1.37275e-05	1.0
7100	3	1.66803	2.92156	5.44119e-28	4.74284e-27	-1.0
7100	4	3.57053	3.88776	3.49203e-27	1.70742e-27	-1.0
7100	5	1.76793	1.83492	1.43914e-28	3.65016e-28	-1.0
7100	6	2.20234	2.82256	5.97393e-05	1.63477e-27	-1.55107e-12
7100	7	2.94187	3.62452	3.08457e-27	3.98063e-27	1.0
7100	8	2.8052	3.28789	4.26589e-27	1.46006e-27	1.0
7100	9	2.13879	2.63784	1.89595e-27	3.86929e-29	-1.0
7100	10	1.91862	1.66008	8.73008e-28	5.86365e-28	-1.0
7200	1	1.60057	1.55097	1.51144e-27	0.0159065	-8.34379e-14
7200	2	3.4856	3.51891	1.46006e-27	6.6836e-27	1.0
7200	3	1.66803	2.92156	5.44119e-28	4.74284e-27	-1.0
7200	4	3.8964	4.32103	9.90538e-27	9.12836e-28	1.0
7200	5	1.76793	1.83492	1.43914e-28	3.65016e-28	-1.0
7200	6	2.19939	2.82256	7.1266e-29	1.63477e-27	-1.0
7200	7	2.94187	3.62452	3.08457e-27	3.98063e-27	1.0
7200	8	2.80534	3.28809	2.02546e-05	3.97034e-05	1.0
7200	9	2.13879	2.63784	1.89595e-27	3.86929e-29	-1.0
7200	10	1.91862	1.66008	8.73008e-28	5.86365e-28	-1.0
7300	1	1.60057	1.49473	1.51144e-27	0.0143908	-6.41167e-14
7300	2	3.4856	3.51891	1.46006e-27	6.6836e-27	1.0
7300	3	1.66803	3.02925	5.44119e-28	0.000110233	-1.60339e-12
7300	4	3.8964	4.32103	9.90538e-27	9.12836e-28	1.0
7300	5	1.76793	1.83492	1.43914e-28	3.65016e-28	-1.0
7300	6	2.19939	2.82256	7.1266e-29	1.63477e-27	-1.0
7300	7	2.94184	3.62446	6.20002e-07	3.577e-06	1.0
7300	8	3.41974	4.08416	0.00117295	0.0017051	1.0
7300	9	2.13879	2.63784	1.89595e-27	3.86929e-29	-1.0
7300	10	1.91862	1.66008	8.73008e-28	5.86365e-28	-1.0
7400	1	1.60057	1.52294	1.51144e-27	0.0155512	-7.95531e-14
7400	2	3.4856	3.51891	1.46006e-27	6.6836e-27	1.0
7400	3	1.66803	3.03134	5.44119e-28	4.54839e-28	-1.0
7400	4	3.8964	4.32103	9.90538e-27	9.12836e-28	1.0
7400	5	2.08766	2.14904	6.87193e-28	3.1586e-30	1.0
7400	6	2.19939	2.82256	7.1266e-29	1.63477e-27	-1.0
7400	7	2.94187	3.62452	3.08457e-27	3.98063e-27	1.0
7400	8	3.78991	4.30576	3.48236e-28	2.85064e-28	1.0
7400	9	2.13879	2.63784	1.89595e-27	3.86929e-29	-1.0
7400	10	1.91851	1.65987	2.5442e-06	8.5531e-06	1.0
7500	1	1.60057	1.50449	1.51144e-27	0.0149878	-6.77155e-14
7500	2	3.50431	3.51891	2.93829e-27	6.6836e-27	-1.0
7500	3	1.66803	3.03134	5.44119e-28	4.54839e-28	-1.0
7500	4	3.8964	4.32103	9.90538e-27	9.12836e-28	1.0
7500	5	2.08377	2.14239	0.000259801	0.000757622	1.0
7500	6	2.19939	2.82256	7.1266e-29	1.63477e-27	-1.0
7500	7	2.94187	3.62452	3.08457e-27	3.98063e-27	1.0
7500	8	3.78991	4.30576	3.48236e-28	2.85064e-28	1.0
7500	9	2.13879	2.63784	1.89595e-27	3.86929e-29	-1.0
7500	10	1.97148	1.48493	0.000180659	0.000223964	-0.401987
7600	1	1.60057	1.51868	1.51144e-27	0.0164266	-7.77877e-14
7600	2	3.50431	3.51891	2.93829e-27	6.6836e-27	-1.0
7600	3	1.66803	3.03134	5.44119e-28	4.54839e-28	-1.0
7600	4	4.15242	4.32103	4.93532e-28	9.12836e-28	1.0
7600	5	2.06084	2.10325	0.00146582	0.00427456	1.0
7600	6	2.19939	2.82256	7.1266e-29	1.63477e-27	-1.0
7600	7	2.94187	3.62452	3.08457e-27	3.98063e-27	1.0
7600	8	3.78991	4.30576	3.48236e-28	2.85064e-28	1.0
7600	9	2.13879	2.63784	1.89595e-27	3.86929e-29	-1.0
7600	10	2.04093	1.47436	0.00127798	1.80754e-05	-1.0
7700	1	1.60057	1.70789	1.51144e-27	0.0139877	1.45056e-13
7700	2	3.50431	3.51891	2.93829e-27	6.6836e-27	-1.0
7700	3	1.66803	3.03134	5.44119e-28	4.54839e-28	-1.0
7700	4	4.15242	4.32103	4.93532e-28	9.12836e-28	1.0
7700	5	2.03205	2.05408	0.00218451	0.00637037	1.0
7700	6	2.19939	2.82256	7.1266e-29	1.63477e-27	-1.0
7700	7	2.94187	3.62452	3.08457e-27	3.98063e-27	1.0
7700	8	3.78991	4.30576	3.48236e-28	2.85064e-28	1.0
7700	9	2.13879	2.63784	1.89595e-27	3.86929e-29	-1.0
7700	10	2.06962	1.47095	0.000264535	3.7415e-06	-1.0
7800	1	1.60057	1.70398	1.51144e-27	0.0133136	1.49677e-13
7800	2	3.50431	3.51891	2.93829e-27	6.6836e-27	-1.0
7800	3	1.90789	3.26425	1.20563e-05	1.85746e-27	8.85093e-12
7800	4	4.15242	4.32103	4.93532e-28	9.12836e-28	1.0
7800	5	2.02917	2.0493	0.00230814	0.00667598	0.998623
7800	6	2.19939	2.82256	7.1266e-29	1.63477e-27	-1.0
7800	7	2.94187	3.62452	3.08457e-27	3.98063e-27	1.0
7800	8	3.78991	4.30576	3.48236e-28	2.85064e-28	1.0
7800	9	2.13879	2.63784	1.89595e-27	3.86929e-29	-1.0
7800	10	2.07492	1.47032	4.54839e-28	4.36085e-28	-1.0
7900	1	1.60057	1.7297	1.51144e-27	0.0156024	1.30565e-13
7900	2	3.50431	3.51891	2.93829e-27	6.6836e-27	-1.0
7900	3	1.90774	3.26425	9.39882e-28	1.85746e-27	1.0
7900	4	4.15242	4.32105	2.32857e-08	1.92657e-07	1.0
7900	5	2.03103	2.05233	0.00220466	0.00642914	1.0
7900	6	2.19939	2.82256	7.1266e-29	1.63477e-27	-1.0
7900	7	2.94187	3.62452	3.08457e-27	3.98063e-27	1.0
7900	8	3.78991	4.30576	3.48236e-28	2.85064e-28	1.0
7900	9	2.13879	2.63784	1.89595e-27	3.86929e-29	-1.0
7900	10	2.07492	1.47032	4.54839e-28	4.36085e-28	-1.0
8000	1	1.60057	1.70452	1.51144e-27	0.013539	1.44224e-13
8000	2	3.50431	3.51891	2.93829e-27	6.6836e-27	-1.0
8000	3	1.90774	3.26425	9.39882e-28	1.85746e-27	1.0
8000	4	4.02431	4.21479	0.000938995	0.000645862	1.0
8000	5	2.02502	2.04208	0.00228004	0.00664896	1.0
8000	6	2.19939	2.82256	7.1266e-29	1.63477e-27	-1.0
8000	7	2.94187	3.62452	3.08457e-27	3.98063e-27	1.0
8000	8	3.78991	4.30576	3.48236e-28	2.85064e-28	1.0
8000	9	2.15569	2.63784	1.72548e-05	3.86929e-29	1.22141e-12
8000	10	2.07492	1.47032	4.54839e-28	4.36085e-28	-1.0
8100	1	1.60057	1.72846	1.51144e-27	0.0144662	1.33554e-13
8100	2	3.75444	3.91072	9.67322e-30	4.74284e-27	-1.0
8100	3	1.90774	3.26425	9.39882e-28	1.85746e-27	1.0
8100	4	4.01016	4.20305	5.30961e-27	2.30262e-27	1.0
8100	5	2.02659	2.04476	0.00234854	0.00684872	1.0
8100	6	2.19939	2.82256	7.1266e-29	1.63477e-27	-1.0
8100	7	2.94187	3.62452	3.08457e-27	3.98063e-27	1.0
8100	8	3.78991	4.30576	3.48236e-28	2.85064e-28	1.0
8100	9	2.1578	2.63784	7.1266e-29	3.86929e-29	1.0
8100	10	2.07492	1.47032	4.54839e-28	4.36085e-28	-1.0
8200	1	1.60057	1.69511	1.51144e-27	0.0128537	1.48977e-13
8200	2	3.75514	3.91115	3.46564e-05	1.34886e-05	1.0
8200	3	1.90774	3.26425	9.39882e-28	1.85746e-27	1.0
8200	4	4.01016	4.20305	5.30961e-27	2.30262e-27	1.0
8200	5	2.04126	2.06981	0.00210447	0.00613697	1.0
8200	6	2.19939	2.82256	7.1266e-29	1.63477e-27	-1.0
8200	7	2.94187	3.62452	3.08457e-27	3.98063e-27	1.0
8200	8	3.78991	4.30576	3.48236e-28	2.85064e-28	1.0
8200	9	2.1578	2.63784	7.1266e-29	3.86929e-29	1.0
8200	10	2.07492	1.47032	4.54839e-28	4.36085e-28	-1.0
8300	1	1.60057	1.71693	1.51144e-27	0.0142074	1.58975e-13
8300	2	3.75444	3.91072	9.67322e-30	4.74284e-27	-1.0
8300	3	1.90418	3.26112	6.97219e-05	5.39472e-05	1.0
8300	4	4.01016	4.20305	5.30961e-27	2.30262e-27	1.0
8300	5	2.4556	2.57727	0.00243619	0.00710432	1.0
8300	6	2.19939	2.82256	7.1266e-29	1.63477e-27	-1.0
8300	7	2.94187	3.62452	3.08457e-27	3.98063e-27	1.0
8300	8	3.78991	4.30576	3.48236e-28	2.85064e-28	1.0
8300	9	2.16639	2.66685	2.14346e-05	0.000244885	1.0
8300	10	2.07492	1.47032	4.54839e-28	4.36085e-28	-1.0
8400	1	1.98348	2.19563	6.41394e-28	0.0149844	1.11008e-13
8400	2	3.75444	3.91072	9.67322e-30	4.74284e-27	-1.0
8400	3	1.86508	3.22673	3.99761e-28	3.92476e-27	1.0
8400	4	4.01016	4.20305	5.30961e-27	2.30262e-27	1.0
8400	5	2.4584	2.58205	0.00222857	0.00649887	1.0
8400	6	2.19939	2.82256	7.1266e-29	1.63477e-27	-1.0
8400	7	2.94187	3.62452	3.08457e-27	3.98063e-27	1.0
8400	8	4.05834	4.30576	5.75655e-28	2.85064e-28	1.0
8400	9	2.17131	2.68349	6.64096e-28	4.36085e-28	1.0
8400	10	2.07492	1.47032	4.54839e-28	4.36085e-28	-1.0
8500	1	1.98348	2.16796	6.41394e-28	0.0146498	1.48759e-13
8500	2	4.11355	4.4139	5.30961e-27	4.09355e-27	1.0
8500	3	1.86508	3.22673	3.99761e-28	3.92476e-27	1.0
8500	4	4.192	4.47536	1.76202e-05	1.71043e-05	1.0
8500	5	2.45049	2.56853	0.0022767	0.00663922	1.0
8500	6	2.24783	2.9969	2.38869e-29	3.59785e-27	1.0
8500	7	2.94187	3.62452	3.08457e-27	3.98063e-27	1.0
8500	8	4.05834	4.30576	5.75655e-28	2.85064e-28	1.0
8500	9	2.17131	2.68349	6.64096e-28	4.36085e-28	1.0
8500	10	2.05504	1.45613	0.00076674	0.000390341	1.0
8600	1	1.98348	2.20415	6.41394e-28	0.015627	7.6553e-14
8600	2	4.11355	4.4139	5.30961e-27	4.09355e-27	1.0
8600	3	1.86508	3.22673	3.99761e-28	3.92476e-27	1.0
8600	4	4.19219	4.47555	4.56102e-27	1.35512e-26	-1.0
8600	5	2.4579	2.58228	0.00227592	0.00653763	0.996031
8600	6	2.24783	2.9969	2.38869e-29	3.59785e-27	1.0
8600	7	2.94187	3.62452	3.08457e-27	3.98063e-27	1.0
8600	8	4.05834	4.30576	5.75655e-28	2.85064e-28	1.0
8600	9	2.17131	2.68349	6.64096e-28	4.36085e-28	1.0
8600	10	1.98142	1.40361	0.000131419	6.69045e-05	1.0
8700	1	1.99064	2.20785	0.000304092	0.0159457	0.163503
8700	2	4.11355	4.4139	5.30961e-27	4.09355e-27	1.0
8700	3	1.95617	3.33206	0.00259698	0.0034726	1.0
8700	4	4.19219	4.47555	4.56102e-27	1.35512e-26	-1.0
8700	5	2.44468	2.65752	0.00204463	0.00596247	1.0
8700	6	2.24783	2.9969	2.38869e-29	3.59785e-27	1.0
8700	7	2.94187	3.62441	3.08457e-27	1.05502e-05	1.94863e-11
8700	8	4.05834	4.30576	5.75655e-28	2.85064e-28	1.0
8700	9	2.17131	2.68349	6.64096e-28	4.36085e-28	1.0
8700	10	1.97863	1.40162	3.56577e-28	3.59785e-29	-1.0
8800	1	2.07357	2.27546	1.26344e-29	0.0136017	3.16663e-14
8800	2	4.11355	4.4139	5.30961e-27	4.09355e-27	1.0
8800	3	2.00967	3.39393	2.84274e-29	1.39294e-27	1.0
8800	4	4.19219	4.47555	4.56102e-27	1.35512e-26	-1.0
8800	5	2.43997	2.64948	0.00218276	0.00636527	1.0
8800	6	2.24783	2.9969	2.38869e-29	3.59785e-27	1.0
8800	7	2.94187	3.62452	3.08457e-27	3.98063e-27	1.0
8800	8	4.05834	4.30576	5.75655e-28	2.85064e-28	1.0
8800	9	2.17131	2.68349	6.64096e-28	4.36085e-28	1.0
8800	10	1.97863	1.40162	3.56577e-28	3.59785e-29	-1.0
8900	1	2.07357	2.26499	1.26344e-29	0.0146396	4.63943e-14
8900	2	4.45466	4.72759	0.015752	0.013321	1.0
8900	3	2.00967	3.39393	2.84274e-29	1.39294e-27	1.0
8900	4	4.52211	4.70724	6.47814e-05	4.45655e-05	1.0
8900	5	2.43254	2.6368	0.00225631	0.00657966	0.999992
8900	6	2.24783	2.9969	2.38869e-29	3.59785e-27	1.0
8900	7	2.94187	3.62452	3.08457e-27	3.98063e-27	1.0
8900	8	4.05834	4.30576	5.75655e-28	2.85064e-28	1.0
8900	9	2.17131	2.68349	6.64096e-28	4.36085e-28	1.0
8900	10	1.98204	1.40162	0.000173936	3.59785e-29	-1.27889e-12
9000	1	2.07357	2.2641	1.26344e-29	0.0138718	6.00269e-14
9000	2	4.45681	4.72956	0.0158488	0.0134028	1.0
9000	3	2.00967	3.39393	2.84274e-29	1.39294e-27	1.0
9000	4	4.52295	4.70794	1.74434e-27	7.10686e-30	1.0
9000	5	2.4266	2.62733	0.00240413	0.00710614	0.996331
9000	6	2.24783	2.9969	2.38869e-29	3.59785e-27	1.0
9000	7	2.94187	3.62452	3.08457e-27	3.98063e-27	1.0
9000	8	4.05834	4.30576	5.75655e-28	2.85064e-28	1.0
9000	9	2.17131	2.68349	6.64096e-28	4.36085e-28	1.0
9000	10	2.08714	1.40162	1.74434e-27	3.59785e-29	1.0
9100	1	2.07357	2.24601	1.26344e-29	0.0131863	1.08107e-13
9100	2	4.4463	4.71989	0.0161897	0.0136911	1.0
9100	3	2.00967	3.39393	2.84274e-29	1.39294e-27	1.0
9100	4	4.52293	4.70811	3.65872e-07	1.46881e-05	-1.0
9100	5	2.4309	2.78679	0.00227815	0.00664346	1.0
9100	6	2.24781	2.9968	1.39449e-07	4.83157e-06	1.0
9100	7	2.94187	3.62452	3.08457e-27	3.98063e-27	1.0
9100	8	4.05834	4.30576	5.75655e-28	2.85064e-28	1.0
9100	9	2.17131	2.68349	6.64096e-28	4.36085e-28	1.0
9100	10	2.08714	1.40162	1.74434e-27	3.59785e-29	1.0
9200	1	2.07357	2.30384	1.26344e-29	0.0162072	1.29586e-14
9200	2	4.46067	4.73311	0.0140094	0.0118473	1.0
9200	3	2.00967	3.39393	2.84274e-29	1.39294e-27	1.0
9200	4	4.52295	4.70794	1.74434e-27	7.10686e-30	1.0
9200	5	2.44632	2.81312	0.00209884	0.00612054	1.0
9200	6	2.24783	2.9969	2.38869e-29	3.59785e-27	1.0
9200	7	2.94187	3.62452	3.08457e-27	3.98063e-27	1.0
9200	8	4.05834	4.30576	5.75655e-28	2.85064e-28	1.0
9200	9	2.17131	2.68349	6.64096e-28	4.36085e-28	1.0
9200	10	2.08714	1.40162	1.74434e-27	3.59785e-29	1.0
9300	1	2.07357	2.26712	1.26344e-29	0.0147623	6.36078e-14
9300	2	4.44951	4.72285	0.0154638	0.0130773	1.0
9300	3	2.28083	3.69719	4.36085e-28	3.92476e-27	1.0
9300	4	4.52295	4.70794	1.74434e-27	7.10686e-30	1.0
9300	5	2.86361	3.29379	0.002107	0.00614436	1.0
9300	6	2.27226	3.0278	0.00206805	0.00330963	1.0
9300	7	2.94187	3.62452	3.08457e-27	3.98063e-27	1.0
9300	8	4.05834	4.30576	5.75655e-28	2.85064e-28	1.0
9300	9	2.17131	2.72825	6.64096e-28	0.00185471	-1.10427e-14
9300	10	2.08714	1.40162	1.74434e-27	3.59785e-29	1.0
9400	1	2.07357	2.30845	1.26344e-29	0.015053	-2.68997e-14
9400	2	4.43922	4.71338	0.0167553	0.0141695	1.0
9400	3	2.28083	3.69719	4.36085e-28	3.92476e-27	1.0
9400	4	4.52295	4.70794	1.74434e-27	7.10686e-30	1.0
9400	5	2.84055	3.25441	0.00238368	0.00695119	1.0
9400	6	2.44645	3.24816	3.03542e-27	1.85746e-27	-1.0
9400	7	2.94187	3.62452	3.08457e-27	3.98063e-27	1.0
9400	8	4.05834	4.30576	5.75655e-28	2.85064e-28	1.0
9400	9	2.44541	3.23048	7.89651e-31	2.30262e-27	1.0
9400	10	2.08714	1.40162	1.74434e-27	3.59785e-29	1.0
9500	1	2.07357	2.28787	1.26344e-29	0.0152314	3.08099e-14
9500	2	4.43814	4.7124	0.0166703	0.0140976	1.0
9500	3	2.28083	3.69719	4.36085e-28	3.92476e-27	1.0
9500	4	4.52295	4.70794	1.74434e-27	7.10686e-30	1.0
9500	5	2.84212	3.25709	0.00239991	0.00699852	1.0
9500	6	2.44645	3.24816	3.03542e-27	1.85746e-27	-1.0
9500	7	2.94187	3.62452	3.08457e-27	3.98063e-27	1.0
9500	8	4.05834	4.30576	5.75655e-28	2.85064e-28	1.0
9500	9	2.44541	3.23048	7.89651e-31	2.30262e-27	1.0
9500	10	2.08714	1.40162	1.74434e-27	3.59785e-29	1.0
9600	1	2.07357	2.29337	1.26344e-29	0.0164539	3.83998e-14
9600	2	4.42779	4.65626	0.0053835	0.0094062	0.999602
9600	3	2.28083	3.69719	4.36085e-28	3.92476e-27	1.0
9600	4	4.52295	4.70794	1.74434e-27	7.10686e-30	1.0
9600	5	2.84055	3.25441	0.00236504	0.00689684	1.0
9600	6	2.44645	3.24816	3.03542e-27	1.85746e-27	-1.0
9600	7	2.94187	3.62452	3.08457e-27	3.98063e-27	1.0
9600	8	4.41847	4.52671	7.58854e-28	9.12836e-28	1.0
9600	9	2.44541	3.23048	7.89651e-31	2.30262e-27	1.0
9600	10	2.0868	1.40128	2.25355e-05	2.26145e-05	1.0
9700	1	2.07357	2.27386	1.26344e-29	0.0144191	4.43203e-14
9700	2	4.41785	4.64299	0.00499257	0.00878205	1.0
9700	3	2.28083	3.69719	4.36085e-28	3.92476e-27	1.0
9700	4	4.52295	4.70794	1.74434e-27	7.10686e-30	1.0
9700	5	2.84089	3.25499	0.00229605	0.00669564	1.0
9700	6	2.44979	3.24816	9.59783e-05	1.85746e-27	-5.22096e-12
9700	7	2.96958	3.73173	1.92243e-07	2.87643e-06	1.0
9700	8	4.41847	4.52671	7.58854e-28	9.12836e-28	1.0
9700	9	2.44541	3.23048	7.89651e-31	2.30262e-27	1.0
9700	10	2.08714	1.40162	1.74434e-27	3.59785e-29	1.0
9800	1	2.07357	2.27067	1.26344e-29	0.0141487	2.7451e-14
9800	2	4.42189	4.64835	0.00511503	0.00899746	1.0
9800	3	2.66533	3.97399	4.54839e-28	4.54839e-28	1.0
9800	4	4.52295	4.70794	1.74434e-27	7.10686e-30	1.0
9800	5	2.85003	3.2706	0.0022336	0.00651355	1.0
9800	6	2.63249	3.24816	0.000165329	1.85746e-27	-2.15215e-12
9800	7	2.9696	3.73178	2.85064e-28	1.17046e-27	1.0
9800	8	4.45369	4.61367	6.6836e-27	1.46054e-26	1.0
9800	9	2.44541	3.23048	7.89651e-31	2.30262e-27	1.0
9800	10	2.08714	1.40162	1.74434e-27	3.59785e-29	1.0
9900	1	2.04556	2.09216	0.000216127	0.016465	0.255982
9900	2	4.5573	4.56643	0.00455236	0.0040447	0.658114
9900	3	2.6646	3.97424	1.77159e-05	2.15154e-06	-1.0
9900	4	4.52295	4.70794	1.74434e-27	7.10686e-30	1.0
9900	5	2.85774	3.28377	0.00216738	0.00632043	1.0
9900	6	2.63841	3.24816	4.73988e-28	1.85746e-27	-1.0
9900	7	2.9696	3.73178	2.85064e-28	1.17046e-27	1.0
9900	8	4.45369	4.61367	6.6836e-27	1.46054e-26	1.0
9900	9	2.44541	3.23048	7.89651e-31	2.30262e-27	1.0
9900	10	2.08714	1.40162	1.74434e-27	3.59785e-29	1.0
10000	1	2.03023	2.0608	1.38034e-05	0.015245	-0.000125062
10000	2	4.55942	4.53358	2.56557e-27	7.89651e-31	-1.0
10000	3	2.91026	4.11401	3.48236e-28	9.90538e-27	-1.0
10000	4	4.52295	4.70794	1.74434e-27	7.10686e-30	1.0
10000	5	2.84771	3.26664	0.00234917	0.00685056	1.0
10000	6	2.63841	3.24816	4.73988e-28	1.85746e-27	-1.0
10000	7	2.9696	3.73178	2.85064e-28	1.17046e-27	1.0
10000	8	4.45369	4.61367	6.6836e-27	1.46054e-26	1.0
10000	9	2.44541	3.23048	7.89651e-31	2.30262e-27	1.0
10000	10	2.23567	1.3238	3.33627e-27	8.34068e-28	-1.0
