// Initial random seed:
1030155039809741168

// RunInitializeCallbacks():
initializeMutationRate(1e-07);
initializeMutationType(1, 0.5, "n", 0, 0.5);
initializeMutationType(2, 0.5, "n", 0, 0.5);
initializeMutationType(3, 0.5, "n", 0, 0.5);
initializeGenomicElementType(1, m1, 1);
initializeGenomicElementType(2, m2, 1);
initializeGenomicElementType(3, m3, 1);
initializeGenomicElement(g3, 0, 9);
initializeGenomicElement(g1, 10, 49);
initializeGenomicElement(g2, 50, 89);
initializeRecombinationRate(0.5);

// Starting run at tick <start>:
1 

0.0
0.0
4.60517 0.0
100	1	0.0	0.0845911	0.0	0.000691455	NAN
100	2	0.0	0.0	0.0	0.0	NAN
100	3	0.0	0.0	0.0	0.0	NAN
100	4	-8.74593e-05	0.0	1.26847e-06	0.0	NAN
100	5	0.0	0.0	0.0	0.0	NAN
100	6	0.341381	0.0	6.94029e-31	0.0	NAN
100	7	0.0	0.0	0.0	0.0	NAN
100	8	0.000155585	0.000176215	1.20913e-05	1.55104e-05	1.0
100	9	0.0	0.0	0.0	0.0	NAN
100	10	0.0	0.0	0.0	0.0	NAN
200	1	0.0	0.0991753	0.0	3.2721e-07	NAN
200	2	0.0	0.0	0.0	0.0	NAN
200	3	0.0	0.0	0.0	0.0	NAN
200	4	0.0	0.0	0.0	0.0	NAN
200	5	0.162407	0.0273826	1.30323e-31	1.76411e-31	-1.0
200	6	0.341381	0.0	6.94029e-31	0.0	NAN
200	7	5.75621e-05	0.0	3.3134e-06	0.0	NAN
200	8	0.155585	0.176215	1.11353e-30	1.64377e-29	1.0
200	9	0.0	0.0	0.0	0.0	NAN
200	10	0.0	0.0	0.0	0.0	NAN
300	1	-0.0239216	0.0987228	0.000279522	5.6246e-08	-0.0039907
300	2	0.0	0.0	0.0	0.0	NAN
300	3	0.0	0.0	0.0	0.0	NAN
300	4	0.0	0.0	0.0	0.0	NAN
300	5	0.237239	0.124607	0.00378958	0.00639697	1.0
300	6	0.346712	0.0	0.000280676	0.0	NAN
300	7	0.470928	0.0	6.33614e-05	0.0	NAN
300	8	0.155585	0.176215	1.11353e-30	1.64377e-29	1.0
300	9	0.0	0.0	0.0	0.0	NAN
300	10	0.0	0.0	0.0	0.0	NAN
400	1	-0.0470435	0.14704	2.12546e-32	0.00226159	-5.77946e-15
400	2	0.0	0.0	0.0	0.0	NAN
400	3	0.0	0.0	0.0	0.0	NAN
400	4	0.0	0.0	0.0	0.0	NAN
400	5	0.342075	0.260816	4.66665e-29	1.92508e-29	1.0
400	6	0.454709	0.0013364	1.13491e-05	2.17199e-05	0.00907701
400	7	0.471284	9.93085e-05	5.70523e-29	9.86217e-06	2.25812e-16
400	8	0.22778	0.176215	4.93532e-30	1.64377e-29	1.0
400	9	0.0	0.0	0.0	0.0	NAN
400	10	0.0	0.0	0.0	0.0	NAN
500	1	-0.0470435	0.23588	2.12546e-32	2.16614e-30	-1.0
500	2	-0.0383966	-0.101247	3.25397e-05	0.0122968	0.025176
500	3	0.0	0.0	0.0	0.0	NAN
500	4	0.0	0.0	0.0	0.0	NAN
500	5	0.342023	0.260816	2.78174e-06	1.92508e-29	4.08215e-12
500	6	0.454816	0.0306516	7.71143e-30	5.59714e-05	-2.5332e-14
500	7	0.676822	0.272662	2.61078e-29	3.1586e-30	-1.0
500	8	0.22778	0.176215	4.93532e-30	1.64377e-29	1.0
500	9	0.15016	-0.109227	5.07829e-05	2.2072e-30	2.47057e-13
500	10	0.0	0.0	0.0	0.0	NAN
600	1	-0.0470435	0.23588	2.12546e-32	2.16614e-30	-1.0
600	2	0.154427	-0.335256	1.09202e-29	3.59785e-29	-1.0
600	3	0.0	0.0	0.0	0.0	NAN
600	4	0.0	0.0	0.0	0.0	NAN
600	5	0.342075	0.260816	4.66665e-29	1.92508e-29	1.0
600	6	0.454816	0.0342667	7.71143e-30	4.63168e-32	-1.0
600	7	0.676822	0.272662	2.61078e-29	3.1586e-30	-1.0
600	8	0.22778	0.176215	4.93532e-30	1.64377e-29	1.0
600	9	0.163419	-0.109227	4.44036e-06	2.2072e-30	-5.34597e-14
600	10	0.0	0.000186944	0.0	8.71082e-06	NAN
700	1	-0.0470435	0.23588	2.12546e-32	2.16614e-30	-1.0
700	2	0.154427	-0.335256	1.09202e-29	3.59785e-29	-1.0
700	3	0.0	0.0	0.0	0.0	NAN
700	4	0.0	-0.00479897	0.0	0.000493337	NAN
700	5	0.666308	0.260816	5.70523e-29	1.92508e-29	-1.0
700	6	0.454816	-0.000239789	7.71143e-30	0.00221994	2.92334e-17
700	7	0.676822	0.272662	2.61078e-29	3.1586e-30	-1.0
700	8	0.22778	0.176215	4.93532e-30	1.64377e-29	1.0
700	9	0.164137	-0.109227	1.97413e-31	2.2072e-30	-1.0
700	10	0.0	0.0	0.0	0.0	NAN
800	1	0.282706	0.23588	6.52696e-30	2.16614e-30	-1.0
800	2	0.154427	-0.335256	1.09202e-29	3.59785e-29	-1.0
800	3	0.0	0.0	0.0	0.0	NAN
800	4	0.0	-0.191959	0.0	8.18106e-30	NAN
800	5	0.666308	0.260816	5.70523e-29	1.92508e-29	-1.0
800	6	0.454816	-0.13203	7.71143e-30	3.3591e-30	1.0
800	7	0.676822	0.272662	2.61078e-29	3.1586e-30	-1.0
800	8	0.227283	0.176215	1.09293e-05	1.64377e-29	6.63383e-13
800	9	0.164223	-0.109227	5.80387e-08	2.2072e-30	-1.53581e-12
800	10	0.053116	0.0	0.00193945	0.0	NAN
900	1	0.282706	0.23588	6.52696e-30	2.16614e-30	-1.0
900	2	0.323364	-0.267567	5.18517e-30	1.82884e-29	-1.0
900	3	0.123253	0.0	0.00313492	0.0	NAN
900	4	0.0	-0.191959	0.0	8.18106e-30	NAN
900	5	0.88667	0.260816	0.0570886	1.92508e-29	-5.62677e-14
900	6	0.454816	-0.121099	7.71143e-30	0.000305083	1.1179e-13
900	7	0.676822	0.272662	2.61078e-29	3.1586e-30	-1.0
900	8	0.186355	0.176215	4.2945e-07	1.64377e-29	2.63403e-12
900	9	0.165607	-0.109227	4.81964e-31	2.2072e-30	1.0
900	10	0.126316	0.0	5.62163e-31	0.0	NAN
1000	1	0.581365	0.372277	1.97413e-29	4.51612e-29	1.0
1000	2	0.323364	-0.267567	5.18517e-30	1.82884e-29	-1.0
1000	3	0.0877281	0.0	0.00149819	0.0	NAN
1000	4	0.0107059	-0.191959	1.69441e-32	8.18106e-30	1.0
1000	5	0.89479	0.260816	0.0594409	1.92508e-29	-5.48266e-14
1000	6	0.769917	-0.065377	0.000917342	7.65167e-31	-2.94245e-13
1000	7	0.676822	0.272662	2.61078e-29	3.1586e-30	-1.0
1000	8	0.186334	0.176215	3.06067e-30	1.64377e-29	1.0
1000	9	0.165607	-0.109227	4.81964e-31	2.2072e-30	1.0
1000	10	0.126316	0.0	5.62163e-31	0.0	NAN
1100	1	0.56603	0.372277	1.177e-07	4.51612e-29	-3.7428e-13
1100	2	0.323364	-0.267567	5.18517e-30	1.82884e-29	-1.0
1100	3	0.074134	0.0	0.00106103	0.0	NAN
1100	4	0.0107059	-0.191959	1.69441e-32	8.18106e-30	1.0
1100	5	0.897374	0.260816	0.0630257	1.92508e-29	-5.02245e-14
1100	6	0.835108	-0.065377	2.83302e-06	7.65167e-31	-8.29583e-12
1100	7	0.676822	0.272662	2.61078e-29	3.1586e-30	-1.0
1100	8	0.294775	0.176215	0.0100117	1.64377e-29	3.19093e-14
1100	9	0.165607	-0.109227	4.81964e-31	2.2072e-30	1.0
1100	10	0.126316	0.0	5.62163e-31	0.0	NAN
1200	1	0.566015	0.372277	1.23383e-32	4.51612e-29	-1.0
1200	2	0.695621	0.20515	1.18571e-29	4.22278e-30	1.0
1200	3	0.0623605	-0.0441461	0.000539555	0.00449403	0.0465978
1200	4	0.170396	0.00324408	8.42939e-07	4.15883e-34	9.94174e-13
1200	5	0.997866	0.299034	0.0613431	0.000696516	0.293082
1200	6	0.835628	-0.065377	3.3591e-28	7.65167e-31	-1.0
1200	7	0.676822	0.272662	2.61078e-29	3.1586e-30	-1.0
1200	8	0.566845	0.176215	3.86929e-29	1.64377e-29	-1.0
1200	9	0.165607	-0.109227	4.81964e-31	2.2072e-30	1.0
1200	10	0.126316	0.0	5.62163e-31	0.0	NAN
1300	1	0.566015	0.372277	1.23383e-32	4.51612e-29	-1.0
1300	2	0.695621	0.20515	1.18571e-29	4.22278e-30	1.0
1300	3	0.0596902	-0.249413	0.000376897	1.66636e-29	7.79636e-14
1300	4	0.376605	0.00324408	2.28135e-29	4.15883e-34	1.0
1300	5	1.0858	0.336123	0.053295	1.11353e-30	3.62859e-14
1300	6	0.835628	-0.065377	3.3591e-28	7.65167e-31	-1.0
1300	7	0.696107	0.271081	0.00224642	3.38335e-08	-0.023888
1300	8	0.566845	0.176215	3.86929e-29	1.64377e-29	-1.0
1300	9	0.202023	-0.109227	2.65485e-06	2.2072e-30	-2.72312e-13
1300	10	0.126316	0.0	5.62163e-31	0.0	NAN
1400	1	0.566015	0.372277	1.23383e-32	4.51612e-29	-1.0
1400	2	0.695621	0.20515	1.18571e-29	4.22278e-30	1.0
1400	3	0.0528325	-0.226386	1.92786e-30	0.00280692	7.63037e-14
1400	4	0.376605	0.00324408	2.28135e-29	4.15883e-34	1.0
1400	5	1.09889	0.336123	0.0552374	1.11353e-30	3.4566e-14
1400	6	0.835628	-0.065377	3.3591e-28	7.65167e-31	-1.0
1400	7	0.857476	0.271039	0.0058215	2.33471e-29	2.09022e-14
1400	8	0.566845	0.176215	3.86929e-29	1.64377e-29	-1.0
1400	9	0.202169	-0.109227	1.97413e-31	2.2072e-30	-1.0
1400	10	0.126316	0.0	5.62163e-31	0.0	NAN
1500	1	1.24684	0.372277	7.34572e-28	4.51612e-29	1.0
1500	2	0.695621	0.20515	1.18571e-29	4.22278e-30	1.0
1500	3	0.0528325	0.010785	1.92786e-30	1.08442e-34	1.0
1500	4	0.376605	0.00324408	2.28135e-29	4.15883e-34	1.0
1500	5	1.33867	0.336123	0.0512688	1.11353e-30	4.71564e-14
1500	6	0.835648	0.0293045	8.14761e-08	0.000542159	0.0289273
1500	7	1.07522	0.271039	0.0063958	2.33471e-29	1.72813e-14
1500	8	0.566845	0.176215	3.86929e-29	1.64377e-29	-1.0
1500	9	0.300804	-0.061553	1.00218e-29	2.16354e-31	1.0
1500	10	0.126316	0.0	5.62163e-31	0.0	NAN
1600	1	1.24684	0.372277	7.34572e-28	4.51612e-29	1.0
1600	2	0.695621	0.20515	1.18571e-29	4.22278e-30	1.0
1600	3	0.0528325	0.010785	1.92786e-30	1.08442e-34	1.0
1600	4	0.741391	-0.039082	3.33004e-05	0.00314927	0.0281927
1600	5	1.33571	0.336123	0.0493311	1.11353e-30	5.12883e-14
1600	6	0.835628	0.0257224	3.3591e-28	3.86066e-31	1.0
1600	7	1.05108	0.271039	0.00754269	2.33471e-29	-2.60992e-14
1600	8	0.566845	0.176215	3.86929e-29	1.64377e-29	-1.0
1600	9	0.799299	0.422924	1.3603e-28	4.44178e-29	-1.0
1600	10	0.126316	0.0	5.62163e-31	0.0	NAN
1700	1	1.25702	0.372277	3.64114e-05	4.51612e-29	1.1925e-12
1700	2	0.695621	0.20515	1.18571e-29	4.22278e-30	1.0
1700	3	0.0528325	0.010785	1.92786e-30	1.08442e-34	1.0
1700	4	0.741573	0.115433	1.43914e-28	8.81801e-05	1.4688e-13
1700	5	1.33055	0.336123	0.0492395	1.11353e-30	4.76029e-14
1700	6	0.835628	0.0257224	3.3591e-28	3.86066e-31	1.0
1700	7	1.05655	0.271039	0.00748356	2.33471e-29	-9.13665e-16
1700	8	0.566845	0.176215	3.86929e-29	1.64377e-29	-1.0
1700	9	1.06876	0.422924	5.54532e-28	4.44178e-29	1.0
1700	10	0.126316	0.0429724	5.62163e-31	0.00463533	-1.44732e-15
1800	1	1.50408	0.372277	1.38633e-28	4.51612e-29	-1.0
1800	2	0.695621	0.20515	1.18571e-29	4.22278e-30	1.0
1800	3	0.0528325	0.010785	1.92786e-30	1.08442e-34	1.0
1800	4	0.741573	0.122693	1.43914e-28	0.000822094	4.06868e-14
1800	5	1.34236	0.336123	0.0480066	1.11353e-30	4.80973e-14
1800	6	0.835628	-0.116039	3.3591e-28	0.00063014	-1.60924e-15
1800	7	1.06651	0.271039	0.00715754	2.33471e-29	5.79457e-15
1800	8	0.566845	0.176215	3.86929e-29	1.64377e-29	-1.0
1800	9	1.06876	0.422924	5.54532e-28	4.44178e-29	1.0
1800	10	0.126316	0.255788	5.62163e-31	4.22247e-29	1.0
1900	1	1.50408	0.372277	1.38633e-28	4.51612e-29	-1.0
1900	2	0.695621	0.20515	1.18571e-29	4.22278e-30	1.0
1900	3	0.0528325	0.010785	1.92786e-30	1.08442e-34	1.0
1900	4	0.741573	0.517146	1.43914e-28	0.00366194	6.43036e-14
1900	5	1.37146	0.381588	0.0499092	1.03458e-06	0.0395076
1900	6	1.54911	-0.171298	0.00857641	0.000434642	-0.0456704
1900	7	1.05867	0.271039	0.00752424	2.33471e-29	-1.05965e-14
1900	8	0.566845	0.176215	3.86929e-29	1.64377e-29	-1.0
1900	9	1.26686	0.662491	2.94649e-05	4.30873e-05	1.0
1900	10	0.126316	0.255788	5.62163e-31	4.22247e-29	1.0
2000	1	1.50408	0.372277	1.38633e-28	4.51612e-29	-1.0
2000	2	0.695621	0.20515	1.18571e-29	4.22278e-30	1.0
2000	3	0.0528325	0.010785	1.92786e-30	1.08442e-34	1.0
2000	4	0.889247	0.141778	4.59589e-28	0.0019323	7.67561e-14
2000	5	1.37113	0.381633	0.0482564	1.78165e-29	-6.08802e-15
2000	6	1.62458	-0.242079	0.000337308	9.83346e-06	0.682455
2000	7	1.06589	0.271039	0.00718179	2.33471e-29	-2.58408e-16
2000	8	0.566845	0.176215	3.86929e-29	1.64377e-29	-1.0
2000	9	1.34173	0.662851	6.04576e-29	8.09515e-29	1.0
2000	10	0.126316	0.255788	5.62163e-31	4.22247e-29	1.0
2100	1	1.66323	0.371073	0.00172232	0.000130399	0.15269
2100	2	0.695621	0.20515	1.18571e-29	4.22278e-30	1.0
2100	3	0.0528325	0.010785	1.92786e-30	1.08442e-34	1.0
2100	4	0.889247	0.132455	4.59589e-28	1.07374e-29	1.0
2100	5	1.41717	0.381633	0.0453921	1.78165e-29	8.33161e-14
2100	6	1.64892	-0.239308	8.34068e-30	2.09944e-29	-1.0
2100	7	1.06514	0.271039	0.00753837	2.33471e-29	2.57717e-15
2100	8	0.566845	0.176215	3.86929e-29	1.64377e-29	-1.0
2100	9	1.34166	0.662835	4.78336e-06	2.43851e-07	1.0
2100	10	0.126316	0.188955	5.62163e-31	0.000159623	-1.2442e-13
2200	1	1.68576	0.372277	3.90926e-28	4.51612e-29	-1.0
2200	2	0.695621	0.20515	1.18571e-29	4.22278e-30	1.0
2200	3	0.0528325	0.150017	1.92786e-30	0.00213831	-2.30731e-14
2200	4	1.07515	0.132455	7.96017e-28	1.07374e-29	-1.0
2200	5	1.54296	0.381633	0.0393315	1.78165e-29	-8.10306e-14
2200	6	1.64892	-0.239308	8.34068e-30	2.09944e-29	-1.0
2200	7	1.04648	0.271039	0.00719592	2.33471e-29	-3.54657e-14
2200	8	0.566845	0.176215	3.86929e-29	1.64377e-29	-1.0
2200	9	1.34173	0.662851	6.04576e-29	8.09515e-29	1.0
2200	10	0.126316	0.184232	5.62163e-31	2.50544e-30	-1.0
2300	1	1.68576	0.372277	3.90926e-28	4.51612e-29	-1.0
2300	2	0.695621	0.20515	1.18571e-29	4.22278e-30	1.0
2300	3	0.0528325	0.182253	1.92786e-30	1.42631e-29	-1.0
2300	4	1.07515	0.132455	7.96017e-28	1.07374e-29	-1.0
2300	5	1.54296	0.381633	0.0396043	1.78165e-29	-8.65691e-14
2300	6	1.64892	-0.239308	8.34068e-30	2.09944e-29	-1.0
2300	7	1.04225	0.271039	0.0074982	2.33471e-29	-2.52495e-14
2300	8	0.566845	-0.113785	3.86929e-29	1.70346e-30	1.0
2300	9	1.34173	0.662851	6.04576e-29	8.09515e-29	1.0
2300	10	0.126316	0.184232	5.62163e-31	2.50544e-30	-1.0
2400	1	1.68576	0.372277	3.90926e-28	4.51612e-29	-1.0
2400	2	0.695621	0.714334	1.18571e-29	2.08517e-30	1.0
2400	3	0.0528325	0.199007	1.92786e-30	7.34692e-06	-1.06936e-12
2400	4	1.07515	0.132455	7.96017e-28	1.07374e-29	-1.0
2400	5	1.5544	0.381633	0.0404435	1.78165e-29	-8.92733e-14
2400	6	1.64892	0.183928	8.34068e-30	0.00103088	-4.73227e-14
2400	7	1.05568	0.271039	0.00778505	2.33471e-29	-4.81664e-15
2400	8	1.05381	-0.113785	0.000890102	1.70346e-30	-7.35117e-13
2400	9	1.34173	0.662851	6.04576e-29	8.09515e-29	1.0
2400	10	0.126316	0.0905006	5.62163e-31	1.56156e-30	1.0
2500	1	1.68576	0.372277	3.90926e-28	4.51612e-29	-1.0
2500	2	0.695621	0.714334	1.18571e-29	2.08517e-30	1.0
2500	3	0.0528325	0.199852	1.92786e-30	1.22427e-29	-1.0
2500	4	1.07515	0.132455	7.96017e-28	1.07374e-29	-1.0
2500	5	1.54583	0.381633	0.0407607	1.78165e-29	-8.74107e-14
2500	6	1.64892	0.188703	8.34068e-30	2.23819e-05	-3.36335e-13
2500	7	0.904388	0.271039	0.00978503	2.33471e-29	-5.91366e-14
2500	8	1.05749	-0.113785	5.1347e-28	1.70346e-30	-1.0
2500	9	1.34173	0.602893	6.04576e-29	4.93532e-30	1.0
2500	10	0.126316	0.0905006	5.62163e-31	1.56156e-30	1.0
2600	1	1.68576	0.372277	3.90926e-28	4.51612e-29	-1.0
2600	2	0.695621	0.714276	1.18571e-29	3.41221e-06	8.01282e-13
2600	3	0.0528325	0.199852	1.92786e-30	1.22427e-29	-1.0
2600	4	1.07515	0.132455	7.96017e-28	1.07374e-29	-1.0
2600	5	1.564	0.381633	0.0474475	1.78165e-29	-7.52408e-14
2600	6	1.80558	-0.0708633	5.75655e-28	0.00511499	7.40666e-16
2600	7	0.911423	0.271039	0.00983851	2.33471e-29	-4.2472e-14
2600	8	1.28806	0.132651	3.59785e-29	2.59413e-30	1.0
2600	9	1.34173	0.602893	6.04576e-29	4.93532e-30	1.0
2600	10	0.126316	0.0905006	5.62163e-31	1.56156e-30	1.0
2700	1	1.68576	0.372277	3.90926e-28	4.51612e-29	-1.0
2700	2	0.695621	0.496843	1.18571e-29	1.14777e-29	1.0
2700	3	0.0528325	0.199852	1.92786e-30	1.22427e-29	-1.0
2700	4	1.07515	-0.138261	7.96017e-28	2.2286e-31	-1.0
2700	5	1.55846	0.381633	0.0418661	1.78165e-29	-8.2829e-14
2700	6	1.80558	-0.110359	5.75655e-28	5.70337e-30	-1.0
2700	7	0.878609	0.271039	0.00982423	2.33471e-29	-2.57226e-14
2700	8	1.28806	0.132651	3.59785e-29	2.59413e-30	1.0
2700	9	1.34173	0.602893	6.04576e-29	4.93532e-30	1.0
2700	10	0.381238	0.0905006	1.11045e-31	1.56156e-30	-1.0
2800	1	1.68576	0.372277	3.90926e-28	4.51612e-29	-1.0
2800	2	0.695621	0.496843	1.18571e-29	1.14777e-29	1.0
2800	3	0.0528325	0.199852	1.92786e-30	1.22427e-29	-1.0
2800	4	1.4333	0.147461	0.0	1.18571e-29	NAN
2800	5	1.56658	0.381633	0.0443395	1.78165e-29	-8.84567e-14
2800	6	1.80558	-0.110359	5.75655e-28	5.70337e-30	-1.0
2800	7	0.898084	0.271039	0.00872385	2.33471e-29	-5.89958e-14
2800	8	1.50584	0.132651	5.44119e-28	2.59413e-30	-1.0
2800	9	1.81323	0.601301	3.99761e-28	9.14293e-05	2.65064e-13
2800	10	0.687097	0.39266	7.10686e-30	5.21293e-29	1.0
2900	1	1.68576	0.372277	3.90926e-28	4.51612e-29	-1.0
2900	2	0.695621	0.496843	1.18571e-29	1.14777e-29	1.0
2900	3	0.0528325	0.199852	1.92786e-30	1.22427e-29	-1.0
2900	4	1.4333	0.1224	0.0	0.0001523	NAN
2900	5	1.56326	0.381633	0.0463068	1.78165e-29	-8.51074e-14
2900	6	1.80558	-0.110359	5.75655e-28	5.70337e-30	-1.0
2900	7	0.884872	0.271039	0.0101553	2.33471e-29	-2.54825e-14
2900	8	1.51799	0.198828	2.74655e-05	0.000814233	1.0
2900	9	1.81323	0.485319	3.99761e-28	2.07561e-05	-6.31785e-13
2900	10	0.687097	0.395238	7.10686e-30	0.000363065	3.74591e-13
3000	1	1.68576	0.372277	3.90926e-28	4.51612e-29	-1.0
3000	2	1.06499	0.496843	1.11045e-29	1.14777e-29	1.0
3000	3	0.0528325	0.199852	1.92786e-30	1.22427e-29	-1.0
3000	4	1.61675	0.110903	1.44314e-27	7.78874e-30	-1.0
3000	5	1.53484	0.550871	0.0386562	2.72553e-29	8.11195e-14
3000	6	1.80558	-0.110359	5.75655e-28	5.70337e-30	-1.0
3000	7	0.889798	0.271039	0.00963611	2.33471e-29	-5.41086e-14
3000	8	1.52268	0.563099	5.97173e-28	2.4985e-29	-1.0
3000	9	1.81323	0.484965	3.99761e-28	8.34068e-30	-1.0
3000	10	0.687097	0.467231	7.10686e-30	0.0170807	2.78506e-14
3100	1	1.68576	0.372277	3.90926e-28	4.51612e-29	-1.0
3100	2	1.06499	0.516206	1.11045e-29	3.33627e-29	-1.0
3100	3	0.0528325	0.199852	1.92786e-30	1.22427e-29	-1.0
3100	4	1.61675	0.110903	1.44314e-27	7.78874e-30	-1.0
3100	5	1.56953	0.550871	0.0445119	2.72553e-29	8.72219e-14
3100	6	1.8057	-0.196205	1.38027e-05	3.31092e-05	1.0
3100	7	0.905848	0.271039	0.00833411	2.33471e-29	-7.01173e-14
3100	8	1.52268	0.563099	5.97173e-28	2.4985e-29	-1.0
3100	9	1.81323	0.484965	3.99761e-28	8.34068e-30	-1.0
3100	10	0.687097	0.295931	7.10686e-30	8.34068e-30	-1.0
3200	1	1.68576	0.372277	3.90926e-28	4.51612e-29	-1.0
3200	2	1.06499	0.516206	1.11045e-29	3.33627e-29	-1.0
3200	3	0.0528325	0.199852	1.92786e-30	1.22427e-29	-1.0
3200	4	1.9171	0.110903	1.28368e-28	7.78874e-30	1.0
3200	5	1.80845	0.262558	0.0299273	0.000291212	-0.0474588
3200	6	2.31476	0.379444	1.97413e-29	0.00587583	2.35032e-14
3200	7	0.913786	0.271039	0.00920616	2.33471e-29	-4.93877e-14
3200	8	1.52268	0.563099	5.97173e-28	2.4985e-29	-1.0
3200	9	1.81323	0.484965	3.99761e-28	8.34068e-30	-1.0
3200	10	0.687097	0.295931	7.10686e-30	8.34068e-30	-1.0
3300	1	1.68576	0.372277	3.90926e-28	4.51612e-29	-1.0
3300	2	1.06499	0.516206	1.11045e-29	3.33627e-29	-1.0
3300	3	0.0528325	0.199852	1.92786e-30	1.22427e-29	-1.0
3300	4	2.15715	0.205347	7.83531e-28	0.00467562	2.13331e-14
3300	5	1.80624	0.260526	0.0295263	1.97413e-31	1.63803e-13
3300	6	2.31476	0.34279	1.97413e-29	3.8005e-29	-1.0
3300	7	0.957712	0.271039	0.0141147	2.33471e-29	-2.6385e-14
3300	8	1.61117	0.563099	5.97173e-28	2.4985e-29	-1.0
3300	9	1.81323	0.484965	3.99761e-28	8.34068e-30	-1.0
3300	10	0.690726	0.270927	1.066e-05	0.000505959	-1.0
3400	1	1.68576	0.372277	3.90926e-28	4.51612e-29	-1.0
3400	2	1.06499	0.516206	1.11045e-29	3.33627e-29	-1.0
3400	3	0.0528325	0.199852	1.92786e-30	1.22427e-29	-1.0
3400	4	2.15715	0.307049	7.83531e-28	3.56577e-30	1.0
3400	5	1.82432	0.368291	0.0325135	5.62163e-29	1.65463e-13
3400	6	2.31476	0.338311	1.97413e-29	0.000150826	-4.60596e-13
3400	7	1.09379	0.271039	0.008108	2.33471e-29	1.72383e-13
3400	8	1.61117	0.563126	5.97173e-28	3.69768e-07	-8.34063e-12
3400	9	1.81323	0.484965	3.99761e-28	8.34068e-30	-1.0
3400	10	0.696227	0.233028	1.33451e-28	1.01984e-29	-1.0
3500	1	1.68576	0.372277	3.90926e-28	4.51612e-29	-1.0
3500	2	1.08577	0.516206	3.1586e-28	3.33627e-29	-1.0
3500	3	0.0528325	0.198844	1.92786e-30	4.98369e-05	-4.9428e-13
3500	4	2.15799	0.307049	8.80597e-05	3.56577e-30	2.92495e-12
3500	5	1.79996	0.368291	0.0283369	5.62163e-29	1.71611e-13
3500	6	2.31476	0.271132	1.97413e-29	3.1586e-30	1.0
3500	7	1.08773	0.271039	0.00832774	2.33471e-29	1.71295e-13
3500	8	1.90399	0.563099	1.33451e-28	2.4985e-29	1.0
3500	9	1.81323	0.484965	3.99761e-28	8.34068e-30	-1.0
3500	10	0.696227	0.233028	1.33451e-28	1.01984e-29	-1.0
3600	1	1.68576	0.372277	3.90926e-28	4.51612e-29	-1.0
3600	2	1.08577	0.516206	3.1586e-28	3.33627e-29	-1.0
3600	3	0.0528325	0.0990523	1.92786e-30	2.04526e-30	-1.0
3600	4	2.36772	0.307049	8.08602e-28	3.56577e-30	1.0
3600	5	2.01993	0.683202	0.0170615	1.23383e-30	-1.55824e-13
3600	6	2.61197	0.266272	1.23205e-27	0.0001014	7.40628e-14
3600	7	1.07589	0.271039	0.00771779	2.33471e-29	1.76245e-13
3600	8	1.90399	0.502504	1.33451e-28	0.0105903	8.6457e-14
3600	9	1.81323	0.484965	3.99761e-28	8.34068e-30	-1.0
3600	10	0.696152	0.233028	5.70488e-06	1.01984e-29	-4.85182e-12
3700	1	1.68576	0.185775	3.90926e-28	3.99761e-30	1.0
3700	2	1.08577	0.516206	3.1586e-28	3.33627e-29	-1.0
3700	3	0.0528325	0.0695187	1.92786e-30	0.00172036	1.60769e-14
3700	4	2.36772	0.307049	8.08602e-28	3.56577e-30	1.0
3700	5	2.00997	0.683202	0.0126005	1.23383e-30	-1.8777e-13
3700	6	2.61197	0.226334	1.23205e-27	1.54384e-10	-1.95828e-10
3700	7	1.06163	0.271039	0.007326	2.33471e-29	1.81918e-13
3700	8	1.89247	0.12269	5.23588e-28	6.8865e-30	-1.0
3700	9	1.96743	0.484965	1.34364e-27	8.34068e-30	-1.0
3700	10	0.696227	0.233028	1.33451e-28	1.01984e-29	-1.0
3800	1	1.75653	0.185775	6.02449e-05	3.99761e-30	-3.22182e-12
3800	2	1.08577	0.516206	3.1586e-28	3.33627e-29	-1.0
3800	3	0.0528325	-0.0547688	1.92786e-30	3.48219e-31	-1.0
3800	4	2.36772	0.307049	8.08602e-28	3.56577e-30	1.0
3800	5	1.98339	0.683202	0.0040968	1.23383e-30	-3.2767e-13
3800	6	2.61197	0.226335	1.23205e-27	5.97173e-30	-1.0
3800	7	1.0676	0.271039	0.00762327	2.33471e-29	1.66867e-13
3800	8	1.89247	0.12269	5.23588e-28	6.8865e-30	-1.0
3800	9	1.96743	0.484965	1.34364e-27	8.34068e-30	-1.0
3800	10	0.88336	0.233028	2.4183e-28	1.01984e-29	-1.0
3900	1	1.7582	0.185775	6.41394e-28	3.99761e-30	-1.0
3900	2	1.24142	0.516206	3.59785e-29	3.33627e-29	-1.0
3900	3	0.561284	-0.0547688	2.84274e-29	3.48219e-31	1.0
3900	4	2.36772	0.197141	8.08602e-28	0.000838839	-1.3755e-14
3900	5	2.00628	0.683202	0.0117768	1.23383e-30	-1.89098e-13
3900	6	2.61197	0.226335	1.23205e-27	5.97173e-30	-1.0
3900	7	1.07332	0.271039	0.00810585	2.33471e-29	1.57556e-13
3900	8	1.89247	0.12269	5.23588e-28	6.8865e-30	-1.0
3900	9	1.96743	0.484965	1.34364e-27	8.34068e-30	-1.0
3900	10	0.88336	0.233028	2.4183e-28	1.01984e-29	-1.0
4000	1	1.7582	0.185775	6.41394e-28	3.99761e-30	-1.0
4000	2	1.24142	0.516206	3.59785e-29	3.33627e-29	-1.0
4000	3	0.561284	-0.0547688	2.84274e-29	3.48219e-31	1.0
4000	4	2.36772	0.237654	8.08602e-28	2.39673e-06	2.23948e-12
4000	5	2.01698	0.683202	0.0154271	1.23383e-30	-1.73659e-13
4000	6	2.61197	0.226335	1.23205e-27	5.97173e-30	-1.0
4000	7	1.08278	0.271039	0.00697147	2.33471e-29	2.01394e-13
4000	8	1.89247	0.12269	5.23588e-28	6.8865e-30	-1.0
4000	9	1.96743	0.484965	1.34364e-27	8.34068e-30	-1.0
4000	10	0.88336	0.233028	2.4183e-28	1.01984e-29	-1.0
4100	1	1.7582	0.185775	6.41394e-28	3.99761e-30	-1.0
4100	2	1.24142	0.516206	3.59785e-29	3.33627e-29	-1.0
4100	3	0.715396	-0.0547688	1.59904e-29	3.48219e-31	-1.0
4100	4	2.60979	0.237739	2.38869e-29	1.24378e-29	-1.0
4100	5	2.00185	0.683202	0.0101522	1.23383e-30	-2.11178e-13
4100	6	2.61197	0.226335	1.23205e-27	5.97173e-30	-1.0
4100	7	1.06598	0.271039	0.00745748	2.33471e-29	1.77592e-13
4100	8	1.89247	0.440519	5.23588e-28	2.38869e-29	1.0
4100	9	1.96743	0.39035	1.34364e-27	1.26344e-29	1.0
4100	10	0.88336	0.233028	2.4183e-28	1.01984e-29	-1.0
4200	1	1.7582	0.185775	6.41394e-28	3.99761e-30	-1.0
4200	2	1.24142	0.516206	3.59785e-29	3.33627e-29	-1.0
4200	3	0.715396	-0.0547688	1.59904e-29	3.48219e-31	-1.0
4200	4	2.60979	0.236612	2.38869e-29	2.13555e-05	-6.99382e-13
4200	5	2.03617	0.683202	0.0215108	1.23383e-30	-1.50151e-13
4200	6	2.61197	0.226335	1.23205e-27	5.97173e-30	-1.0
4200	7	1.07805	0.271039	0.00739059	2.33471e-29	1.90775e-13
4200	8	1.89247	0.431808	5.23588e-28	0.000242636	2.65935e-13
4200	9	1.96743	0.39035	1.34364e-27	1.26344e-29	1.0
4200	10	0.88336	0.233028	2.4183e-28	1.01984e-29	-1.0
4300	1	1.7582	0.185775	6.41394e-28	3.99761e-30	-1.0
4300	2	1.24142	0.516206	3.59785e-29	3.33627e-29	-1.0
4300	3	0.90504	0.233891	1.77671e-28	9.26702e-06	-1.41479e-12
4300	4	2.60979	0.20235	2.38869e-29	3.86489e-05	2.70359e-13
4300	5	2.00259	0.683202	0.010653	1.23383e-30	-2.05809e-13
4300	6	2.61197	0.226335	1.23205e-27	5.97173e-30	-1.0
4300	7	1.0722	0.271039	0.00698178	2.33471e-29	2.12207e-13
4300	8	1.89247	0.235026	5.23588e-28	0.00013428	3.21632e-13
4300	9	1.96743	0.39035	1.34364e-27	1.26344e-29	1.0
4300	10	0.88336	0.233028	2.4183e-28	1.01984e-29	-1.0
4400	1	1.7582	0.185768	6.41394e-28	4.8259e-08	-9.10664e-12
4400	2	1.24142	0.516206	3.59785e-29	3.33627e-29	-1.0
4400	3	0.90504	0.233542	1.77671e-28	1.94953e-29	-1.0
4400	4	2.60979	0.200151	2.38869e-29	3.25808e-30	1.0
4400	5	1.9941	0.683202	0.00769198	1.23383e-30	-2.35424e-13
4400	6	2.61197	0.226335	1.23205e-27	5.97173e-30	-1.0
4400	7	1.06262	0.271039	0.00728237	2.33471e-29	1.77721e-13
4400	8	1.89247	0.228767	5.23588e-28	1.48993e-29	1.0
4400	9	1.96743	0.39035	1.34364e-27	1.26344e-29	1.0
4400	10	1.21892	0.233028	9.1254e-29	1.01984e-29	1.0
4500	1	1.75947	0.185775	0.000134098	3.99761e-30	-2.16678e-12
4500	2	1.24142	0.516206	3.59785e-29	3.33627e-29	-1.0
4500	3	0.90504	0.233542	1.77671e-28	1.94953e-29	-1.0
4500	4	2.60979	0.200151	2.38869e-29	3.25808e-30	1.0
4500	5	2.01661	0.683202	0.0158694	1.23383e-30	-1.72723e-13
4500	6	2.61197	0.226335	1.23205e-27	5.97173e-30	-1.0
4500	7	1.07793	0.271039	0.0074736	2.33471e-29	1.90643e-13
4500	8	1.89247	0.228767	5.23588e-28	1.48993e-29	1.0
4500	9	2.02565	0.439401	1.59904e-27	5.53866e-29	1.0
4500	10	1.21892	0.233028	9.1254e-29	1.01984e-29	1.0
4600	1	1.97079	0.185775	9.39882e-28	3.99761e-30	1.0
4600	2	1.24142	0.516206	3.59785e-29	3.33627e-29	-1.0
4600	3	0.90504	0.233542	1.77671e-28	1.94953e-29	-1.0
4600	4	2.87687	0.200151	0.00524643	3.25808e-30	3.56397e-13
4600	5	2.148	0.683202	0.0193168	1.23383e-30	6.4376e-14
4600	6	2.61197	0.226335	1.23205e-27	5.97173e-30	-1.0
4600	7	1.08614	0.271039	0.007135	2.33471e-29	2.03647e-13
4600	8	2.03719	0.227831	1.26344e-27	3.56841e-05	-5.9552e-13
4600	9	2.02565	0.439401	1.59904e-27	5.53866e-29	1.0
4600	10	1.21892	0.233028	9.1254e-29	1.01984e-29	1.0
4700	1	1.97079	0.185775	9.39882e-28	3.99761e-30	1.0
4700	2	1.24142	0.516206	3.59785e-29	3.33627e-29	-1.0
4700	3	0.90504	0.233542	1.77671e-28	1.94953e-29	-1.0
4700	4	2.91538	0.620195	2.70238e-27	0.000618116	4.46788e-13
4700	5	2.19155	0.683202	3.31851e-28	1.23383e-30	-1.0
4700	6	2.61197	0.226335	1.23205e-27	5.97173e-30	-1.0
4700	7	1.22822	0.271039	0.00784678	2.33471e-29	7.1139e-14
4700	8	2.03719	0.150745	1.26344e-27	1.92786e-30	1.0
4700	9	2.25635	0.439401	4.93532e-28	5.53866e-29	-1.0
4700	10	1.50666	0.233028	0.000103596	1.01984e-29	-2.79615e-12
4800	1	1.97079	0.185775	9.39882e-28	3.99761e-30	1.0
4800	2	1.24142	0.516206	3.59785e-29	3.33627e-29	-1.0
4800	3	0.90504	0.233542	1.77671e-28	1.94953e-29	-1.0
4800	4	2.91538	0.623156	2.70238e-27	1.30897e-28	1.0
4800	5	2.19155	0.683202	3.31851e-28	1.23383e-30	-1.0
4800	6	2.61197	0.226335	1.23205e-27	5.97173e-30	-1.0
4800	7	1.23966	0.271039	0.00816561	2.33471e-29	9.5327e-14
4800	8	2.03719	0.150712	1.26344e-27	1.0609e-06	1.34746e-12
4800	9	2.25635	0.439401	4.93532e-28	5.53866e-29	-1.0
4800	10	1.50739	0.233028	8.08602e-28	1.01984e-29	-1.0
4900	1	1.97079	0.185775	9.39882e-28	3.99761e-30	1.0
4900	2	1.24142	0.523566	3.59785e-29	0.000199226	-2.24436e-13
4900	3	0.90504	0.233431	1.77671e-28	1.24163e-05	-1.24572e-12
4900	4	2.91538	0.623156	2.70238e-27	1.30897e-28	1.0
4900	5	2.19155	0.683202	3.31851e-28	1.23383e-30	-1.0
4900	6	2.61197	0.226335	1.23205e-27	5.97173e-30	-1.0
4900	7	1.21005	0.271039	0.00752393	2.33471e-29	1.01501e-13
4900	8	2.03719	0.150745	1.26344e-27	1.92786e-30	1.0
4900	9	2.25635	0.439401	4.93532e-28	5.53866e-29	-1.0
4900	10	1.50739	0.233028	8.08602e-28	1.01984e-29	-1.0
5000	1	2.23269	0.396828	0.000103972	7.41069e-29	-2.00888e-12
5000	2	1.24142	0.574715	3.59785e-29	8.92288e-05	-2.26392e-13
5000	3	0.90504	0.233542	1.77671e-28	1.94953e-29	-1.0
5000	4	2.91538	0.623156	2.70238e-27	1.30897e-28	1.0
5000	5	2.19155	0.683202	3.31851e-28	1.23383e-30	-1.0
5000	6	2.61197	0.226335	1.23205e-27	5.97173e-30	-1.0
5000	7	1.22448	0.271039	0.00749814	2.33471e-29	1.06922e-13
5000	8	2.22549	0.150745	3.48236e-28	1.92786e-30	-1.0
5000	9	2.25635	0.439401	4.93532e-28	5.53866e-29	-1.0
5000	10	1.50739	0.0748327	8.08602e-28	0.0	NAN
5100	1	2.16071	0.396828	6.39617e-29	7.41069e-29	-1.0
5100	2	1.24142	0.577794	3.59785e-29	9.67322e-30	-1.0
5100	3	0.90504	0.233542	1.77671e-28	1.94953e-29	-1.0
5100	4	2.91538	0.623156	2.70238e-27	1.30897e-28	1.0
5100	5	2.19155	0.682996	3.31851e-28	2.11798e-05	-2.70516e-13
5100	6	2.61197	0.226335	1.23205e-27	5.97173e-30	-1.0
5100	7	1.23319	0.271039	0.00771043	2.33471e-29	1.02815e-13
5100	8	2.22549	0.150745	3.48236e-28	1.92786e-30	-1.0
5100	9	2.25635	0.439401	4.93532e-28	5.53866e-29	-1.0
5100	10	1.50739	0.0748327	8.08602e-28	0.0	NAN
5200	1	2.16071	0.396828	6.39617e-29	7.41069e-29	-1.0
5200	2	1.24142	0.529606	3.59785e-29	0.00184711	6.22701e-14
5200	3	1.26391	0.233542	7.96017e-28	1.94953e-29	1.0
5200	4	2.91538	0.623156	2.70238e-27	1.30897e-28	1.0
5200	5	2.19155	0.683202	3.31851e-28	1.23383e-30	-1.0
5200	6	2.61197	0.226335	1.23205e-27	5.97173e-30	-1.0
5200	7	1.2154	0.271039	0.00778528	2.33471e-29	7.97174e-14
5200	8	2.22572	0.150745	5.02094e-06	1.92786e-30	-8.42245e-12
5200	9	2.25635	0.439401	4.93532e-28	5.53866e-29	-1.0
5200	10	1.50739	0.0748327	8.08602e-28	0.0	NAN
5300	1	2.16071	0.396828	6.39617e-29	7.41069e-29	-1.0
5300	2	1.24142	0.631214	3.59785e-29	0.00266358	3.34625e-14
5300	3	1.26391	0.233542	7.96017e-28	1.94953e-29	1.0
5300	4	2.91538	0.623156	2.70238e-27	1.30897e-28	1.0
5300	5	2.19155	0.683202	3.31851e-28	1.23383e-30	-1.0
5300	6	2.86213	0.226335	0.000815482	5.97173e-30	1.57993e-12
5300	7	1.22146	0.271039	0.00762993	2.33471e-29	9.98694e-14
5300	8	2.26843	0.150745	1.04431e-28	1.92786e-30	-1.0
5300	9	2.25635	0.439401	4.93532e-28	5.53866e-29	-1.0
5300	10	1.50739	0.0748327	8.08602e-28	0.0	NAN
5400	1	2.16071	0.396828	6.39617e-29	7.41069e-29	-1.0
5400	2	1.2414	0.348611	4.47173e-07	3.53153e-29	9.24157e-12
5400	3	1.26391	0.23353	7.96017e-28	1.4564e-07	1.16035e-11
5400	4	2.91538	0.623156	2.70238e-27	1.30897e-28	1.0
5400	5	2.19155	0.683202	3.31851e-28	1.23383e-30	-1.0
5400	6	2.86854	0.226335	2.21813e-27	5.97173e-30	1.0
5400	7	1.15033	0.343702	0.00791029	0.000514799	-0.0250342
5400	8	2.27121	0.15388	0.000300719	0.000383595	1.0
5400	9	2.25635	0.439401	4.93532e-28	5.53866e-29	-1.0
5400	10	1.87266	0.406747	1.28368e-28	1.87665e-29	1.0
5500	1	2.16071	0.387797	6.39617e-29	0.000885379	-1.47077e-13
5500	2	1.24142	0.348611	3.59785e-29	3.53153e-29	1.0
5500	3	1.26391	0.209406	7.96017e-28	4.69163e-30	-1.0
5500	4	2.91538	0.623156	2.70238e-27	1.30897e-28	1.0
5500	5	2.19241	0.731651	4.83071e-05	0.000410724	-0.0146277
5500	6	2.86854	0.226335	2.21813e-27	5.97173e-30	1.0
5500	7	1.13793	0.357491	0.00760252	3.99761e-30	-1.36074e-14
5500	8	2.42397	0.32641	0.00523343	0.00667571	1.0
5500	9	2.25635	0.439401	4.93532e-28	5.53866e-29	-1.0
5500	10	1.87266	0.406747	1.28368e-28	1.87665e-29	1.0
5600	1	2.16071	0.39614	6.39617e-29	4.1506e-29	-1.0
5600	2	1.24142	0.348611	3.59785e-29	3.53153e-29	1.0
5600	3	1.26391	0.209406	7.96017e-28	4.69163e-30	-1.0
5600	4	2.91468	0.623156	4.58336e-06	1.30897e-28	2.37137e-11
5600	5	2.35912	0.871587	0.00962581	0.00515279	1.0
5600	6	2.86854	0.226335	2.21813e-27	5.97173e-30	1.0
5600	7	1.14564	0.357491	0.00774737	3.99761e-30	-3.91492e-16
5600	8	2.48114	0.550275	0.000973948	0.00435914	0.481062
5600	9	2.25635	0.439401	4.93532e-28	5.53866e-29	-1.0
5600	10	1.87266	0.406767	1.28368e-28	4.05204e-07	6.76516e-12
5700	1	2.16071	0.39614	6.39617e-29	4.1506e-29	-1.0
5700	2	1.24142	0.269932	3.59785e-29	1.14777e-29	1.0
5700	3	1.26391	0.209406	7.96017e-28	4.69163e-30	-1.0
5700	4	3.07481	0.779589	0.00308211	0.00251047	1.0
5700	5	2.46807	0.951299	4.32413e-27	6.04576e-29	1.0
5700	6	2.86854	0.226335	2.21813e-27	5.97173e-30	1.0
5700	7	1.15597	0.357491	0.00764583	3.99761e-30	-3.46596e-14
5700	8	2.46782	0.555241	0.00225011	0.00287022	1.0
5700	9	2.25635	0.439401	4.93532e-28	5.53866e-29	-1.0
5700	10	1.87266	0.0957923	1.28368e-28	2.2286e-31	1.0
5800	1	2.16071	0.39614	6.39617e-29	4.1506e-29	-1.0
5800	2	1.5001	0.269932	5.05376e-29	1.14777e-29	1.0
5800	3	1.46023	0.209406	8.34068e-28	4.69163e-30	1.0
5800	4	3.10993	0.81129	1.85746e-27	7.70033e-29	1.0
5800	5	2.46807	1.06681	4.32413e-27	1.42631e-29	-1.0
5800	6	2.77044	0.226373	2.40864e-06	7.5159e-07	-0.00141634
5800	7	1.14875	0.357491	0.00753315	3.99761e-30	-3.45956e-14
5800	8	2.35805	0.680407	0.00331883	0.00421128	0.998939
5800	9	2.25635	0.439401	4.93532e-28	5.53866e-29	-1.0
5800	10	1.87266	0.0957923	1.28368e-28	2.2286e-31	1.0
5900	1	2.16071	0.395946	6.39617e-29	3.74255e-05	-1.05139e-12
5900	2	1.5001	0.269932	5.05376e-29	1.14777e-29	1.0
5900	3	1.8032	-0.35346	1.00922e-27	1.49293e-30	1.0
5900	4	3.10993	0.81129	1.85746e-27	7.70033e-29	1.0
5900	5	2.46807	1.06681	4.32413e-27	1.42631e-29	-1.0
5900	6	2.77039	0.226335	1.33451e-28	5.97173e-30	-1.0
5900	7	1.15286	0.357491	0.00747112	3.99761e-30	-3.6407e-14
5900	8	2.36046	0.683291	0.00329145	0.00419855	1.0
5900	9	2.25635	0.439401	4.93532e-28	5.53866e-29	-1.0
5900	10	1.87266	0.575373	1.28368e-28	2.28209e-28	-1.0
6000	1	2.16071	0.39614	6.39617e-29	4.1506e-29	-1.0
6000	2	1.5001	0.269932	5.05376e-29	1.14777e-29	1.0
6000	3	1.8032	-0.35346	1.00922e-27	1.49293e-30	1.0
6000	4	3.10993	0.960572	1.85746e-27	0.00168993	1.30014e-13
6000	5	2.46807	1.06681	4.32413e-27	1.42631e-29	-1.0
6000	6	2.77039	0.226527	1.33451e-28	1.3851e-06	-1.99306e-12
6000	7	1.15397	0.357491	0.00771599	3.99761e-30	-3.05498e-14
6000	8	2.35846	0.681034	0.0032049	0.00408814	1.0
6000	9	2.25635	0.439401	4.93532e-28	5.53866e-29	-1.0
6000	10	1.87266	0.575373	1.28368e-28	2.28209e-28	-1.0
6100	1	2.16071	0.39614	6.39617e-29	4.1506e-29	-1.0
6100	2	1.5001	0.269932	5.05376e-29	1.14777e-29	1.0
6100	3	1.93667	-0.35346	8.08602e-28	1.49293e-30	-1.0
6100	4	3.10993	0.949703	1.85746e-27	2.14491e-05	2.00013e-12
6100	5	2.46807	1.06681	4.32413e-27	1.42631e-29	-1.0
6100	6	2.77039	0.241119	1.33451e-28	1.97413e-29	1.0
6100	7	1.12834	0.357491	0.00788359	3.99761e-30	-1.71343e-14
6100	8	2.32993	0.64881	0.0048956	0.00624478	1.0
6100	9	2.25635	0.439401	4.93532e-28	5.53866e-29	-1.0
6100	10	1.87266	0.575373	1.28368e-28	2.28209e-28	-1.0
6200	1	2.24914	0.39614	3.99761e-28	4.1506e-29	-1.0
6200	2	1.5001	0.269932	5.05376e-29	1.14777e-29	1.0
6200	3	1.93667	-0.35346	8.08602e-28	1.49293e-30	-1.0
6200	4	3.25039	0.948413	1.97413e-29	8.29627e-29	-1.0
6200	5	2.46807	1.06681	4.32413e-27	1.42631e-29	-1.0
6200	6	2.76524	0.241119	2.02151e-28	1.97413e-29	-1.0
6200	7	1.15236	0.357491	0.0079744	3.99761e-30	-3.63235e-14
6200	8	2.32382	0.641913	0.00505666	0.00645023	1.0
6200	9	2.25635	0.439401	4.93532e-28	5.53866e-29	-1.0
6200	10	1.87266	0.575373	1.28368e-28	2.28209e-28	-1.0
6300	1	2.24914	0.39614	3.99761e-28	4.1506e-29	-1.0
6300	2	1.5001	0.269932	5.05376e-29	1.14777e-29	1.0
6300	3	1.93667	-0.35346	8.08602e-28	1.49293e-30	-1.0
6300	4	3.25039	0.948413	1.97413e-29	8.29627e-29	-1.0
6300	5	2.4683	1.06681	7.07738e-06	1.42631e-29	-2.46659e-11
6300	6	2.76524	0.241119	2.02151e-28	1.97413e-29	-1.0
6300	7	1.34993	0.357491	0.00674823	3.99761e-30	2.39591e-13
6300	8	2.31882	0.636271	0.00568024	0.00724567	1.0
6300	9	2.25635	0.439401	4.93532e-28	5.53866e-29	-1.0
6300	10	2.45777	0.654135	0.00132396	2.18252e-28	3.67687e-13
6400	1	2.4255	0.557222	1.46006e-27	8.29627e-29	1.0
6400	2	1.5001	0.269932	5.05376e-29	1.14777e-29	1.0
6400	3	1.93667	-0.35346	8.08602e-28	1.49293e-30	-1.0
6400	4	3.25039	0.948413	1.97413e-29	8.29627e-29	-1.0
6400	5	2.69297	1.06681	0.000519823	1.42631e-29	9.66255e-14
6400	6	2.76524	0.241119	2.02151e-28	1.97413e-29	-1.0
6400	7	1.69399	0.357491	0.00674234	3.99761e-30	1.18369e-13
6400	8	2.3498	0.671254	0.00402872	0.00513901	1.0
6400	9	2.25635	0.439401	4.93532e-28	5.53866e-29	-1.0
6400	10	2.46829	0.654135	2.4183e-28	2.18252e-28	1.0
6500	1	2.4255	0.557222	1.46006e-27	8.29627e-29	1.0
6500	2	1.5001	0.2281	5.05376e-29	3.47518e-05	-6.1534e-13
6500	3	1.93667	-0.35346	8.08602e-28	1.49293e-30	-1.0
6500	4	3.45662	0.948413	6.39617e-29	8.29627e-29	-1.0
6500	5	2.69745	1.06681	9.67322e-30	1.42631e-29	1.0
6500	6	2.76524	0.241119	2.02151e-28	1.97413e-29	-1.0
6500	7	1.69228	0.263496	0.00548351	0.00632425	-0.00851397
6500	8	2.34134	0.671634	0.00686232	0.0071965	0.900805
6500	9	2.40564	0.632532	1.6709e-27	3.86929e-29	1.0
6500	10	2.46829	0.654135	2.4183e-28	2.18252e-28	1.0
6600	1	2.4255	0.557222	1.46006e-27	8.29627e-29	1.0
6600	2	1.50175	0.227462	0.000125983	4.17435e-05	1.0
6600	3	1.93667	-0.35346	8.08602e-28	1.49293e-30	-1.0
6600	4	3.45662	0.948413	6.39617e-29	8.29627e-29	-1.0
6600	5	2.69745	0.922738	9.67322e-30	0.000363102	4.59261e-13
6600	6	2.76537	0.241119	1.63229e-05	1.97413e-29	-3.42777e-12
6600	7	1.67287	0.0507055	0.00410927	0.00116769	0.0283599
6600	8	2.40192	0.630552	0.0058414	0.00745124	1.0
6600	9	2.40564	0.632532	1.6709e-27	3.86929e-29	1.0
6600	10	2.46829	0.654135	2.4183e-28	2.18252e-28	1.0
6700	1	2.4255	0.557222	1.46006e-27	8.29627e-29	1.0
6700	2	1.6436	0.260788	0.000946411	0.000316427	0.997227
6700	3	2.02703	-0.352775	0.000117392	5.10899e-06	1.0
6700	4	3.45662	0.948413	6.39617e-29	8.29627e-29	-1.0
6700	5	2.79674	0.917513	0.00140878	1.09021e-28	-3.76697e-13
6700	6	2.76524	0.241119	2.02151e-28	1.97413e-29	-1.0
6700	7	1.67897	0.0223469	0.00434782	1.76411e-31	1.31198e-13
6700	8	2.43756	0.670801	0.00550826	0.00702629	1.0
6700	9	2.40564	0.632532	1.6709e-27	3.86929e-29	1.0
6700	10	2.46829	0.654135	2.4183e-28	2.18252e-28	1.0
6800	1	2.4255	0.557222	1.46006e-27	8.29627e-29	1.0
6800	2	1.65659	0.268231	2.28209e-28	7.91677e-07	3.67285e-12
6800	3	2.09836	-0.337894	5.97173e-28	3.3591e-30	-1.0
6800	4	3.45662	0.92329	6.39617e-29	4.1506e-29	-1.0
6800	5	2.82548	0.917513	2.01381e-27	1.09021e-28	-1.0
6800	6	2.98514	0.47458	1.08103e-27	6.21973e-29	-1.0
6800	7	1.66541	0.0223469	0.00327501	1.76411e-31	9.95502e-14
6800	8	2.42046	0.651492	0.00631191	0.00805141	1.0
6800	9	2.40564	0.632532	1.6709e-27	3.86929e-29	1.0
6800	10	2.46829	0.654135	2.4183e-28	2.18252e-28	1.0
6900	1	2.4255	0.54051	1.46006e-27	0.00112616	1.54567e-13
6900	2	1.65659	0.308003	2.28209e-28	9.67322e-30	1.0
6900	3	2.09836	-0.337894	5.97173e-28	3.3591e-30	-1.0
6900	4	3.45662	0.759685	6.39617e-29	1.5202e-28	-1.0
6900	5	3.0785	0.917513	4.74284e-27	1.09021e-28	-1.0
6900	6	2.98514	0.47458	1.08103e-27	6.21973e-29	-1.0
6900	7	1.6715	0.0153599	0.00369764	3.19573e-32	1.29674e-13
6900	8	2.40736	0.636696	0.0059453	0.00758377	1.0
6900	9	2.40564	0.632532	1.6709e-27	3.86929e-29	1.0
6900	10	2.47034	0.654135	8.47863e-05	2.18252e-28	1.66905e-12
7000	1	2.4255	0.399567	1.46006e-27	2.24865e-30	-1.0
7000	2	1.65659	0.308003	2.28209e-28	9.67322e-30	1.0
7000	3	2.09836	-0.337894	5.97173e-28	3.3591e-30	-1.0
7000	4	3.45662	0.759685	6.39617e-29	1.5202e-28	-1.0
7000	5	3.0785	0.917513	4.74284e-27	1.09021e-28	-1.0
7000	6	2.98514	0.47458	1.08103e-27	6.21973e-29	-1.0
7000	7	1.67827	0.0227922	0.00468643	0.00040155	0.602273
7000	8	2.38294	0.608234	0.00572855	0.00723772	0.989414
7000	9	2.40564	0.632532	1.6709e-27	3.86929e-29	1.0
7000	10	2.52698	0.554022	6.87193e-28	7.52442e-06	-2.43107e-12
7100	1	2.4255	0.239424	1.46006e-27	6.41789e-06	-1.48557e-12
7100	2	1.65659	0.308003	2.28209e-28	9.67322e-30	1.0
7100	3	2.21421	-0.337894	5.54532e-28	3.3591e-30	-1.0
7100	4	3.45662	0.759685	6.39617e-29	1.5202e-28	-1.0
7100	5	3.0785	0.93367	4.74284e-27	2.92615e-28	1.0
7100	6	2.98514	0.47458	1.08103e-27	6.21973e-29	-1.0
7100	7	1.89361	0.150638	0.00136972	0.000199064	0.0167867
7100	8	2.69104	0.516577	0.000608175	0.000775782	1.0
7100	9	2.40564	0.632532	1.6709e-27	3.86929e-29	1.0
7100	10	2.52698	0.685813	6.87193e-28	3.08457e-31	-1.0
7200	1	2.4255	0.239344	1.46006e-27	1.40541e-29	-1.0
7200	2	1.65659	0.308003	2.28209e-28	9.67322e-30	1.0
7200	3	2.21421	-0.337894	5.54532e-28	3.3591e-30	-1.0
7200	4	3.45662	0.759685	6.39617e-29	1.5202e-28	-1.0
7200	5	3.0785	0.93367	4.74284e-27	2.92615e-28	1.0
7200	6	2.98514	0.47458	1.08103e-27	6.21973e-29	-1.0
7200	7	1.88539	0.175058	0.00047998	5.44119e-30	1.43046e-12
7200	8	2.6896	0.514947	0.00048706	0.00062129	1.0
7200	9	2.40564	0.632532	1.6709e-27	3.86929e-29	1.0
7200	10	2.52698	0.685813	6.87193e-28	3.08457e-31	-1.0
7300	1	2.4255	0.239344	1.46006e-27	1.40541e-29	-1.0
7300	2	1.65659	0.308003	2.28209e-28	9.67322e-30	1.0
7300	3	2.41134	-0.220828	8.59929e-28	1.26344e-29	-1.0
7300	4	3.45662	0.777253	6.39617e-29	0.000260569	8.80798e-14
7300	5	3.0785	0.93367	4.74284e-27	2.92615e-28	1.0
7300	6	2.98514	0.47458	1.08103e-27	6.21973e-29	-1.0
7300	7	1.88141	0.150201	9.95157e-28	1.11166e-05	-6.15162e-13
7300	8	2.68527	0.510333	1.89595e-27	1.26784e-05	2.88337e-12
7300	9	2.40564	0.632532	1.6709e-27	3.86929e-29	1.0
7300	10	2.52698	0.685813	6.87193e-28	3.08457e-31	-1.0
7400	1	2.42504	0.239344	5.31582e-05	1.40541e-29	-5.27246e-12
7400	2	1.65659	0.308003	2.28209e-28	9.67322e-30	1.0
7400	3	2.41134	-0.220828	8.59929e-28	1.26344e-29	-1.0
7400	4	3.45662	0.807295	6.39617e-29	1.11353e-28	1.0
7400	5	3.07165	0.863288	6.22803e-05	0.00657398	1.0
7400	6	2.98514	0.47458	1.08103e-27	6.21973e-29	-1.0
7400	7	1.88141	0.149273	9.95157e-28	5.70337e-30	-1.0
7400	8	2.977	0.510057	1.97413e-29	1.06714e-28	-1.0
7400	9	2.40564	0.633484	1.6709e-27	0.00384699	1.02555e-13
7400	10	2.52698	0.685813	6.87193e-28	3.08457e-31	-1.0
7500	1	2.23316	0.240034	0.003822	9.49483e-05	0.0352318
7500	2	1.66741	0.308003	1.18497e-28	9.67322e-30	1.0
7500	3	2.41134	-0.220828	8.59929e-28	1.26344e-29	-1.0
7500	4	3.45662	0.807295	6.39617e-29	1.11353e-28	1.0
7500	5	3.05354	0.677271	3.65016e-28	7.31537e-29	-1.0
7500	6	2.98514	0.47458	1.08103e-27	6.21973e-29	-1.0
7500	7	1.7906	0.149273	4.95264e-05	5.70337e-30	-5.1429e-13
7500	8	2.977	0.510057	1.97413e-29	1.06714e-28	-1.0
7500	9	2.40543	0.845458	1.47326e-05	3.86929e-29	1.05148e-11
7500	10	2.52707	0.596494	3.68827e-06	0.00019042	-0.0135015
7600	1	2.19459	0.515503	9.67322e-30	9.67322e-30	-1.0
7600	2	1.66741	0.42811	1.18497e-28	1.46856e-29	-1.0
7600	3	2.41134	-0.220828	8.59929e-28	1.26344e-29	-1.0
7600	4	3.64222	0.808334	6.41394e-28	6.64401e-05	1.30237e-12
7600	5	3.05354	0.677271	3.65016e-28	7.31537e-29	-1.0
7600	6	2.98514	0.47458	1.08103e-27	6.21973e-29	-1.0
7600	7	1.7895	0.149273	1.78165e-29	5.70337e-30	-1.0
7600	8	2.977	0.510057	1.97413e-29	1.06714e-28	-1.0
7600	9	2.40564	0.845458	1.6709e-27	3.86929e-29	1.0
7600	10	2.52698	0.592334	6.87193e-28	2.59413e-28	1.0
7700	1	2.19459	0.515503	9.67322e-30	9.67322e-30	-1.0
7700	2	1.66741	0.42811	1.18497e-28	1.46856e-29	-1.0
7700	3	2.41134	-0.220828	8.59929e-28	1.26344e-29	-1.0
7700	4	3.64247	0.937153	6.25789e-05	3.20919e-29	-3.20449e-12
7700	5	3.05354	0.677271	3.65016e-28	7.31537e-29	-1.0
7700	6	2.98514	0.47458	1.08103e-27	6.21973e-29	-1.0
7700	7	1.7895	0.149273	1.78165e-29	5.70337e-30	-1.0
7700	8	2.977	0.510057	1.97413e-29	1.06714e-28	-1.0
7700	9	2.40564	0.845458	1.6709e-27	3.86929e-29	1.0
7700	10	2.52698	0.592334	6.87193e-28	2.59413e-28	1.0
7800	1	2.47441	0.519862	3.00265e-28	0.000248044	-1.18679e-13
7800	2	1.66741	0.42811	1.18497e-28	1.46856e-29	-1.0
7800	3	2.41134	-0.220828	8.59929e-28	1.26344e-29	-1.0
7800	4	3.64222	0.937153	6.41394e-28	3.20919e-29	-1.0
7800	5	3.05354	0.677094	3.65016e-28	7.888e-06	-3.04518e-12
7800	6	2.98514	0.47458	1.08103e-27	6.21973e-29	-1.0
7800	7	1.7895	0.149273	1.78165e-29	5.70337e-30	-1.0
7800	8	2.977	0.510057	1.97413e-29	1.06714e-28	-1.0
7800	9	2.40564	0.845458	1.6709e-27	3.86929e-29	1.0
7800	10	2.61897	0.727566	3.31851e-28	8.7059e-29	-1.0
7900	1	2.47441	0.631729	3.00265e-28	3.99761e-30	-1.0
7900	2	1.66741	0.42811	1.18497e-28	1.46856e-29	-1.0
7900	3	2.41134	-0.220828	8.59929e-28	1.26344e-29	-1.0
7900	4	3.64222	0.937153	6.41394e-28	3.20919e-29	-1.0
7900	5	3.05354	0.677271	3.65016e-28	7.31537e-29	-1.0
7900	6	2.98514	0.47458	1.08103e-27	6.21973e-29	-1.0
7900	7	1.7895	0.14656	1.78165e-29	9.64174e-05	-2.323e-13
7900	8	2.977	0.510057	1.97413e-29	1.06714e-28	-1.0
7900	9	2.40564	0.845458	1.6709e-27	3.86929e-29	1.0
7900	10	2.57144	0.727458	0.000342664	1.16741e-05	0.0251782
8000	1	2.47441	0.631729	3.00265e-28	3.99761e-30	-1.0
8000	2	1.66741	0.42811	1.18497e-28	1.46856e-29	-1.0
8000	3	2.41134	-0.220828	8.59929e-28	1.26344e-29	-1.0
8000	4	3.64222	0.937153	6.41394e-28	3.20919e-29	-1.0
8000	5	3.05354	0.677271	3.65016e-28	7.31537e-29	-1.0
8000	6	2.98514	0.47458	1.08103e-27	6.21973e-29	-1.0
8000	7	1.7895	0.295899	1.78165e-29	2.28135e-29	1.0
8000	8	2.977	0.510057	1.97413e-29	1.06714e-28	-1.0
8000	9	2.40564	0.845458	1.6709e-27	3.86929e-29	1.0
8000	10	2.55672	0.727566	2.79556e-27	8.7059e-29	-1.0
8100	1	2.47441	0.631729	3.00265e-28	3.99761e-30	-1.0
8100	2	1.66741	0.359992	1.18497e-28	2.07407e-29	-1.0
8100	3	2.41134	-0.220828	8.59929e-28	1.26344e-29	-1.0
8100	4	3.64222	0.937153	6.41394e-28	3.20919e-29	-1.0
8100	5	3.14408	0.677271	9.55477e-29	7.31537e-29	1.0
8100	6	2.98514	0.47458	1.08103e-27	6.21973e-29	-1.0
8100	7	1.78949	0.295899	2.16784e-09	2.28135e-29	8.94014e-11
8100	8	2.977	0.510057	1.97413e-29	1.06714e-28	-1.0
8100	9	2.40564	0.845458	1.6709e-27	3.86929e-29	1.0
8100	10	2.55672	0.727566	2.79556e-27	8.7059e-29	-1.0
8200	1	2.47441	0.631729	3.00265e-28	3.99761e-30	-1.0
8200	2	1.66741	0.359992	1.18497e-28	2.07407e-29	-1.0
8200	3	2.41134	-0.220828	8.59929e-28	1.26344e-29	-1.0
8200	4	3.64222	0.937153	6.41394e-28	3.20919e-29	-1.0
8200	5	3.14408	0.677271	9.55477e-29	7.31537e-29	1.0
8200	6	2.98514	0.47458	1.08103e-27	6.21973e-29	-1.0
8200	7	1.7895	0.295899	1.78165e-29	2.28135e-29	1.0
8200	8	2.977	0.510057	1.97413e-29	1.06714e-28	-1.0
8200	9	2.40564	0.845458	1.6709e-27	3.86929e-29	1.0
8200	10	2.55672	0.727566	2.79556e-27	8.7059e-29	-1.0
8300	1	2.47441	0.631729	3.00265e-28	3.99761e-30	-1.0
8300	2	1.66741	0.359992	1.18497e-28	2.07407e-29	-1.0
8300	3	2.41134	-0.220828	8.59929e-28	1.26344e-29	-1.0
8300	4	3.64222	0.937153	6.41394e-28	3.20919e-29	-1.0
8300	5	3.14408	0.677271	9.55477e-29	7.31537e-29	1.0
8300	6	2.98514	0.474577	1.08103e-27	9.50741e-09	-8.06365e-11
8300	7	1.7895	0.295899	1.78165e-29	2.28135e-29	1.0
8300	8	2.977	0.510057	1.97413e-29	1.06714e-28	-1.0
8300	9	2.40564	0.845458	1.6709e-27	3.86929e-29	1.0
8300	10	2.55672	0.727566	2.79556e-27	8.7059e-29	-1.0
8400	1	2.47441	0.632933	3.00265e-28	3.56451e-05	-3.76266e-13
8400	2	1.66741	0.359992	1.18497e-28	2.07407e-29	-1.0
8400	3	2.57905	-0.220828	0.000493147	1.26344e-29	1.51561e-12
8400	4	3.64222	0.937153	6.41394e-28	3.20919e-29	-1.0
8400	5	3.14408	0.678729	9.55477e-29	0.000171375	6.558e-13
8400	6	2.98514	0.47458	1.08103e-27	6.21973e-29	-1.0
8400	7	1.7895	-0.115448	1.78165e-29	2.33271e-30	-1.0
8400	8	2.977	0.510057	1.97413e-29	1.06714e-28	-1.0
8400	9	2.40564	0.845458	1.6709e-27	3.86929e-29	1.0
8400	10	2.55672	0.727566	2.79556e-27	8.7059e-29	-1.0
8500	1	2.47441	0.676968	3.00265e-28	0.000293587	1.44349e-13
8500	2	1.66741	0.359992	1.18497e-28	2.07407e-29	-1.0
8500	3	2.58495	-0.220828	1.08103e-27	1.26344e-29	1.0
8500	4	3.64222	0.937153	6.41394e-28	3.20919e-29	-1.0
8500	5	3.14408	0.677271	9.55477e-29	7.31537e-29	1.0
8500	6	2.98495	0.47458	1.88199e-05	6.21973e-29	-7.45425e-12
8500	7	1.7895	-0.115448	1.78165e-29	2.33271e-30	-1.0
8500	8	2.99925	0.510057	1.6696e-06	1.06714e-28	-4.36278e-11
8500	9	2.40564	0.845458	1.6709e-27	3.86929e-29	1.0
8500	10	2.55672	0.727566	2.79556e-27	8.7059e-29	-1.0
8600	1	2.47441	0.690266	3.00265e-28	5.14503e-06	4.8645e-12
8600	2	1.66741	0.0198106	1.18497e-28	0.0176782	6.24149e-16
8600	3	2.58495	-0.220828	1.08103e-27	1.26344e-29	1.0
8600	4	3.64222	0.937153	6.41394e-28	3.20919e-29	-1.0
8600	5	3.14408	0.677271	9.55477e-29	7.31537e-29	1.0
8600	6	2.98514	0.47458	1.08103e-27	6.21973e-29	-1.0
8600	7	1.7895	-0.115448	1.78165e-29	2.33271e-30	-1.0
8600	8	3.08093	0.510057	1.17046e-27	1.06714e-28	1.0
8600	9	2.40564	0.845458	1.6709e-27	3.86929e-29	1.0
8600	10	2.55672	0.727566	2.79556e-27	8.7059e-29	-1.0
8700	1	2.47441	0.690443	3.00265e-28	1.23383e-28	1.0
8700	2	1.66741	-0.0747446	1.18497e-28	4.62879e-31	-1.0
8700	3	2.58495	-0.220828	1.08103e-27	1.26344e-29	1.0
8700	4	3.64222	0.937153	6.41394e-28	3.20919e-29	-1.0
8700	5	3.14408	0.677271	9.55477e-29	7.31537e-29	1.0
8700	6	3.19446	0.47458	2.4183e-28	6.21973e-29	1.0
8700	7	1.78956	-0.115448	4.55119e-06	2.33271e-30	-1.89869e-12
8700	8	3.08093	0.510057	1.17046e-27	1.06714e-28	1.0
8700	9	2.40564	0.845458	1.6709e-27	3.86929e-29	1.0
8700	10	2.55672	0.727566	2.79556e-27	8.7059e-29	-1.0
8800	1	2.47441	0.690436	3.00265e-28	4.47289e-08	5.24464e-11
8800	2	1.66741	-0.0747446	1.18497e-28	4.62879e-31	-1.0
8800	3	2.58495	-0.220828	1.08103e-27	1.26344e-29	1.0
8800	4	3.64222	0.937153	6.41394e-28	3.20919e-29	-1.0
8800	5	2.97835	0.677271	0.001704	7.31537e-29	1.37919e-12
8800	6	3.19446	0.47458	2.4183e-28	6.21973e-29	1.0
8800	7	1.92442	-0.115448	1.66024e-28	2.33271e-30	-1.0
8800	8	3.08093	0.406767	1.17046e-27	0.000494054	2.02245e-13
8800	9	2.40564	0.845458	1.6709e-27	3.86929e-29	1.0
8800	10	2.55672	0.727566	2.79556e-27	8.7059e-29	-1.0
8900	1	2.58971	0.690443	0.000103104	1.23383e-28	4.44111e-12
8900	2	1.66741	-0.0747446	1.18497e-28	4.62879e-31	-1.0
8900	3	2.58495	-0.220828	1.08103e-27	1.26344e-29	1.0
8900	4	3.64222	0.937153	6.41394e-28	3.20919e-29	-1.0
8900	5	3.09607	0.677271	0.0021466	7.31537e-29	-1.17991e-13
8900	6	3.19446	0.47458	2.4183e-28	6.21973e-29	1.0
8900	7	2.06818	-0.0641415	2.61078e-27	4.98034e-06	3.0865e-13
8900	8	3.08093	0.39748	1.17046e-27	3.8005e-29	1.0
8900	9	2.40564	0.845458	1.6709e-27	3.86929e-29	1.0
8900	10	2.61581	0.727566	1.14026e-27	8.7059e-29	-1.0
9000	1	2.62545	0.608411	0.000285571	0.00166936	-1.0
9000	2	1.66741	-0.0747446	1.18497e-28	4.62879e-31	-1.0
9000	3	2.58495	-0.220828	1.08103e-27	1.26344e-29	1.0
9000	4	3.897	0.937153	4.62123e-27	3.20919e-29	-1.0
9000	5	3.12726	0.677271	7.10686e-30	7.31537e-29	1.0
9000	6	3.19446	0.47458	2.4183e-28	6.21973e-29	1.0
9000	7	2.06818	-0.193076	2.61078e-27	0.000789755	-3.26881e-14
9000	8	3.08093	0.39748	1.17046e-27	3.8005e-29	1.0
9000	9	2.40564	0.845458	1.6709e-27	3.86929e-29	1.0
9000	10	2.61581	0.727566	3.24527e-09	8.7059e-29	-5.8831e-10
9100	1	2.64201	0.568372	1.6709e-27	2.72553e-29	-1.0
9100	2	1.66741	-0.0747446	1.18497e-28	4.62879e-31	-1.0
9100	3	2.58495	-0.220828	1.08103e-27	1.26344e-29	1.0
9100	4	3.897	0.937153	4.62123e-27	3.20919e-29	-1.0
9100	5	3.12726	0.677271	7.10686e-30	7.31537e-29	1.0
9100	6	3.19446	0.47458	2.4183e-28	6.21973e-29	1.0
9100	7	2.06818	-0.205214	2.61078e-27	3.56577e-30	-1.0
9100	8	3.08093	0.39748	1.17046e-27	3.8005e-29	1.0
9100	9	2.40564	0.845458	1.6709e-27	3.86929e-29	1.0
9100	10	2.61941	0.727566	9.95157e-28	8.7059e-29	-1.0
9200	1	2.64192	0.568372	4.8337e-06	2.72553e-29	-1.86405e-11
9200	2	1.66741	0.0683565	1.18497e-28	0.00304705	1.03147e-14
9200	3	2.58495	-0.220828	1.08103e-27	1.26344e-29	1.0
9200	4	3.897	0.937153	4.62123e-27	3.20919e-29	-1.0
9200	5	3.12726	0.677271	7.10686e-30	7.31537e-29	1.0
9200	6	3.19446	0.47458	2.4183e-28	6.21973e-29	1.0
9200	7	2.21049	0.00525754	3.99761e-28	7.53069e-35	-1.0
9200	8	3.08093	0.39748	1.17046e-27	3.8005e-29	1.0
9200	9	2.40564	0.845458	1.6709e-27	3.86929e-29	1.0
9200	10	2.61941	0.727566	9.95157e-28	8.7059e-29	-1.0
9300	1	2.64201	0.568372	1.6709e-27	2.72553e-29	-1.0
9300	2	1.66741	0.111585	1.18497e-28	2.2286e-31	1.0
9300	3	2.58495	-0.220828	1.08103e-27	1.26344e-29	1.0
9300	4	3.897	0.937153	4.62123e-27	3.20919e-29	-1.0
9300	5	3.12726	0.677271	7.10686e-30	7.31537e-29	1.0
9300	6	3.19446	0.47458	2.4183e-28	6.21973e-29	1.0
9300	7	2.21049	0.00525754	3.99761e-28	7.53069e-35	-1.0
9300	8	3.08093	0.39748	1.17046e-27	3.8005e-29	1.0
9300	9	2.40564	0.845458	1.6709e-27	3.86929e-29	1.0
9300	10	2.61941	0.727566	9.95157e-28	8.7059e-29	-1.0
9400	1	2.73884	0.568372	4.74284e-27	2.72553e-29	-1.0
9400	2	1.66741	0.111585	1.18497e-28	2.2286e-31	1.0
9400	3	2.58495	-0.21923	1.08103e-27	9.21048e-05	3.53529e-13
9400	4	3.89692	0.937153	1.46093e-06	3.20919e-29	-5.57307e-11
9400	5	3.12726	0.677271	7.10686e-30	7.31537e-29	1.0
9400	6	3.19446	0.47458	2.4183e-28	6.21973e-29	1.0
9400	7	2.21049	0.00525754	3.99761e-28	7.53069e-35	-1.0
9400	8	3.08093	0.39748	1.17046e-27	3.8005e-29	1.0
9400	9	2.40564	0.845458	1.6709e-27	3.86929e-29	1.0
9400	10	2.61941	0.727566	9.95157e-28	8.7059e-29	-1.0
9500	1	2.73884	0.310257	4.74284e-27	1.97413e-31	1.0
9500	2	1.66741	0.111585	1.18497e-28	2.2286e-31	1.0
9500	3	2.58495	-0.220828	1.08103e-27	1.26344e-29	1.0
9500	4	3.897	0.937153	4.62123e-27	3.20919e-29	-1.0
9500	5	3.12726	0.677271	7.10686e-30	7.31537e-29	1.0
9500	6	3.19446	0.47458	2.4183e-28	6.21973e-29	1.0
9500	7	2.42792	0.00525754	3.48698e-05	7.53069e-35	4.80348e-13
9500	8	3.08093	0.39748	1.17046e-27	3.8005e-29	1.0
9500	9	2.40564	0.845458	1.6709e-27	3.86929e-29	1.0
9500	10	2.61941	0.727566	9.95157e-28	8.7059e-29	-1.0
9600	1	2.73884	0.310257	4.74284e-27	1.97413e-31	1.0
9600	2	1.66741	0.111585	1.18497e-28	2.2286e-31	1.0
9600	3	2.58495	-0.217279	1.08103e-27	0.000114735	2.48733e-13
9600	4	3.897	0.937153	4.62123e-27	3.20919e-29	-1.0
9600	5	3.12726	0.644392	7.10686e-30	2.76774e-05	7.62628e-14
9600	6	3.19446	0.47458	2.4183e-28	6.21973e-29	1.0
9600	7	2.64343	0.00525754	2.02151e-28	7.53069e-35	1.0
9600	8	3.08093	0.39748	1.17046e-27	3.8005e-29	1.0
9600	9	2.40595	0.845458	1.84674e-05	3.86929e-29	9.39724e-12
9600	10	2.61941	0.727566	9.95157e-28	8.7059e-29	-1.0
9700	1	2.73884	0.310257	4.74284e-27	1.97413e-31	1.0
9700	2	1.83634	0.111585	0.00078026	2.2286e-31	-9.58792e-13
9700	3	2.58495	0.0218182	1.08103e-27	2.29463e-31	-1.0
9700	4	3.897	0.937153	4.62123e-27	3.20919e-29	-1.0
9700	5	3.12726	0.475238	7.10686e-30	1.59904e-29	1.0
9700	6	3.19446	0.47458	2.4183e-28	6.21973e-29	1.0
9700	7	2.64343	0.00525754	2.02151e-28	7.53069e-35	1.0
9700	8	3.08093	0.39748	1.17046e-27	3.8005e-29	1.0
9700	9	2.52743	0.845458	3.82191e-28	3.86929e-29	1.0
9700	10	2.61941	0.727566	9.95157e-28	8.7059e-29	-1.0
9800	1	2.73884	0.310257	4.74284e-27	1.97413e-31	1.0
9800	2	1.85637	0.109844	7.10686e-28	0.00011833	-3.4654e-14
9800	3	2.58495	0.0218182	1.08103e-27	2.29463e-31	-1.0
9800	4	3.92498	0.920648	0.00135616	0.00225382	0.237453
9800	5	3.12726	0.475238	7.10686e-30	1.59904e-29	1.0
9800	6	3.19446	0.47458	2.4183e-28	6.21973e-29	1.0
9800	7	2.7806	0.00525754	5.1347e-28	7.53069e-35	-1.0
9800	8	3.08093	0.393501	1.17046e-27	1.41367e-05	8.54338e-13
9800	9	2.52743	0.845458	3.82191e-28	3.86929e-29	1.0
9800	10	2.61941	0.727566	9.95157e-28	8.7059e-29	-1.0
9900	1	2.73884	0.310257	4.74284e-27	1.97413e-31	1.0
9900	2	1.85637	-0.0276949	7.10686e-28	1.1572e-31	-1.0
9900	3	2.58495	-0.0393098	1.08103e-27	9.35091e-07	7.32416e-13
9900	4	4.0239	0.785339	3.43972e-27	2.70258e-28	-1.0
9900	5	3.12726	0.475238	7.10686e-30	1.59904e-29	1.0
9900	6	3.19446	0.47458	2.4183e-28	6.21973e-29	1.0
9900	7	2.7806	0.00525754	5.1347e-28	7.53069e-35	-1.0
9900	8	3.08093	0.386473	1.17046e-27	3.56577e-30	-1.0
9900	9	2.52743	0.845558	3.82191e-28	9.9279e-06	1.94972e-12
9900	10	2.61941	0.727566	9.95157e-28	8.7059e-29	-1.0
10000	1	2.7714	0.310257	0.00396314	1.97413e-31	6.37472e-13
10000	2	1.85637	-0.0276949	7.10686e-28	1.1572e-31	-1.0
10000	3	2.58495	-0.0393404	1.08103e-27	4.91652e-31	1.0
10000	4	4.0239	0.785339	3.43972e-27	2.70258e-28	-1.0
10000	5	3.12726	0.428639	7.10686e-30	5.53866e-29	1.0
10000	6	3.19446	0.47458	2.4183e-28	6.21973e-29	1.0
10000	7	2.7806	0.00525754	5.1347e-28	7.53069e-35	-1.0
10000	8	3.08093	0.386473	1.17046e-27	3.56577e-30	-1.0
10000	9	2.52743	0.469542	3.82191e-28	9.33083e-30	1.0
10000	10	2.61941	0.727566	9.95157e-28	8.7059e-29	-1.0
