// Initial random seed:
296084001654254275

// RunInitializeCallbacks():
initializeMutationRate(1e-07);
initializeMutationType(1, 0.5, "n", 0, 0.5);
initializeMutationType(2, 0.5, "n", 0, 0.5);
initializeMutationType(3, 0.5, "n", 0, 0.5);
initializeGenomicElementType(1, m1, 1);
initializeGenomicElementType(2, m2, 1);
initializeGenomicElementType(3, m3, 1);
initializeGenomicElement(g3, 0, 39);
initializeGenomicElement(g1, 40, 49);
initializeGenomicElement(g2, 50, 59);
initializeRecombinationRate(0.5);

// Starting run at tick <start>:
1 

0.0
0.0
4.60517 0.0
100	1	0.0	0.0	0.0	0.0	NAN
100	2	0.0	0.0	0.0	0.0	NAN
100	3	0.0486004	0.0636313	1.34415e-30	1.3281e-30	-1.0
100	4	0.16977	0.292066	4.81964e-31	4.45412e-30	-1.0
100	5	0.0	0.0	0.0	0.0	NAN
100	6	0.0	0.0	0.0	0.0	NAN
100	7	0.0	0.0	0.0	0.0	NAN
100	8	0.045622	0.0	1.56223e-05	0.0	NAN
100	9	0.188296	0.219051	5.57151e-30	2.24865e-30	-1.0
100	10	0.0	0.0	0.0	0.0	NAN
200	1	0.0	0.0	0.0	0.0	NAN
200	2	0.0	0.0	0.0	0.0	NAN
200	3	0.0486004	0.0636313	1.34415e-30	1.3281e-30	-1.0
200	4	0.16977	0.292066	4.81964e-31	4.45412e-30	-1.0
200	5	0.357846	0.39465	0.0131674	0.0160152	1.0
200	6	0.0	0.0	0.0	0.0	NAN
200	7	0.395237	0.446195	3.08457e-29	9.66366e-29	-1.0
200	8	0.0463168	0.0	7.41069e-31	0.0	NAN
200	9	0.188296	0.219051	5.57151e-30	2.24865e-30	-1.0
200	10	0.0	0.0	0.0	0.0	NAN
300	1	0.000221776	0.000104698	1.22592e-05	9.56668e-07	0.849269
300	2	0.0	0.0	0.0	0.0	NAN
300	3	0.0486004	0.0636313	1.34415e-30	1.3281e-30	-1.0
300	4	0.16977	0.292066	4.81964e-31	4.45412e-30	-1.0
300	5	0.429936	0.474054	8.36513e-06	8.02297e-30	-1.47283e-12
300	6	0.0	0.0	0.0	0.0	NAN
300	7	0.395237	0.446195	3.08457e-29	9.66366e-29	-1.0
300	8	0.0463168	0.0	7.41069e-31	0.0	NAN
300	9	0.188296	0.219051	5.57151e-30	2.24865e-30	-1.0
300	10	0.0	0.0	0.0	0.0	NAN
400	1	0.0321575	0.0180343	0.00125423	7.11539e-05	1.0
400	2	0.0	0.0	0.0	0.0	NAN
400	3	0.0486004	0.0636313	1.34415e-30	1.3281e-30	-1.0
400	4	0.170498	0.286615	8.01733e-05	8.55164e-05	0.878228
400	5	0.429845	0.474054	1.82884e-29	8.02297e-30	-1.0
400	6	0.351679	0.361147	2.02379e-29	1.22427e-29	-1.0
400	7	0.395237	0.446195	3.08457e-29	9.66366e-29	-1.0
400	8	0.362437	0.397214	0.000250073	0.000394832	1.0
400	9	0.188296	0.219051	5.57151e-30	2.24865e-30	-1.0
400	10	0.439876	0.473549	1.09021e-28	2.66785e-29	-1.0
500	1	0.0836649	0.0303025	0.00114443	6.49251e-05	1.0
500	2	0.0	0.0	0.0	0.0	NAN
500	3	0.0486004	0.0636313	1.34415e-30	1.3281e-30	-1.0
500	4	0.283305	0.438739	7.71143e-32	5.87426e-29	1.0
500	5	0.543852	0.508982	4.93532e-32	6.57507e-29	-1.0
500	6	0.351679	0.361147	2.02379e-29	1.22427e-29	-1.0
500	7	0.395237	0.446195	3.08457e-29	9.66366e-29	-1.0
500	8	0.467288	0.461318	4.07935e-29	1.97413e-29	1.0
500	9	0.188296	0.201876	5.57151e-30	0.00145182	-2.22365e-14
500	10	0.439876	0.473549	1.09021e-28	2.66785e-29	-1.0
600	1	0.124812	0.102327	0.000231001	1.3105e-05	1.0
600	2	0.0	0.0	0.0	0.0	NAN
600	3	0.0486004	0.0636313	1.34415e-30	1.3281e-30	-1.0
600	4	0.422831	0.541039	3.66478e-29	7.89651e-29	-1.0
600	5	0.760508	0.857005	7.71143e-30	2.81325e-28	-1.0
600	6	0.351679	0.361147	2.02379e-29	1.22427e-29	-1.0
600	7	0.395237	0.446195	3.08457e-29	9.66366e-29	-1.0
600	8	0.644244	0.574294	0.00356552	0.00145333	1.0
600	9	0.388565	0.303674	1.87665e-29	6.04576e-29	1.0
600	10	0.439876	0.473549	1.09021e-28	2.66785e-29	-1.0
700	1	0.129081	0.103343	3.7786e-30	1.20491e-31	-1.0
700	2	0.0	0.0	0.0	0.0	NAN
700	3	0.0493591	0.064159	8.17459e-05	3.95542e-05	1.0
700	4	0.805411	0.957316	0.00389644	0.00461252	0.999974
700	5	0.760508	0.857005	7.71143e-30	2.81325e-28	-1.0
700	6	0.351679	0.361147	2.02379e-29	1.22427e-29	-1.0
700	7	0.465255	0.5754	4.36806e-29	3.08457e-31	1.0
700	8	0.685485	0.600861	5.44562e-05	8.16989e-05	1.0
700	9	0.388565	0.303674	1.87665e-29	6.04576e-29	1.0
700	10	0.958101	0.794814	1.51144e-29	2.17647e-29	1.0
800	1	0.129081	0.103343	3.7786e-30	1.20491e-31	-1.0
800	2	0.0	0.0	0.0	0.0	NAN
800	3	0.265382	0.214426	9.67322e-30	1.42584e-30	1.0
800	4	0.966567	1.15446	0.0128982	0.0199262	1.0
800	5	0.760508	0.857005	7.71143e-30	2.81325e-28	-1.0
800	6	0.351679	0.361147	2.02379e-29	1.22427e-29	-1.0
800	7	0.465255	0.5754	4.36806e-29	3.08457e-31	1.0
800	8	0.954809	0.930744	1.30897e-28	3.08013e-28	-1.0
800	9	0.388565	0.303674	1.87665e-29	6.04576e-29	1.0
800	10	0.958101	0.104971	1.51144e-29	6.31585e-30	-1.0
900	1	0.129081	0.103343	3.7786e-30	1.20491e-31	-1.0
900	2	0.104318	0.122949	5.3124e-30	6.95957e-30	1.0
900	3	0.265382	0.214426	9.67322e-30	1.42584e-30	1.0
900	4	1.13843	1.40431	1.04431e-28	1.78165e-29	-1.0
900	5	0.734706	0.876573	4.83056e-06	2.77826e-06	-1.0
900	6	0.351679	0.361147	2.02379e-29	1.22427e-29	-1.0
900	7	0.465255	0.5754	4.36806e-29	3.08457e-31	1.0
900	8	0.954809	0.930744	1.30897e-28	3.08013e-28	-1.0
900	9	0.388565	0.303674	1.87665e-29	6.04576e-29	1.0
900	10	0.958101	0.104971	1.51144e-29	6.31585e-30	-1.0
1000	1	0.129081	0.103343	3.7786e-30	1.20491e-31	-1.0
1000	2	0.104318	0.122949	5.3124e-30	6.95957e-30	1.0
1000	3	0.265382	0.214426	9.67322e-30	1.42584e-30	1.0
1000	4	1.16052	1.40431	9.92845e-05	1.78165e-29	1.32639e-12
1000	5	0.734326	0.876861	3.08457e-29	2.84274e-29	-1.0
1000	6	0.351679	0.361147	2.02379e-29	1.22427e-29	-1.0
1000	7	0.465255	0.5754	4.36806e-29	3.08457e-31	1.0
1000	8	0.954809	0.930744	1.30897e-28	3.08013e-28	-1.0
1000	9	0.789973	0.649546	4.03224e-05	2.99368e-05	1.0
1000	10	0.958101	0.104971	1.51144e-29	6.31585e-30	-1.0
1100	1	0.129081	0.103343	3.7786e-30	1.20491e-31	-1.0
1100	2	0.104318	0.122949	5.3124e-30	6.95957e-30	1.0
1100	3	0.265382	0.214426	9.67322e-30	1.42584e-30	1.0
1100	4	1.16955	1.40431	7.71143e-28	1.78165e-29	1.0
1100	5	0.916309	0.876861	0.000140881	2.84274e-29	-1.78198e-12
1100	6	0.351679	0.361147	2.02379e-29	1.22427e-29	-1.0
1100	7	0.465255	0.5754	4.36806e-29	3.08457e-31	1.0
1100	8	1.18699	1.12366	1.26344e-29	9.99401e-29	-1.0
1100	9	0.790174	0.649719	1.57548e-28	3.99761e-30	1.0
1100	10	0.958101	0.332777	1.51144e-29	2.96242e-29	-1.0
1200	1	0.129081	0.103343	3.7786e-30	1.20491e-31	-1.0
1200	2	0.358265	0.122949	3.14657e-29	6.95957e-30	-1.0
1200	3	0.265382	0.214426	9.67322e-30	1.42584e-30	1.0
1200	4	1.16955	1.40431	7.71143e-28	1.78165e-29	1.0
1200	5	0.917869	0.876861	4.64364e-28	2.84274e-29	-1.0
1200	6	0.668447	0.607598	3.08013e-28	6.04576e-31	-1.0
1200	7	0.465255	0.5754	4.36806e-29	3.08457e-31	1.0
1200	8	1.18699	1.12366	1.26344e-29	9.99401e-29	-1.0
1200	9	0.790174	0.649719	1.57548e-28	3.99761e-30	1.0
1200	10	0.958101	0.332777	1.51144e-29	2.96242e-29	-1.0
1300	1	0.129081	0.103343	3.7786e-30	1.20491e-31	-1.0
1300	2	0.358265	0.122949	3.14657e-29	6.95957e-30	-1.0
1300	3	0.265382	0.214426	9.67322e-30	1.42584e-30	1.0
1300	4	1.16955	1.40431	7.71143e-28	1.78165e-29	1.0
1300	5	0.917869	0.876688	4.64364e-28	1.73162e-06	-3.99444e-12
1300	6	0.668447	0.607598	3.08013e-28	6.04576e-31	-1.0
1300	7	0.465255	0.5754	4.36806e-29	3.08457e-31	1.0
1300	8	1.18699	1.12366	1.26344e-29	9.99401e-29	-1.0
1300	9	0.790174	0.649719	1.57548e-28	3.99761e-30	1.0
1300	10	0.958101	0.489378	1.51144e-29	0.0023212	-1.40221e-13
1400	1	0.129081	0.103343	3.7786e-30	1.20491e-31	-1.0
1400	2	0.400289	0.110667	0.000409429	3.49691e-05	-1.0
1400	3	0.265382	0.214426	9.67322e-30	1.42584e-30	1.0
1400	4	1.16955	1.40431	7.71143e-28	1.78165e-29	1.0
1400	5	0.917869	0.856512	4.64364e-28	6.04576e-31	-1.0
1400	6	0.668447	0.607598	3.08013e-28	6.04576e-31	-1.0
1400	7	0.583369	0.695779	9.99401e-31	2.18252e-28	-1.0
1400	8	1.18699	1.12366	1.26344e-29	9.99401e-29	-1.0
1400	9	0.790174	0.649719	1.57548e-28	3.99761e-30	1.0
1400	10	0.958101	0.520774	1.51144e-29	5.21293e-29	-1.0
1500	1	0.129081	0.103343	3.7786e-30	1.20491e-31	-1.0
1500	2	0.61361	0.366698	2.77874e-05	5.1593e-05	1.0
1500	3	0.265382	0.214426	9.67322e-30	1.42584e-30	1.0
1500	4	1.16955	1.40431	7.71143e-28	1.78165e-29	1.0
1500	5	0.938026	0.877428	0.000427158	0.000459928	1.0
1500	6	0.668447	0.428722	3.08013e-28	3.20288e-05	7.86575e-13
1500	7	0.583369	0.695779	9.99401e-31	2.18252e-28	-1.0
1500	8	1.7045	1.50418	0.00120626	0.000652207	1.0
1500	9	0.790174	0.649719	1.57548e-28	3.99761e-30	1.0
1500	10	0.958101	0.520774	1.51144e-29	5.21293e-29	-1.0
1600	1	0.129081	0.103343	3.7786e-30	1.20491e-31	-1.0
1600	2	0.620579	0.368148	9.25376e-05	2.31087e-06	1.0
1600	3	0.265382	0.214426	9.67322e-30	1.42584e-30	1.0
1600	4	1.16955	1.40431	7.71143e-28	1.78165e-29	1.0
1600	5	0.97923	0.920183	6.3578e-28	1.02173e-28	-1.0
1600	6	0.668447	0.428363	3.08013e-28	1.97413e-29	1.0
1600	7	0.583369	0.695779	9.99401e-31	2.18252e-28	-1.0
1600	8	1.7092	1.50764	2.61078e-29	6.87193e-28	1.0
1600	9	0.790174	0.649719	1.57548e-28	3.99761e-30	1.0
1600	10	0.958101	0.520774	1.51144e-29	5.21293e-29	-1.0
1700	1	0.129081	0.103343	3.7786e-30	1.20491e-31	-1.0
1700	2	0.647981	0.372478	8.7059e-29	6.04576e-31	-1.0
1700	3	0.265382	0.214426	9.67322e-30	1.42584e-30	1.0
1700	4	1.16955	1.40431	7.71143e-28	1.78165e-29	1.0
1700	5	0.97923	0.920183	6.3578e-28	1.02173e-28	-1.0
1700	6	0.668447	0.428363	3.08013e-28	1.97413e-29	1.0
1700	7	0.583369	0.695779	9.99401e-31	2.18252e-28	-1.0
1700	8	1.74665	1.51867	0.00044445	3.85408e-05	1.0
1700	9	0.790182	0.649719	3.22349e-08	3.99761e-30	6.94132e-11
1700	10	0.958101	0.520774	1.51144e-29	5.21293e-29	-1.0
1800	1	0.129081	0.103343	3.7786e-30	1.20491e-31	-1.0
1800	2	0.647981	0.372478	8.7059e-29	6.04576e-31	-1.0
1800	3	0.449883	0.284778	0.00289957	0.000421587	1.0
1800	4	1.16955	1.40431	7.71143e-28	1.78165e-29	1.0
1800	5	0.97923	0.920183	6.3578e-28	1.02173e-28	-1.0
1800	6	0.856221	0.576103	1.80645e-28	1.54772e-28	1.0
1800	7	0.583369	0.695779	9.99401e-31	2.18252e-28	-1.0
1800	8	1.77096	1.52583	2.13522e-27	3.39994e-28	-1.0
1800	9	0.790174	0.649719	1.57548e-28	3.99761e-30	1.0
1800	10	0.958101	0.318942	1.51144e-29	2.90227e-29	1.0
1900	1	0.129081	0.103343	3.7786e-30	1.20491e-31	-1.0
1900	2	0.647981	0.372478	8.7059e-29	6.04576e-31	-1.0
1900	3	0.48206	0.297047	7.31537e-29	3.40074e-29	-1.0
1900	4	1.16955	1.40431	7.71143e-28	1.78165e-29	1.0
1900	5	0.97923	0.920183	6.3578e-28	1.02173e-28	-1.0
1900	6	0.988298	0.405629	6.19086e-28	1.38466e-29	1.0
1900	7	0.583369	0.695779	9.99401e-31	2.18252e-28	-1.0
1900	8	1.77096	1.52583	2.13522e-27	3.39994e-28	-1.0
1900	9	0.790174	0.649719	1.57548e-28	3.99761e-30	1.0
1900	10	0.958101	0.318942	1.51144e-29	2.90227e-29	1.0
2000	1	0.387353	0.39804	6.48531e-29	7.59892e-06	-2.71223e-12
2000	2	0.647981	0.372478	8.7059e-29	6.04576e-31	-1.0
2000	3	0.48206	0.297047	7.31537e-29	3.40074e-29	-1.0
2000	4	1.16955	1.40431	7.71143e-28	1.78165e-29	1.0
2000	5	0.97923	0.920183	6.3578e-28	1.02173e-28	-1.0
2000	6	0.988298	0.405629	6.19086e-28	1.38466e-29	1.0
2000	7	0.583369	0.695779	9.99401e-31	2.18252e-28	-1.0
2000	8	1.77096	1.52583	2.13522e-27	3.39994e-28	-1.0
2000	9	0.790174	0.649719	1.57548e-28	3.99761e-30	1.0
2000	10	0.958101	0.318942	1.51144e-29	2.90227e-29	1.0
2100	1	0.387353	0.398128	6.48531e-29	5.53866e-29	-1.0
2100	2	0.647981	0.372478	8.7059e-29	6.04576e-31	-1.0
2100	3	0.48206	0.297047	7.31537e-29	3.40074e-29	-1.0
2100	4	1.16955	1.40431	7.71143e-28	1.78165e-29	1.0
2100	5	0.97923	0.920183	6.3578e-28	1.02173e-28	-1.0
2100	6	0.988298	0.405629	6.19086e-28	1.38466e-29	1.0
2100	7	0.583369	0.695779	9.99401e-31	2.18252e-28	-1.0
2100	8	1.77096	1.52583	2.13522e-27	3.39994e-28	-1.0
2100	9	0.790174	0.649719	1.57548e-28	3.99761e-30	1.0
2100	10	1.62255	0.318942	9.55477e-29	2.90227e-29	1.0
2200	1	0.387353	0.398128	6.48531e-29	5.53866e-29	-1.0
2200	2	0.647981	0.372478	8.7059e-29	6.04576e-31	-1.0
2200	3	0.48206	0.297047	7.31537e-29	3.40074e-29	-1.0
2200	4	1.16955	1.40431	7.71143e-28	1.78165e-29	1.0
2200	5	0.97923	0.920183	6.3578e-28	1.02173e-28	-1.0
2200	6	0.988298	0.405629	6.19086e-28	1.38466e-29	1.0
2200	7	0.583369	0.695779	9.99401e-31	2.18252e-28	-1.0
2200	8	1.77096	1.52583	2.13522e-27	3.39994e-28	-1.0
2200	9	0.790174	0.649719	1.57548e-28	3.99761e-30	1.0
2200	10	1.62255	0.318942	9.55477e-29	2.90227e-29	1.0
2300	1	0.387353	0.398128	6.48531e-29	5.53866e-29	-1.0
2300	2	0.647981	0.372478	8.7059e-29	6.04576e-31	-1.0
2300	3	0.48206	0.297047	7.31537e-29	3.40074e-29	-1.0
2300	4	1.1631	1.49546	1.04065e-08	2.079e-06	-1.0
2300	5	0.97923	0.920183	6.3578e-28	1.02173e-28	-1.0
2300	6	0.988298	0.405629	6.19086e-28	1.38466e-29	1.0
2300	7	0.505574	0.609255	9.99401e-31	5.87426e-29	1.0
2300	8	1.77096	1.52583	2.13522e-27	3.39994e-28	-1.0
2300	9	0.790174	0.649719	1.57548e-28	3.99761e-30	1.0
2300	10	1.62255	0.318942	9.55477e-29	2.90227e-29	1.0
2400	1	0.387353	0.398128	6.48531e-29	5.53866e-29	-1.0
2400	2	0.647981	0.372478	8.7059e-29	6.04576e-31	-1.0
2400	3	0.48206	0.297047	7.31537e-29	3.40074e-29	-1.0
2400	4	1.1631	1.4955	1.42631e-29	5.37456e-29	1.0
2400	5	0.97923	0.920183	6.3578e-28	1.02173e-28	-1.0
2400	6	1.2708	0.475187	1.78165e-29	4.81964e-29	1.0
2400	7	0.505574	0.685494	9.99401e-31	0.00179118	2.42073e-14
2400	8	1.77096	1.52583	2.13522e-27	3.39994e-28	-1.0
2400	9	0.790174	0.649719	1.57548e-28	3.99761e-30	1.0
2400	10	1.62255	0.318942	9.55477e-29	2.90227e-29	1.0
2500	1	0.387353	0.398128	6.48531e-29	5.53866e-29	-1.0
2500	2	0.647981	0.372478	8.7059e-29	6.04576e-31	-1.0
2500	3	0.48206	0.297047	7.31537e-29	3.40074e-29	-1.0
2500	4	1.53136	1.49557	3.48236e-28	4.39315e-06	3.48266e-12
2500	5	0.97923	0.920183	6.3578e-28	1.02173e-28	-1.0
2500	6	1.2708	0.475187	1.78165e-29	4.81964e-29	1.0
2500	7	0.505574	0.73262	9.99401e-31	5.53866e-29	-1.0
2500	8	1.77096	1.52583	2.13522e-27	3.39994e-28	-1.0
2500	9	0.790174	0.649719	1.57548e-28	3.99761e-30	1.0
2500	10	1.62255	0.318942	9.55477e-29	2.90227e-29	1.0
2600	1	0.388267	0.398883	4.55786e-05	3.11822e-05	1.0
2600	2	0.647981	0.372478	8.7059e-29	6.04576e-31	-1.0
2600	3	0.48206	0.297047	7.31537e-29	3.40074e-29	-1.0
2600	4	1.53136	1.49559	3.48236e-28	3.90949e-06	3.61765e-12
2600	5	1.04325	0.920183	5.70523e-29	1.02173e-28	-1.0
2600	6	1.2708	0.475187	1.78165e-29	4.81964e-29	1.0
2600	7	0.511307	0.742927	0.00042475	0.000413262	0.91537
2600	8	1.77096	1.52583	2.13522e-27	3.39994e-28	-1.0
2600	9	0.790174	0.649719	1.57548e-28	3.99761e-30	1.0
2600	10	1.62254	0.318965	1.64651e-07	5.40859e-07	-1.0
2700	1	0.488862	0.482088	9.33083e-30	1.60348e-28	1.0
2700	2	0.647981	0.372478	8.7059e-29	6.04576e-31	-1.0
2700	3	0.48206	0.297047	7.31537e-29	3.40074e-29	-1.0
2700	4	1.53125	1.4955	1.14736e-05	5.37456e-29	5.4377e-12
2700	5	1.04325	0.920183	5.70523e-29	1.02173e-28	-1.0
2700	6	1.2708	0.475187	1.78165e-29	4.81964e-29	1.0
2700	7	0.906105	1.08165	2.14982e-28	2.14982e-28	1.0
2700	8	1.77096	1.52583	2.13522e-27	3.39994e-28	-1.0
2700	9	0.790174	0.649719	1.57548e-28	3.99761e-30	1.0
2700	10	1.62255	0.318942	9.55477e-29	2.90227e-29	1.0
2800	1	0.488862	0.482088	9.33083e-30	1.60348e-28	1.0
2800	2	0.721587	0.409983	1.68911e-29	2.17647e-29	-1.0
2800	3	0.48206	0.297047	7.31537e-29	3.40074e-29	-1.0
2800	4	1.53136	1.4955	3.48236e-28	5.37456e-29	1.0
2800	5	1.04325	0.920183	5.70523e-29	1.02173e-28	-1.0
2800	6	1.2708	0.475187	1.78165e-29	4.81964e-29	1.0
2800	7	0.906105	1.08165	2.14982e-28	2.14982e-28	1.0
2800	8	1.78745	1.55579	3.39422e-05	0.00011206	1.0
2800	9	0.790174	0.649719	1.57548e-28	3.99761e-30	1.0
2800	10	1.62255	0.318942	9.55477e-29	2.90227e-29	1.0
2900	1	0.488862	0.482088	9.33083e-30	1.60348e-28	1.0
2900	2	0.721587	0.409983	1.68911e-29	2.17647e-29	-1.0
2900	3	0.48206	0.297047	7.31537e-29	3.40074e-29	-1.0
2900	4	1.53136	1.4955	3.48236e-28	5.37456e-29	1.0
2900	5	1.04325	0.920183	5.70523e-29	1.02173e-28	-1.0
2900	6	1.2708	0.475187	1.78165e-29	4.81964e-29	1.0
2900	7	0.906105	1.08165	2.14982e-28	2.14982e-28	1.0
2900	8	1.79147	1.5631	5.23588e-28	1.49293e-28	-1.0
2900	9	0.790174	0.649719	1.57548e-28	3.99761e-30	1.0
2900	10	1.62255	0.318942	9.55477e-29	2.90227e-29	1.0
3000	1	0.506324	0.495151	0.00128766	0.000720568	1.0
3000	2	0.721587	0.409983	1.68911e-29	2.17647e-29	-1.0
3000	3	0.48206	0.297047	7.31537e-29	3.40074e-29	-1.0
3000	4	1.53136	1.4955	3.48236e-28	5.37456e-29	1.0
3000	5	1.04325	0.920183	5.70523e-29	1.02173e-28	-1.0
3000	6	1.2708	0.475187	1.78165e-29	4.81964e-29	1.0
3000	7	0.906105	1.08165	2.14982e-28	2.14982e-28	1.0
3000	8	1.79147	1.5631	5.23588e-28	1.49293e-28	-1.0
3000	9	0.790075	0.649719	7.74298e-08	3.99761e-30	3.63226e-11
3000	10	1.62255	0.318942	9.55477e-29	2.90227e-29	1.0
3100	1	0.649069	0.601933	6.04576e-31	1.18571e-29	1.0
3100	2	0.721587	0.413022	1.68911e-29	0.000155781	-3.73261e-13
3100	3	0.48206	0.297047	7.31537e-29	3.40074e-29	-1.0
3100	4	1.53136	1.4955	3.48236e-28	5.37456e-29	1.0
3100	5	1.04325	0.920183	5.70523e-29	1.02173e-28	-1.0
3100	6	1.2708	0.475187	1.78165e-29	4.81964e-29	1.0
3100	7	0.906105	1.08165	2.14982e-28	2.14982e-28	1.0
3100	8	1.78773	1.54136	1.63477e-27	6.39617e-29	-1.0
3100	9	0.78847	0.649719	4.89707e-29	3.99761e-30	1.0
3100	10	1.80812	0.471314	1.2477e-27	1.51144e-29	1.0
3200	1	0.649069	0.601933	6.04576e-31	1.18571e-29	1.0
3200	2	0.721587	0.446064	1.68911e-29	0.00129299	-6.20705e-14
3200	3	0.48206	0.297047	7.31537e-29	3.40074e-29	-1.0
3200	4	1.53136	1.30645	3.48236e-28	0.000160986	-4.93293e-13
3200	5	1.04325	0.920183	5.70523e-29	1.02173e-28	-1.0
3200	6	1.5114	0.579511	6.75595e-28	0.00129373	-1.53348e-13
3200	7	0.906105	1.08165	2.14982e-28	2.14982e-28	1.0
3200	8	1.78773	1.54136	1.63477e-27	6.39617e-29	-1.0
3200	9	0.78847	0.649719	4.89707e-29	3.99761e-30	1.0
3200	10	1.80812	0.471314	1.2477e-27	1.51144e-29	1.0
3300	1	0.649069	0.601933	6.04576e-31	1.18571e-29	1.0
3300	2	0.721587	0.499345	1.68911e-29	0.000826263	1.56981e-13
3300	3	0.627545	0.46263	8.09515e-29	2.61078e-29	-1.0
3300	4	1.53136	1.30473	3.48236e-28	4.44178e-29	-1.0
3300	5	1.04325	0.920183	5.70523e-29	1.02173e-28	-1.0
3300	6	1.5114	0.606165	6.75595e-28	7.89651e-29	-1.0
3300	7	0.906105	1.08165	2.14982e-28	2.14982e-28	1.0
3300	8	1.78773	1.54136	1.63477e-27	6.39617e-29	-1.0
3300	9	0.78847	0.649719	4.89707e-29	3.99761e-30	1.0
3300	10	1.80812	0.471314	1.2477e-27	1.51144e-29	1.0
3400	1	0.649069	0.601933	6.04576e-31	1.18571e-29	1.0
3400	2	0.721665	0.518611	1.99363e-06	4.21695e-06	1.0
3400	3	0.627545	0.46263	8.09515e-29	2.61078e-29	-1.0
3400	4	1.53136	1.30473	3.48236e-28	4.44178e-29	-1.0
3400	5	1.23472	0.920183	7.50662e-29	1.02173e-28	1.0
3400	6	1.5114	0.606165	6.75595e-28	7.89651e-29	-1.0
3400	7	0.906105	1.08165	2.14982e-28	2.14982e-28	1.0
3400	8	1.86368	1.76264	0.00113157	0.00960652	1.0
3400	9	0.78847	0.649719	4.89707e-29	3.99761e-30	1.0
3400	10	1.90751	0.483654	3.31851e-28	1.68899e-28	1.0
3500	1	0.649069	0.601933	6.04576e-31	1.18571e-29	1.0
3500	2	0.951251	0.593557	2.38388e-28	3.46583e-29	-1.0
3500	3	0.856553	0.754027	1.41261e-28	1.09021e-28	-1.0
3500	4	1.75044	1.58576	0.004279	0.0070414	1.0
3500	5	1.66811	1.16574	5.23588e-28	2.21546e-28	-1.0
3500	6	1.5114	0.606165	6.75595e-28	7.89651e-29	-1.0
3500	7	0.906105	1.08165	2.14982e-28	2.14982e-28	1.0
3500	8	1.89462	1.85281	4.08694e-28	9.53552e-28	-1.0
3500	9	0.78847	0.649719	4.89707e-29	3.99761e-30	1.0
3500	10	1.90751	0.483654	3.31851e-28	1.68899e-28	1.0
3600	1	0.649069	0.601933	6.04576e-31	1.18571e-29	1.0
3600	2	0.951251	0.593557	2.38388e-28	3.46583e-29	-1.0
3600	3	0.856904	0.754027	4.62527e-06	1.09021e-28	-5.49145e-12
3600	4	1.7894	1.37537	6.87193e-28	3.56577e-28	1.0
3600	5	1.66811	1.16574	5.23588e-28	2.21546e-28	-1.0
3600	6	1.5114	0.606165	6.75595e-28	7.89651e-29	-1.0
3600	7	0.906105	1.08165	2.14982e-28	2.14982e-28	1.0
3600	8	1.89462	1.85281	4.08694e-28	9.53552e-28	-1.0
3600	9	0.78847	0.649719	4.89707e-29	3.99761e-30	1.0
3600	10	1.90751	0.483654	3.31851e-28	1.68899e-28	1.0
3700	1	0.649069	0.601933	6.04576e-31	1.18571e-29	1.0
3700	2	0.951251	0.40327	2.38388e-28	4.36806e-29	1.0
3700	3	0.879611	0.754027	4.69671e-05	1.09021e-28	-1.53268e-12
3700	4	1.73024	1.37537	1.40157e-05	3.56577e-28	-8.83189e-12
3700	5	1.66811	1.16574	5.23588e-28	2.21546e-28	-1.0
3700	6	1.5114	0.606171	6.75595e-28	4.07748e-08	-4.42232e-11
3700	7	0.906105	1.08165	2.14982e-28	2.14982e-28	1.0
3700	8	1.89462	1.85281	4.08694e-28	9.53552e-28	-1.0
3700	9	0.78847	0.649719	4.89707e-29	3.99761e-30	1.0
3700	10	1.90751	0.483654	3.31851e-28	1.68899e-28	1.0
3800	1	0.665544	0.601933	0.0014332	1.18571e-29	7.22356e-16
3800	2	0.951251	0.40327	2.38388e-28	4.36806e-29	1.0
3800	3	0.896622	0.775659	0.0014156	0.00388828	1.0
3800	4	1.72976	1.37537	1.08103e-27	3.56577e-28	-1.0
3800	5	1.66821	1.1658	9.14836e-06	3.47403e-06	1.0
3800	6	1.5114	0.618936	6.75595e-28	2.14982e-28	-1.0
3800	7	0.906105	1.08165	2.14982e-28	2.14982e-28	1.0
3800	8	1.89462	1.85281	4.08694e-28	9.53552e-28	-1.0
3800	9	0.78847	0.649719	4.89707e-29	3.99761e-30	1.0
3800	10	2.39983	0.858201	2.38869e-29	7.1266e-29	-1.0
3900	1	0.846376	0.601933	1.3603e-28	1.18571e-29	1.0
3900	2	0.951251	0.40327	2.38388e-28	4.36806e-29	1.0
3900	3	1.11057	1.13025	8.34068e-30	2.4183e-30	1.0
3900	4	1.72976	1.37537	1.08103e-27	3.56577e-28	-1.0
3900	5	1.66811	1.16574	5.23588e-28	2.21546e-28	-1.0
3900	6	1.5114	0.618936	6.75595e-28	2.14982e-28	-1.0
3900	7	0.906105	1.08165	2.14982e-28	2.14982e-28	1.0
3900	8	1.89462	1.85281	4.08694e-28	9.53552e-28	-1.0
3900	9	0.78847	0.649719	4.89707e-29	3.99761e-30	1.0
3900	10	2.77647	0.858201	8.59929e-28	7.1266e-29	-1.0
4000	1	0.846376	0.601933	1.3603e-28	1.18571e-29	1.0
4000	2	0.951251	0.40327	2.38388e-28	4.36806e-29	1.0
4000	3	1.11057	1.13025	8.34068e-30	2.4183e-30	1.0
4000	4	1.73078	1.37681	0.000113817	0.000228736	1.0
4000	5	1.66811	1.16574	5.23588e-28	2.21546e-28	-1.0
4000	6	1.51063	0.618283	8.56841e-05	6.04921e-05	1.0
4000	7	1.1829	1.37135	8.34068e-30	2.4183e-30	-1.0
4000	8	1.89462	1.85281	4.08694e-28	9.53552e-28	-1.0
4000	9	0.78847	0.649719	4.89707e-29	3.99761e-30	1.0
4000	10	2.77647	0.858201	8.59929e-28	7.1266e-29	-1.0
4100	1	0.846376	0.601933	1.3603e-28	1.18571e-29	1.0
4100	2	0.951251	0.40327	2.38388e-28	4.36806e-29	1.0
4100	3	1.11057	1.13025	8.34068e-30	2.4183e-30	1.0
4100	4	1.73781	1.48878	1.76294e-27	2.3497e-28	-1.0
4100	5	1.66811	1.16574	5.23588e-28	2.21546e-28	-1.0
4100	6	1.5114	0.618936	6.75595e-28	2.14982e-28	-1.0
4100	7	1.1829	1.37135	8.34068e-30	2.4183e-30	-1.0
4100	8	1.89989	1.72633	1.89714e-28	7.71143e-28	1.0
4100	9	0.78847	0.649719	4.89707e-29	3.99761e-30	1.0
4100	10	2.77647	0.858201	8.59929e-28	7.1266e-29	-1.0
4200	1	0.846376	0.601933	1.3603e-28	1.18571e-29	1.0
4200	2	0.951251	0.40327	2.38388e-28	4.36806e-29	1.0
4200	3	1.11057	1.13025	8.34068e-30	2.4183e-30	1.0
4200	4	1.73781	1.48878	1.76294e-27	2.3497e-28	-1.0
4200	5	1.66811	1.16574	5.23588e-28	2.21546e-28	-1.0
4200	6	1.5114	0.618936	6.75595e-28	2.14982e-28	-1.0
4200	7	1.1829	1.37135	8.34068e-30	2.4183e-30	-1.0
4200	8	1.89989	1.72633	1.89714e-28	7.71143e-28	1.0
4200	9	0.78847	0.649719	4.89707e-29	3.99761e-30	1.0
4200	10	2.77647	0.858201	8.59929e-28	7.1266e-29	-1.0
4300	1	0.846376	0.601933	1.3603e-28	1.18571e-29	1.0
4300	2	0.951251	0.40327	2.38388e-28	4.36806e-29	1.0
4300	3	1.11057	1.13025	8.34068e-30	2.4183e-30	1.0
4300	4	1.73781	1.48878	1.76294e-27	2.3497e-28	-1.0
4300	5	1.66811	1.16574	5.23588e-28	2.21546e-28	-1.0
4300	6	1.5114	0.618936	6.75595e-28	2.14982e-28	-1.0
4300	7	1.1829	1.37135	8.34068e-30	2.4183e-30	-1.0
4300	8	1.89989	1.72633	1.89714e-28	7.71143e-28	1.0
4300	9	0.78847	0.649719	4.89707e-29	3.99761e-30	1.0
4300	10	2.77647	0.858201	8.59929e-28	7.1266e-29	-1.0
4400	1	0.829419	0.577953	1.03765e-29	1.25863e-28	1.0
4400	2	0.951251	0.40327	2.38388e-28	4.36806e-29	1.0
4400	3	1.11273	1.13135	0.000228504	5.99381e-05	1.0
4400	4	1.73781	1.48878	1.76294e-27	2.3497e-28	-1.0
4400	5	1.66811	1.16574	5.23588e-28	2.21546e-28	-1.0
4400	6	1.5114	0.618936	6.75595e-28	2.14982e-28	-1.0
4400	7	1.1829	1.37135	8.34068e-30	2.4183e-30	-1.0
4400	8	2.20821	2.05488	3.82191e-28	1.74434e-27	1.0
4400	9	0.78847	0.649719	4.89707e-29	3.99761e-30	1.0
4400	10	2.77632	0.858304	6.6676e-05	1.07233e-05	0.353893
4500	1	0.829419	0.577953	1.03765e-29	1.25863e-28	1.0
4500	2	0.951251	0.40327	2.38388e-28	4.36806e-29	1.0
4500	3	1.11608	1.13306	0.00058757	0.000154123	1.0
4500	4	1.72468	1.47214	1.8525e-05	0.000110189	1.0
4500	5	1.66811	1.16574	5.23588e-28	2.21546e-28	-1.0
4500	6	1.61256	0.686331	0.00228818	0.00101573	1.0
4500	7	1.1829	1.37135	8.34068e-30	2.4183e-30	-1.0
4500	8	2.20821	2.05488	3.82191e-28	1.74434e-27	1.0
4500	9	0.78847	0.649719	4.89707e-29	3.99761e-30	1.0
4500	10	2.77647	0.858201	8.59929e-28	7.1266e-29	-1.0
4600	1	1.06534	0.577953	4.08694e-28	1.25863e-28	1.0
4600	2	0.951251	0.40327	2.38388e-28	4.36806e-29	1.0
4600	3	1.15881	1.15495	0.0039311	0.00103115	1.0
4600	4	1.72194	1.46547	5.54532e-28	3.99761e-28	-1.0
4600	5	1.66811	1.16574	5.23588e-28	2.21546e-28	-1.0
4600	6	1.65854	0.716965	4.36085e-28	1.18497e-28	-1.0
4600	7	1.1829	1.37135	8.34068e-30	2.4183e-30	-1.0
4600	8	2.20821	2.05488	3.82191e-28	1.74434e-27	1.0
4600	9	0.78847	0.649719	4.89707e-29	3.99761e-30	1.0
4600	10	2.77647	0.858201	8.59929e-28	7.1266e-29	-1.0
4700	1	1.06534	0.577953	4.08694e-28	1.25863e-28	1.0
4700	2	0.951251	0.40327	2.38388e-28	4.36806e-29	1.0
4700	3	1.1586	1.15484	0.00388194	0.00101826	1.0
4700	4	1.72194	1.46547	5.54532e-28	3.99761e-28	-1.0
4700	5	1.72422	1.12348	3.48236e-28	4.93532e-28	-1.0
4700	6	1.65854	0.716965	4.36085e-28	1.18497e-28	-1.0
4700	7	1.27811	1.38166	0.00604686	7.09142e-05	1.0
4700	8	2.20821	2.05488	3.82191e-28	1.74434e-27	1.0
4700	9	0.78847	0.649719	4.89707e-29	3.99761e-30	1.0
4700	10	2.77647	0.858201	8.59929e-28	7.1266e-29	-1.0
4800	1	1.36043	0.837776	3.23806e-28	1.30897e-28	-1.0
4800	2	0.951251	0.40327	2.38388e-28	4.36806e-29	1.0
4800	3	1.17327	1.16236	0.00475007	0.00124598	1.0
4800	4	1.72194	1.46547	5.54532e-28	3.99761e-28	-1.0
4800	5	1.72422	1.12348	3.48236e-28	4.93532e-28	-1.0
4800	6	1.65854	0.716965	4.36085e-28	1.18497e-28	-1.0
4800	7	1.40692	1.39561	1.09021e-28	1.97413e-29	-1.0
4800	8	2.20821	2.05488	3.82191e-28	1.74434e-27	1.0
4800	9	0.994359	0.91728	0.00170974	0.00239285	1.0
4800	10	2.77647	0.858201	8.59929e-28	7.1266e-29	-1.0
4900	1	1.36043	0.837776	3.23806e-28	1.30897e-28	-1.0
4900	2	0.951251	0.40327	2.38388e-28	4.36806e-29	1.0
4900	3	1.16	1.15556	0.00401323	0.0010527	1.0
4900	4	1.72194	1.46547	5.54532e-28	3.99761e-28	-1.0
4900	5	1.78627	1.15551	1.77671e-28	3.1586e-28	1.0
4900	6	1.65854	0.716965	4.36085e-28	1.18497e-28	-1.0
4900	7	1.40692	1.39561	1.09021e-28	1.97413e-29	-1.0
4900	8	2.20821	2.05488	3.82191e-28	1.74434e-27	1.0
4900	9	1.20888	1.17107	1.89714e-28	7.58854e-28	1.0
4900	10	2.77647	0.858201	8.59929e-28	7.1266e-29	-1.0
5000	1	1.37907	0.860676	0.00369498	0.00557437	0.997232
5000	2	0.951251	0.40327	2.38388e-28	4.36806e-29	1.0
5000	3	1.16324	1.15722	0.00433523	0.00113716	1.0
5000	4	1.72194	1.46547	5.54532e-28	3.99761e-28	-1.0
5000	5	1.78627	1.15551	1.77671e-28	3.1586e-28	1.0
5000	6	1.88283	0.716965	8.81257e-05	1.18497e-28	1.31524e-12
5000	7	1.40692	1.39561	1.09021e-28	1.97413e-29	-1.0
5000	8	2.20821	2.05488	3.82191e-28	1.74434e-27	1.0
5000	9	1.20888	1.17107	1.89714e-28	7.58854e-28	1.0
5000	10	2.77647	0.858201	8.59929e-28	7.1266e-29	-1.0
5100	1	2.00817	1.46475	0.0198241	0.0308615	1.0
5100	2	0.951251	0.40327	2.38388e-28	4.36806e-29	1.0
5100	3	1.16993	1.15998	0.00470415	0.00134865	0.966548
5100	4	1.72194	1.46547	5.54532e-28	3.99761e-28	-1.0
5100	5	1.78627	1.15551	1.77671e-28	3.1586e-28	1.0
5100	6	1.88362	0.716965	1.54772e-28	1.18497e-28	1.0
5100	7	1.40692	1.39561	1.09021e-28	1.97413e-29	-1.0
5100	8	2.20821	2.05488	3.82191e-28	1.74434e-27	1.0
5100	9	1.20888	1.17107	1.89714e-28	7.58854e-28	1.0
5100	10	2.99745	1.00197	9.55477e-29	1.09021e-28	-1.0
5200	1	1.99607	1.44965	0.0193635	0.0301445	1.0
5200	2	0.951251	0.40327	2.38388e-28	4.36806e-29	1.0
5200	3	1.12515	0.894048	0.00758303	0.00168297	0.974783
5200	4	1.72194	1.46547	5.54532e-28	3.99761e-28	-1.0
5200	5	1.78627	1.15551	1.77671e-28	3.1586e-28	1.0
5200	6	1.88362	0.716965	1.54772e-28	1.18497e-28	1.0
5200	7	1.40692	1.39561	1.09021e-28	1.97413e-29	-1.0
5200	8	2.20821	2.05488	3.82191e-28	1.74434e-27	1.0
5200	9	1.20888	1.17107	1.89714e-28	7.58854e-28	1.0
5200	10	3.23522	1.2299	9.67322e-28	5.97173e-28	-1.0
5300	1	2.02007	1.47959	0.0195086	0.0303703	1.0
5300	2	0.951251	0.40327	2.38388e-28	4.36806e-29	1.0
5300	3	1.09045	0.885412	0.00586141	0.00153749	1.0
5300	4	1.72194	1.46547	5.54532e-28	3.99761e-28	-1.0
5300	5	1.78627	1.15551	1.77671e-28	3.1586e-28	1.0
5300	6	1.88362	0.716965	1.54772e-28	1.18497e-28	1.0
5300	7	1.40692	1.39561	1.09021e-28	1.97413e-29	-1.0
5300	8	2.20821	2.05488	3.82191e-28	1.74434e-27	1.0
5300	9	1.59957	1.59621	2.17647e-29	8.08602e-28	-1.0
5300	10	3.23522	1.2299	9.67322e-28	5.97173e-28	-1.0
5400	1	2.01822	1.47729	0.020128	0.0313345	1.0
5400	2	0.951251	0.40327	2.38388e-28	4.36806e-29	1.0
5400	3	1.10426	0.892487	0.00556706	0.00146028	1.0
5400	4	1.72194	1.46547	5.54532e-28	3.99761e-28	-1.0
5400	5	1.78627	1.15551	1.77671e-28	3.1586e-28	1.0
5400	6	1.88362	0.716965	1.54772e-28	1.18497e-28	1.0
5400	7	1.40692	1.39561	1.09021e-28	1.97413e-29	-1.0
5400	8	2.20821	2.05488	3.82191e-28	1.74434e-27	1.0
5400	9	1.59957	1.59621	2.17647e-29	8.08602e-28	-1.0
5400	10	3.23522	1.2299	9.67322e-28	5.97173e-28	-1.0
5500	1	2.00612	1.46219	0.0189844	0.0295542	1.0
5500	2	0.951251	0.40327	2.38388e-28	4.36806e-29	1.0
5500	3	1.12164	0.901386	0.00563695	0.00147861	1.0
5500	4	1.72194	1.46547	5.54532e-28	3.99761e-28	-1.0
5500	5	1.78627	1.15551	1.77671e-28	3.1586e-28	1.0
5500	6	1.88362	0.716965	1.54772e-28	1.18497e-28	1.0
5500	7	1.44215	1.34614	7.10686e-28	5.1347e-28	1.0
5500	8	2.20821	2.05488	3.82191e-28	1.74434e-27	1.0
5500	9	1.59957	1.59621	2.17647e-29	8.08602e-28	-1.0
5500	10	3.23522	1.2299	9.67322e-28	5.97173e-28	-1.0
5600	1	1.97843	1.42764	0.0171834	0.0267506	1.0
5600	2	1.42416	0.815245	5.33804e-28	5.21293e-29	1.0
5600	3	1.09703	0.970939	0.0057706	0.00213265	0.847167
5600	4	1.72194	1.46547	5.54532e-28	3.99761e-28	-1.0
5600	5	1.78627	1.15551	1.77671e-28	3.1586e-28	1.0
5600	6	1.88362	0.716965	1.54772e-28	1.18497e-28	1.0
5600	7	1.44215	1.34614	7.10686e-28	5.1347e-28	1.0
5600	8	2.20821	2.05488	3.82191e-28	1.74434e-27	1.0
5600	9	1.59957	1.59621	2.17647e-29	8.08602e-28	-1.0
5600	10	3.23522	1.26562	9.67322e-28	7.97967e-06	5.99357e-12
5700	1	1.97207	1.4197	0.0162125	0.0252391	1.0
5700	2	1.66535	1.1256	6.9889e-28	2.92615e-28	1.0
5700	3	1.08959	0.98208	0.00546782	0.00143425	1.0
5700	4	1.72194	1.46547	5.54532e-28	3.99761e-28	-1.0
5700	5	1.78627	1.15551	1.77671e-28	3.1586e-28	1.0
5700	6	1.88358	0.716985	1.36297e-06	3.97369e-07	-1.0
5700	7	1.44215	1.34614	7.10686e-28	5.1347e-28	1.0
5700	8	2.20821	2.05488	3.82191e-28	1.74434e-27	1.0
5700	9	1.59957	1.59621	2.17647e-29	8.08602e-28	-1.0
5700	10	3.23517	1.26613	7.71692e-07	1.0203e-06	-1.0
5800	1	2.01207	1.46961	0.0199814	0.0311064	1.0
5800	2	1.66535	1.1256	6.9889e-28	2.92615e-28	1.0
5800	3	1.08419	0.979317	0.00581874	0.00152629	1.0
5800	4	1.72194	1.46547	5.54532e-28	3.99761e-28	-1.0
5800	5	1.78627	1.15551	1.77671e-28	3.1586e-28	1.0
5800	6	1.88362	0.716965	1.54772e-28	1.18497e-28	1.0
5800	7	1.54947	1.34614	3.31851e-28	5.1347e-28	-1.0
5800	8	2.20821	2.05488	3.82191e-28	1.74434e-27	1.0
5800	9	1.59957	1.59621	2.17647e-29	8.08602e-28	-1.0
5800	10	3.0188	1.06235	0.000373113	0.000121177	0.958287
5900	1	2.01605	1.46855	0.0207723	0.0303346	0.992896
5900	2	1.66535	1.1256	6.9889e-28	2.92615e-28	1.0
5900	3	1.08365	0.97904	0.0054146	0.00142029	1.0
5900	4	1.72194	1.46547	5.54532e-28	3.99761e-28	-1.0
5900	5	1.78627	1.15551	1.77671e-28	3.1586e-28	1.0
5900	6	1.88362	0.716965	1.54772e-28	1.18497e-28	1.0
5900	7	1.54947	1.34614	3.31851e-28	5.1347e-28	-1.0
5900	8	2.20821	2.05488	3.82191e-28	1.74434e-27	1.0
5900	9	1.59957	1.59621	2.17647e-29	8.08602e-28	-1.0
5900	10	3.01613	1.0606	1.74434e-27	2.02151e-28	-1.0
6000	1	2.18577	1.54183	6.41394e-28	3.33627e-29	1.0
6000	2	1.66535	1.1256	6.9889e-28	2.92615e-28	1.0
6000	3	1.07739	0.975835	0.00572975	0.00150295	1.0
6000	4	1.72194	1.46547	5.54532e-28	3.99761e-28	-1.0
6000	5	1.78627	1.15551	1.77671e-28	3.1586e-28	1.0
6000	6	2.23146	1.00908	5.99008e-05	1.1371e-28	-1.3562e-12
6000	7	1.54947	1.34614	3.31851e-28	5.1347e-28	-1.0
6000	8	2.20821	2.05488	3.82191e-28	1.74434e-27	1.0
6000	9	1.59957	1.59621	2.17647e-29	8.08602e-28	-1.0
6000	10	3.01613	1.0606	1.74434e-27	2.02151e-28	-1.0
6100	1	2.18577	1.54183	6.41394e-28	3.33627e-29	1.0
6100	2	1.66535	1.1256	6.9889e-28	2.92615e-28	1.0
6100	3	1.07297	0.973569	0.00529495	0.0013889	1.0
6100	4	1.72194	1.46547	5.54532e-28	3.99761e-28	-1.0
6100	5	1.78627	1.15551	1.77671e-28	3.1586e-28	1.0
6100	6	2.2469	1.00908	3.65016e-28	1.1371e-28	-1.0
6100	7	1.79932	1.34614	0.0145309	5.1347e-28	5.79045e-16
6100	8	2.20821	2.05488	3.82191e-28	1.74434e-27	1.0
6100	9	1.59957	1.59621	2.17647e-29	8.08602e-28	-1.0
6100	10	3.01613	1.0606	1.74434e-27	2.02151e-28	-1.0
6200	1	2.26191	1.53967	3.04661e-05	2.43918e-08	-1.0
6200	2	1.66535	1.1256	6.9889e-28	2.92615e-28	1.0
6200	3	1.10254	0.988713	0.0060153	0.00157785	1.0
6200	4	1.72194	1.46547	5.54532e-28	3.99761e-28	-1.0
6200	5	1.78627	1.15551	1.77671e-28	3.1586e-28	1.0
6200	6	2.2469	1.00908	3.65016e-28	1.1371e-28	-1.0
6200	7	1.91825	1.34614	4.45412e-28	5.1347e-28	-1.0
6200	8	2.20821	2.05488	3.82191e-28	1.74434e-27	1.0
6200	9	1.59957	1.59621	2.17647e-29	8.08602e-28	-1.0
6200	10	3.01613	1.0606	1.74434e-27	2.02151e-28	-1.0
6300	1	2.26272	1.53965	1.49422e-27	1.23205e-27	-1.0
6300	2	1.66535	1.1256	6.9889e-28	2.92615e-28	1.0
6300	3	1.22144	1.11501	0.00802805	0.0037322	0.954178
6300	4	1.72194	1.46547	5.54532e-28	3.99761e-28	-1.0
6300	5	1.78627	1.15551	1.77671e-28	3.1586e-28	1.0
6300	6	2.2469	1.00908	3.65016e-28	1.1371e-28	-1.0
6300	7	1.91825	1.34614	4.45412e-28	5.1347e-28	-1.0
6300	8	2.20821	2.05488	3.82191e-28	1.74434e-27	1.0
6300	9	1.59957	1.59621	2.17647e-29	8.08602e-28	-1.0
6300	10	3.01613	1.0606	1.74434e-27	2.02151e-28	-1.0
6400	1	2.26272	1.53965	1.49422e-27	1.23205e-27	-1.0
6400	2	1.66535	1.1256	6.9889e-28	2.92615e-28	1.0
6400	3	1.22819	1.13386	0.00460949	0.00120909	1.0
6400	4	1.72203	1.46548	1.2016e-06	2.31053e-08	1.0
6400	5	2.35491	1.34884	1.17046e-27	2.4183e-28	-1.0
6400	6	2.2469	1.00908	3.65016e-28	1.1371e-28	-1.0
6400	7	1.91825	1.34614	4.45412e-28	5.1347e-28	-1.0
6400	8	2.20821	2.05488	3.82191e-28	1.74434e-27	1.0
6400	9	1.59957	1.59621	2.17647e-29	8.08602e-28	-1.0
6400	10	3.14656	1.0606	0.00804174	2.02151e-28	-6.12394e-14
6500	1	2.26272	1.53965	1.49422e-27	1.23205e-27	-1.0
6500	2	1.66535	1.1256	6.9889e-28	2.92615e-28	1.0
6500	3	1.28792	1.13098	0.00452046	0.00118575	1.0
6500	4	1.74813	1.4691	1.2016e-06	2.31053e-08	1.0
6500	5	2.35491	1.34884	1.17046e-27	2.4183e-28	-1.0
6500	6	2.53431	1.25927	2.26018e-27	2.4183e-30	1.0
6500	7	1.91825	1.34614	4.45412e-28	5.1347e-28	-1.0
6500	8	2.20821	2.05488	3.82191e-28	1.74434e-27	1.0
6500	9	1.59957	1.59621	2.17647e-29	8.08602e-28	-1.0
6500	10	3.26889	1.0606	6.3253e-27	2.02151e-28	-1.0
6600	1	2.26272	1.53965	1.49422e-27	1.23205e-27	-1.0
6600	2	1.66535	1.1256	6.9889e-28	2.92615e-28	1.0
6600	3	1.26547	1.11949	0.00313769	0.000823036	1.0
6600	4	1.74823	1.46911	3.99761e-28	6.04576e-29	1.0
6600	5	2.35491	1.34884	1.17046e-27	2.4183e-28	-1.0
6600	6	2.70117	1.38017	0.00892518	0.00468569	1.0
6600	7	1.91825	1.34614	4.45412e-28	5.1347e-28	-1.0
6600	8	2.20821	2.05488	3.82191e-28	1.74434e-27	1.0
6600	9	1.59957	1.59621	2.17647e-29	8.08602e-28	-1.0
6600	10	3.26889	1.0606	6.3253e-27	2.02151e-28	-1.0
6700	1	2.51566	1.87261	0.000416221	0.00072118	1.0
6700	2	1.66535	1.1256	6.9889e-28	2.92615e-28	1.0
6700	3	1.28274	1.12833	0.00413844	0.00108554	1.0
6700	4	1.74823	1.46911	3.99761e-28	6.04576e-29	1.0
6700	5	2.35491	1.34884	1.17046e-27	2.4183e-28	-1.0
6700	6	2.80897	1.45828	7.10686e-30	3.00265e-28	1.0
6700	7	1.91825	1.34614	4.45412e-28	5.1347e-28	-1.0
6700	8	2.20821	2.05488	3.82191e-28	1.74434e-27	1.0
6700	9	1.59957	1.59621	2.17647e-29	8.08602e-28	-1.0
6700	10	3.23617	0.850081	8.59929e-28	2.88827e-28	-1.0
6800	1	2.519	1.87699	1.1371e-28	9.55477e-29	-1.0
6800	2	1.66535	1.1256	6.9889e-28	2.92615e-28	1.0
6800	3	1.26547	1.11949	0.00309105	0.000810803	1.0
6800	4	1.74823	1.46911	3.99761e-28	6.04576e-29	1.0
6800	5	2.35491	1.34884	1.17046e-27	2.4183e-28	-1.0
6800	6	2.80897	1.45828	7.10686e-30	3.00265e-28	1.0
6800	7	1.92334	1.34882	5.52799e-05	1.53434e-05	1.0
6800	8	2.20821	2.05488	3.82191e-28	1.74434e-27	1.0
6800	9	1.59957	1.59621	2.17647e-29	8.08602e-28	-1.0
6800	10	3.23617	0.850081	8.59929e-28	2.88827e-28	-1.0
6900	1	2.519	1.87699	1.1371e-28	9.55477e-29	-1.0
6900	2	1.66535	1.1256	6.9889e-28	2.92615e-28	1.0
6900	3	1.25791	1.11562	0.00246407	0.000646341	1.0
6900	4	1.74823	1.46911	3.99761e-28	6.04576e-29	1.0
6900	5	2.35491	1.34884	1.17046e-27	2.4183e-28	-1.0
6900	6	2.80897	1.45828	7.10686e-30	3.00265e-28	1.0
6900	7	1.94383	1.35961	2.21813e-27	4.8371e-28	-1.0
6900	8	2.20821	2.05488	3.82191e-28	1.74434e-27	1.0
6900	9	1.59957	1.59621	2.17647e-29	8.08602e-28	-1.0
6900	10	3.23617	0.850081	8.59929e-28	2.88827e-28	-1.0
7000	1	2.519	1.87699	1.1371e-28	9.55477e-29	-1.0
7000	2	1.66535	1.1256	6.9889e-28	2.92615e-28	1.0
7000	3	1.26957	1.12159	0.00324434	0.000851011	1.0
7000	4	1.74823	1.46911	3.99761e-28	6.04576e-29	1.0
7000	5	2.35491	1.34884	1.17046e-27	2.4183e-28	-1.0
7000	6	2.80897	1.45828	7.10686e-30	3.00265e-28	1.0
7000	7	1.94383	1.35961	2.21813e-27	4.8371e-28	-1.0
7000	8	2.20821	2.05488	3.82191e-28	1.74434e-27	1.0
7000	9	1.6085	1.60137	0.000310349	0.000103405	1.0
7000	10	3.23617	0.850081	8.59929e-28	2.88827e-28	-1.0
7100	1	2.46765	1.80277	2.13522e-27	2.07407e-27	1.0
7100	2	1.66531	1.12551	1.47262e-06	6.64508e-06	1.0
7100	3	1.26601	1.11976	0.00306651	0.000804366	1.0
7100	4	1.74823	1.46911	3.99761e-28	6.04576e-29	1.0
7100	5	2.35491	1.34884	1.17046e-27	2.4183e-28	-1.0
7100	6	2.80897	1.45828	7.10686e-30	3.00265e-28	1.0
7100	7	1.94383	1.35961	2.21813e-27	4.8371e-28	-1.0
7100	8	2.20821	2.05488	3.82191e-28	1.74434e-27	1.0
7100	9	1.67792	1.64144	1.40958e-27	1.06647e-27	1.0
7100	10	3.23617	0.850081	8.59929e-28	2.88827e-28	-1.0
7200	1	2.46765	1.5046	2.13522e-27	4.93532e-30	1.0
7200	2	1.66535	1.1256	6.9889e-28	2.92615e-28	1.0
7200	3	1.26018	1.11678	0.00263385	0.000690875	1.0
7200	4	1.74823	1.46911	3.99761e-28	6.04576e-29	1.0
7200	5	2.35491	1.34884	1.17046e-27	2.4183e-28	-1.0
7200	6	2.68583	1.30382	0.00197929	0.0172981	-0.0373684
7200	7	1.94383	1.35961	2.21813e-27	4.8371e-28	-1.0
7200	8	2.20821	2.05488	3.82191e-28	1.74434e-27	1.0
7200	9	1.67792	1.64144	1.40958e-27	1.06647e-27	1.0
7200	10	3.23617	0.850081	8.59929e-28	2.88827e-28	-1.0
7300	1	2.46765	1.5046	2.13522e-27	4.93532e-30	1.0
7300	2	1.66535	1.1256	6.9889e-28	2.92615e-28	1.0
7300	3	1.33079	1.10345	0.00317369	0.000818062	0.979955
7300	4	1.74823	1.46911	3.99761e-28	6.04576e-29	1.0
7300	5	2.35491	1.34884	1.17046e-27	2.4183e-28	-1.0
7300	6	2.65379	1.07549	2.89032e-27	2.4183e-30	-1.0
7300	7	1.94383	1.24318	2.21813e-27	0.000276515	1.44882e-13
7300	8	2.20821	2.05488	3.82191e-28	1.74434e-27	1.0
7300	9	1.67792	1.64144	1.40958e-27	1.06647e-27	1.0
7300	10	3.23617	0.850081	8.59929e-28	2.88827e-28	-1.0
7400	1	2.66935	1.7116	0.000488341	0.000514389	1.0
7400	2	1.66535	1.1256	6.9889e-28	2.92615e-28	1.0
7400	3	1.34827	1.10006	0.00262303	0.000688037	1.0
7400	4	1.74823	1.46911	3.99761e-28	6.04576e-29	1.0
7400	5	2.35491	1.34884	1.17046e-27	2.4183e-28	-1.0
7400	6	2.65379	1.16164	2.89032e-27	1.42631e-29	-1.0
7400	7	1.94383	1.23877	2.21813e-27	1.23383e-30	1.0
7400	8	2.20821	2.05488	3.82191e-28	1.74434e-27	1.0
7400	9	1.67792	1.64144	1.40958e-27	1.06647e-27	1.0
7400	10	3.23617	0.850081	8.59929e-28	2.88827e-28	-1.0
7500	1	2.6743	1.71669	3.70524e-27	3.08013e-28	1.0
7500	2	1.66535	1.1256	6.9889e-28	2.92615e-28	1.0
7500	3	1.35463	1.10293	0.0029733	0.000768828	0.983589
7500	4	1.74823	1.46911	3.99761e-28	6.04576e-29	1.0
7500	5	2.35491	1.34884	1.17046e-27	2.4183e-28	-1.0
7500	6	2.65379	1.16164	2.89032e-27	1.42631e-29	-1.0
7500	7	1.94383	1.23877	2.21813e-27	1.23383e-30	1.0
7500	8	2.20821	2.05488	3.82191e-28	1.74434e-27	1.0
7500	9	1.67792	1.64144	1.40958e-27	1.06647e-27	1.0
7500	10	3.23617	0.850081	8.59929e-28	2.88827e-28	-1.0
7600	1	2.6743	1.71669	3.70524e-27	3.08013e-28	1.0
7600	2	1.66535	1.1256	6.9889e-28	2.92615e-28	1.0
7600	3	1.50724	1.05088	0.00088733	0.000232752	1.0
7600	4	1.74823	1.46909	3.99761e-28	3.36498e-07	1.34496e-11
7600	5	2.35491	1.34884	1.17046e-27	2.4183e-28	-1.0
7600	6	2.65379	1.16164	2.89032e-27	1.42631e-29	-1.0
7600	7	1.94383	1.23877	2.21813e-27	1.23383e-30	1.0
7600	8	2.20821	2.05488	3.82191e-28	1.74434e-27	1.0
7600	9	1.76183	1.64144	0.00415067	1.06647e-27	3.39095e-13
7600	10	3.23617	0.850081	8.59929e-28	2.88827e-28	-1.0
7700	1	2.6743	1.71669	3.70524e-27	3.08013e-28	1.0
7700	2	1.66535	1.1256	6.9889e-28	2.92615e-28	1.0
7700	3	1.49828	1.04629	1.18497e-28	8.29627e-29	-1.0
7700	4	1.74823	1.46911	3.99761e-28	6.04576e-29	1.0
7700	5	2.35491	1.34884	1.17046e-27	2.4183e-28	-1.0
7700	6	2.65379	1.16164	2.89032e-27	1.42631e-29	-1.0
7700	7	1.94383	1.23877	2.21813e-27	1.23383e-30	1.0
7700	8	2.20821	2.05488	3.82191e-28	1.74434e-27	1.0
7700	9	1.85683	1.64144	2.26018e-27	1.06647e-27	-1.0
7700	10	3.23617	0.850081	8.59929e-28	2.88827e-28	-1.0
7800	1	2.6743	1.71669	3.70524e-27	3.08013e-28	1.0
7800	2	1.66535	1.1256	6.9889e-28	2.92615e-28	1.0
7800	3	1.49828	1.04629	1.18497e-28	8.29627e-29	-1.0
7800	4	1.74823	1.46911	3.99761e-28	6.04576e-29	1.0
7800	5	2.35506	1.34895	1.20708e-05	6.37473e-06	1.0
7800	6	2.65379	1.16164	2.89032e-27	1.42631e-29	-1.0
7800	7	1.94383	1.23877	2.21813e-27	1.23383e-30	1.0
7800	8	2.20821	2.05488	3.82191e-28	1.74434e-27	1.0
7800	9	1.85683	1.64144	2.26018e-27	1.06647e-27	-1.0
7800	10	3.23617	0.850081	8.59929e-28	2.88827e-28	-1.0
7900	1	2.6743	1.49777	3.70524e-27	0.00813429	1.25045e-13
7900	2	1.66535	1.1256	6.9889e-28	2.92615e-28	1.0
7900	3	1.93525	1.48855	5.54532e-28	4.1506e-29	-1.0
7900	4	1.74823	1.46911	3.99761e-28	6.04576e-29	1.0
7900	5	2.82888	1.46062	0.00876784	6.56604e-05	0.0955986
7900	6	2.65379	1.16164	2.89032e-27	1.42631e-29	-1.0
7900	7	1.94383	1.23877	2.21813e-27	1.23383e-30	1.0
7900	8	2.20821	2.05488	3.82191e-28	1.74434e-27	1.0
7900	9	2.09319	1.81179	7.58854e-28	1.34364e-27	-1.0
7900	10	3.23617	0.850081	8.59929e-28	2.88827e-28	-1.0
8000	1	2.6743	1.42421	3.70524e-27	8.86185e-28	1.0
8000	2	1.66535	1.1256	6.9889e-28	2.92615e-28	1.0
8000	3	1.93525	1.48855	5.54532e-28	4.1506e-29	-1.0
8000	4	1.74823	1.46911	3.99761e-28	6.04576e-29	1.0
8000	5	3.1179	1.46181	1.35998e-27	1.26344e-29	1.0
8000	6	2.65379	1.16164	2.89032e-27	1.42631e-29	-1.0
8000	7	1.9213	1.23593	0.000625303	0.000566549	0.72302
8000	8	2.20821	2.05488	3.82191e-28	1.74434e-27	1.0
8000	9	2.09319	1.81179	7.58854e-28	1.34364e-27	-1.0
8000	10	3.23617	0.850081	8.59929e-28	2.88827e-28	-1.0
8100	1	2.6743	1.42421	3.70524e-27	8.86185e-28	1.0
8100	2	1.66535	1.1256	6.9889e-28	2.92615e-28	1.0
8100	3	1.93525	1.48855	5.54532e-28	4.1506e-29	-1.0
8100	4	1.74823	1.46911	3.99761e-28	6.04576e-29	1.0
8100	5	3.11794	1.4616	2.3028e-08	4.86484e-07	-1.0
8100	6	2.93986	1.16164	0.0211079	1.42631e-29	4.16033e-14
8100	7	1.77489	1.09926	0.00184034	0.00256021	1.0
8100	8	2.20821	2.05488	3.82191e-28	1.74434e-27	1.0
8100	9	2.09319	1.81179	7.58854e-28	1.34364e-27	-1.0
8100	10	3.23617	0.850081	8.59929e-28	2.88827e-28	-1.0
8200	1	2.6743	1.42421	3.70524e-27	8.86185e-28	1.0
8200	2	1.66535	1.1256	6.9889e-28	2.92615e-28	1.0
8200	3	1.90502	1.22407	1.35113e-05	0.00103402	1.0
8200	4	1.74823	1.46911	3.99761e-28	6.04576e-29	1.0
8200	5	3.11902	1.45667	1.29522e-27	4.08694e-28	1.0
8200	6	3.04994	1.05233	9.02785e-07	8.97085e-06	1.0
8200	7	2.1086	1.06391	1.26344e-27	2.84274e-29	1.0
8200	8	2.20821	2.05488	3.82191e-28	1.74434e-27	1.0
8200	9	2.09319	1.81179	7.58854e-28	1.34364e-27	-1.0
8200	10	3.23617	0.850081	8.59929e-28	2.88827e-28	-1.0
8300	1	2.6743	1.42421	3.70524e-27	8.86185e-28	1.0
8300	2	1.66546	1.12567	1.18282e-05	5.23418e-06	1.0
8300	3	1.90413	1.21631	2.08517e-28	3.00265e-28	1.0
8300	4	1.96154	1.77863	1.13867e-05	2.39739e-05	1.0
8300	5	3.12537	1.45667	9.10286e-08	4.08694e-28	2.86724e-11
8300	6	3.04989	1.05216	1.11045e-27	2.70258e-28	-1.0
8300	7	2.1086	1.06391	1.26344e-27	2.84274e-29	1.0
8300	8	2.20807	2.05472	1.73082e-05	2.75954e-05	1.0
8300	9	2.09319	1.81179	7.58854e-28	1.34364e-27	-1.0
8300	10	3.23617	0.850081	8.59929e-28	2.88827e-28	-1.0
8400	1	2.6743	1.42421	3.70524e-27	8.86185e-28	1.0
8400	2	1.66535	1.1256	6.9889e-28	2.92615e-28	1.0
8400	3	1.90413	1.21631	2.08517e-28	3.00265e-28	1.0
8400	4	1.96164	1.77878	2.72553e-27	4.45412e-28	-1.0
8400	5	3.1254	1.45667	7.89651e-29	4.08694e-28	1.0
8400	6	3.04989	1.05216	1.11045e-27	2.70258e-28	-1.0
8400	7	2.1086	1.06391	1.26344e-27	2.84274e-29	1.0
8400	8	2.20821	2.05488	3.82191e-28	1.74434e-27	1.0
8400	9	2.16826	1.75848	3.82191e-28	9.1254e-29	1.0
8400	10	3.23617	0.850081	8.59929e-28	2.88827e-28	-1.0
8500	1	2.6743	1.42421	3.70524e-27	8.86185e-28	1.0
8500	2	1.66535	1.1256	6.9889e-28	2.92615e-28	1.0
8500	3	2.05386	1.15217	0.00307903	6.43142e-05	1.0
8500	4	1.96164	1.77878	2.72553e-27	4.45412e-28	-1.0
8500	5	3.12553	1.45667	3.11401e-06	4.08694e-28	4.72976e-12
8500	6	3.04989	1.05216	1.11045e-27	2.70258e-28	-1.0
8500	7	2.25139	1.19837	1.42631e-27	1.09021e-28	1.0
8500	8	2.69257	2.35126	5.87107e-05	2.19821e-05	1.0
8500	9	2.16826	1.75848	3.82191e-28	9.1254e-29	1.0
8500	10	3.23617	0.850081	8.59929e-28	2.88827e-28	-1.0
8600	1	2.6743	1.42421	3.70524e-27	8.86185e-28	1.0
8600	2	1.66535	1.1256	6.9889e-28	2.92615e-28	1.0
8600	3	2.22228	1.17651	4.44178e-29	8.08602e-28	-1.0
8600	4	1.96164	1.77878	2.72553e-27	4.45412e-28	-1.0
8600	5	3.09729	1.30203	4.55778e-05	0.000183323	1.0
8600	6	3.04989	1.05216	1.11045e-27	2.70258e-28	-1.0
8600	7	2.25139	1.19837	1.42631e-27	1.09021e-28	1.0
8600	8	2.66172	2.33273	0.00311409	0.00112464	1.0
8600	9	2.16826	1.75848	3.82191e-28	9.1254e-29	1.0
8600	10	3.23617	0.850081	8.59929e-28	2.88827e-28	-1.0
8700	1	2.6743	1.42421	3.70524e-27	8.86185e-28	1.0
8700	2	1.66535	1.1256	6.9889e-28	2.92615e-28	1.0
8700	3	2.22228	1.17651	4.44178e-29	8.08602e-28	-1.0
8700	4	1.96164	1.77878	2.72553e-27	4.45412e-28	-1.0
8700	5	3.09643	1.3003	1.49422e-27	3.99761e-28	-1.0
8700	6	3.04989	1.05216	1.11045e-27	2.70258e-28	-1.0
8700	7	2.25139	1.19837	1.42631e-27	1.09021e-28	1.0
8700	8	2.46913	2.21699	1.63477e-27	7.10686e-30	-1.0
8700	9	2.16826	1.63384	3.82191e-28	3.88748e-06	1.21317e-11
8700	10	3.23617	0.850081	8.59929e-28	2.88827e-28	-1.0
8800	1	2.6743	1.42421	3.70524e-27	8.86185e-28	1.0
8800	2	1.66535	1.1256	6.9889e-28	2.92615e-28	1.0
8800	3	2.22228	1.17651	4.44178e-29	8.08602e-28	-1.0
8800	4	1.96164	1.77878	2.72553e-27	4.45412e-28	-1.0
8800	5	3.09643	1.3003	1.49422e-27	3.99761e-28	-1.0
8800	6	3.04989	1.05216	1.11045e-27	2.70258e-28	-1.0
8800	7	2.25139	1.19837	1.42631e-27	1.09021e-28	1.0
8800	8	2.46913	2.21699	1.63477e-27	7.10686e-30	-1.0
8800	9	2.16826	1.63378	3.82191e-28	5.75655e-28	1.0
8800	10	3.23617	0.850081	8.59929e-28	2.88827e-28	-1.0
8900	1	2.6743	1.42421	3.70524e-27	8.86185e-28	1.0
8900	2	1.66535	1.1256	6.9889e-28	2.92615e-28	1.0
8900	3	2.22228	1.17651	4.44178e-29	8.08602e-28	-1.0
8900	4	2.05343	1.77878	1.49422e-27	4.45412e-28	1.0
8900	5	3.09643	1.3003	1.49422e-27	3.99761e-28	-1.0
8900	6	3.04989	1.05216	1.11045e-27	2.70258e-28	-1.0
8900	7	2.25139	1.19837	1.42631e-27	1.09021e-28	1.0
8900	8	2.46913	2.21699	1.63477e-27	7.10686e-30	-1.0
8900	9	2.16323	1.62865	0.000350965	0.000365369	1.0
8900	10	3.23617	0.850081	8.59929e-28	2.88827e-28	-1.0
9000	1	2.6743	1.42421	3.70524e-27	8.86185e-28	1.0
9000	2	1.66535	1.1256	6.9889e-28	2.92615e-28	1.0
9000	3	2.22228	1.17651	4.44178e-29	8.08602e-28	-1.0
9000	4	2.05343	1.77878	1.49422e-27	4.45412e-28	1.0
9000	5	3.09643	1.3003	1.49422e-27	3.99761e-28	-1.0
9000	6	3.04981	1.05216	6.93548e-06	9.26457e-09	1.0
9000	7	2.25139	1.19837	1.42631e-27	1.09021e-28	1.0
9000	8	2.46913	2.21699	1.63477e-27	7.10686e-30	-1.0
9000	9	2.02667	1.48932	1.89595e-27	2.14982e-28	1.0
9000	10	3.23617	0.850081	8.59929e-28	2.88827e-28	-1.0
9100	1	2.6743	1.42421	3.70524e-27	8.86185e-28	1.0
9100	2	1.66535	1.1256	6.9889e-28	2.92615e-28	1.0
9100	3	2.22228	1.17651	4.44178e-29	8.08602e-28	-1.0
9100	4	2.49101	1.95577	2.28209e-28	7.83531e-28	1.0
9100	5	3.09643	1.3003	1.49422e-27	3.99761e-28	-1.0
9100	6	2.88333	1.0464	4.36085e-28	5.36971e-05	-2.29296e-12
9100	7	2.25139	1.19837	1.42631e-27	1.09021e-28	1.0
9100	8	2.46913	2.21699	1.63477e-27	7.10686e-30	-1.0
9100	9	2.02667	1.48932	1.89595e-27	2.14982e-28	1.0
9100	10	3.23617	0.850081	8.59929e-28	2.88827e-28	-1.0
9200	1	2.6743	1.42421	3.70524e-27	8.86185e-28	1.0
9200	2	1.66535	1.1256	6.9889e-28	2.92615e-28	1.0
9200	3	2.23517	1.16355	1.03948e-06	1.05111e-06	-1.0
9200	4	2.49101	1.95577	2.28209e-28	7.83531e-28	1.0
9200	5	3.09643	1.3003	1.49422e-27	3.99761e-28	-1.0
9200	6	2.88333	1.04608	4.36085e-28	2.77612e-28	-1.0
9200	7	2.29274	1.2172	0.0029174	0.000604799	1.0
9200	8	2.46913	2.21699	1.63477e-27	7.10686e-30	-1.0
9200	9	2.02667	1.48932	1.89595e-27	2.14982e-28	1.0
9200	10	3.23617	0.850081	8.59929e-28	2.88827e-28	-1.0
9300	1	3.05044	1.57975	9.95157e-28	2.3497e-28	-1.0
9300	2	1.66535	1.1256	6.9889e-28	2.92615e-28	1.0
9300	3	2.23534	1.16338	8.7059e-29	5.97173e-30	1.0
9300	4	2.49101	1.95577	2.28209e-28	7.83531e-28	1.0
9300	5	3.09643	1.3003	1.49422e-27	3.99761e-28	-1.0
9300	6	2.88333	1.04608	4.36085e-28	2.77612e-28	-1.0
9300	7	2.42625	1.27799	1.97413e-31	1.28368e-28	1.0
9300	8	2.46913	2.21699	1.63477e-27	7.10686e-30	-1.0
9300	9	2.02667	1.48932	1.89595e-27	2.14982e-28	1.0
9300	10	3.23617	0.850081	8.59929e-28	2.88827e-28	-1.0
9400	1	3.05044	1.57975	9.95157e-28	2.3497e-28	-1.0
9400	2	1.65443	1.06642	3.31851e-28	1.1371e-28	1.0
9400	3	2.23534	1.16338	8.7059e-29	5.97173e-30	1.0
9400	4	2.49101	1.95577	2.28209e-28	7.83531e-28	1.0
9400	5	3.46931	1.3003	6.41394e-28	3.99761e-28	1.0
9400	6	2.88333	1.04608	4.36085e-28	2.77612e-28	-1.0
9400	7	2.42625	1.27799	1.97413e-31	1.28368e-28	1.0
9400	8	2.46913	2.21699	1.63477e-27	7.10686e-30	-1.0
9400	9	2.02667	1.48932	1.89595e-27	2.14982e-28	1.0
9400	10	3.23617	0.850081	8.59929e-28	2.88827e-28	-1.0
9500	1	3.05044	1.57975	9.95157e-28	2.3497e-28	-1.0
9500	2	1.65443	1.06642	3.31851e-28	1.1371e-28	1.0
9500	3	2.23534	1.16338	8.7059e-29	5.97173e-30	1.0
9500	4	2.49101	1.95577	2.28209e-28	7.83531e-28	1.0
9500	5	3.46931	1.3003	6.41394e-28	3.99761e-28	1.0
9500	6	2.88333	1.04608	4.36085e-28	2.77612e-28	-1.0
9500	7	2.80767	1.67923	2.12144e-05	4.32745e-05	1.0
9500	8	2.46913	2.21699	1.63477e-27	7.10686e-30	-1.0
9500	9	2.02667	1.48932	1.89595e-27	2.14982e-28	1.0
9500	10	3.23617	0.850081	8.59929e-28	2.88827e-28	-1.0
9600	1	3.05044	1.57975	9.95157e-28	2.3497e-28	-1.0
9600	2	1.65443	1.06642	3.31851e-28	1.1371e-28	1.0
9600	3	2.23534	1.03127	8.7059e-29	3.82191e-28	1.0
9600	4	2.49101	1.95577	2.28209e-28	7.83531e-28	1.0
9600	5	3.47337	1.30872	0.000112103	0.000481577	1.0
9600	6	2.88333	1.04608	4.36085e-28	2.77612e-28	-1.0
9600	7	2.80819	1.67998	1.78165e-27	5.03452e-28	-1.0
9600	8	2.46913	2.21699	1.63477e-27	7.10686e-30	-1.0
9600	9	2.02667	1.48932	1.89595e-27	2.14982e-28	1.0
9600	10	3.17659	0.54857	2.59899e-06	7.17189e-06	1.0
9700	1	3.05044	1.57975	9.95157e-28	2.3497e-28	-1.0
9700	2	1.65443	1.06642	3.31851e-28	1.1371e-28	1.0
9700	3	2.23552	1.03127	1.12318e-05	3.82191e-28	2.81485e-12
9700	4	2.49101	1.95577	2.28209e-28	7.83531e-28	1.0
9700	5	3.49294	1.34927	0.000456723	0.001962	1.0
9700	6	2.88333	1.04608	4.36085e-28	2.77612e-28	-1.0
9700	7	2.80819	1.67998	1.78165e-27	5.03452e-28	-1.0
9700	8	2.46913	2.21699	1.63477e-27	7.10686e-30	-1.0
9700	9	2.02667	1.48932	1.89595e-27	2.14982e-28	1.0
9700	10	3.17654	0.548486	9.39882e-28	2.61078e-29	1.0
9800	1	3.05044	1.57975	9.95157e-28	2.3497e-28	-1.0
9800	2	1.65443	1.06642	3.31851e-28	1.1371e-28	1.0
9800	3	2.35783	1.03127	2.38869e-29	3.82191e-28	1.0
9800	4	2.49101	1.95577	2.28209e-28	7.83531e-28	1.0
9800	5	3.52427	1.41422	0.000137914	0.000592455	1.0
9800	6	2.88333	1.04608	4.36085e-28	2.77612e-28	-1.0
9800	7	2.80819	1.67998	1.78165e-27	5.03452e-28	-1.0
9800	8	2.46799	2.21618	0.000162251	8.13884e-05	1.0
9800	9	2.02667	1.48932	1.89595e-27	2.14982e-28	1.0
9800	10	3.17654	0.548486	9.39882e-28	2.61078e-29	1.0
9900	1	3.05044	1.57975	9.95157e-28	2.3497e-28	-1.0
9900	2	1.65443	1.06642	3.31851e-28	1.1371e-28	1.0
9900	3	2.36486	1.03964	0.000315514	0.000448566	1.0
9900	4	2.49101	1.95577	2.28209e-28	7.83531e-28	1.0
9900	5	3.52768	1.42128	3.91983e-05	0.000168389	1.0
9900	6	2.88333	1.04608	4.36085e-28	2.77612e-28	-1.0
9900	7	2.80824	1.67998	2.05963e-06	5.03452e-28	-2.9209e-11
9900	8	2.24404	2.05757	0.00687715	0.00344973	1.0
9900	9	2.02667	1.48932	1.89595e-27	2.14982e-28	1.0
9900	10	3.17654	0.548486	9.39882e-28	2.61078e-29	1.0
10000	1	3.05044	1.57975	9.95157e-28	2.3497e-28	-1.0
10000	2	1.65443	1.06642	3.31851e-28	1.1371e-28	1.0
10000	3	2.54674	1.13516	9.12836e-28	3.08457e-29	-1.0
10000	4	2.49101	1.95577	2.28209e-28	7.83531e-28	1.0
10000	5	3.52905	1.42412	5.77254e-27	6.41394e-28	-1.0
10000	6	3.155	1.3323	2.34546e-27	6.04576e-29	-1.0
10000	7	2.80819	1.67998	1.78165e-27	5.03452e-28	-1.0
10000	8	2.18859	2.0183	0.000728472	0.000365417	1.0
10000	9	2.02685	1.48953	3.03893e-05	4.34776e-05	1.0
10000	10	3.17654	0.548486	9.39882e-28	2.61078e-29	1.0
