// Initial random seed:
280660106192893547

// RunInitializeCallbacks():
initializeMutationRate(1e-07);
initializeMutationType(1, 0.5, "n", 0, 0.5);
initializeMutationType(2, 0.5, "n", 0, 0.5);
initializeMutationType(3, 0.5, "n", 0, 0.5);
initializeGenomicElementType(1, m1, 1);
initializeGenomicElementType(2, m2, 1);
initializeGenomicElementType(3, m3, 1);
initializeGenomicElement(g1, 0, 49);
initializeGenomicElement(g2, 50, 99);
initializeRecombinationRate(0.5);

// Starting run at tick <start>:
1 

0.0
0.0
4.60517 4.60517
100	1	0.0	0.0	0.0	0.0	NAN
100	2	-0.0489263	0.0	1.06466e-31	0.0	NAN
100	3	0.0	0.0	0.0	0.0	NAN
100	4	-0.164591	0.0	0.00459626	0.0	NAN
100	5	0.105444	0.0	1.23383e-30	0.0	NAN
100	6	0.176372	-0.0472961	0.000101195	0.00149557	-0.0521955
100	7	0.0	0.0	0.0	0.0	NAN
100	8	0.0	0.0	0.0	0.0	NAN
100	9	0.0	0.0	0.0	0.0	NAN
100	10	0.0	0.0	0.0	0.0	NAN
200	1	0.0	0.0	0.0	0.0	NAN
200	2	-0.0489263	0.0	1.06466e-31	0.0	NAN
200	3	0.0	0.0	0.0	0.0	NAN
200	4	-0.364458	0.0	0.0017912	0.0	NAN
200	5	0.105444	0.0	1.23383e-30	0.0	NAN
200	6	0.177526	-0.110376	1.92786e-30	4.28004e-30	-1.0
200	7	0.0	0.0	0.0	0.0	NAN
200	8	0.00208083	0.0	0.000119499	0.0	NAN
200	9	0.0	0.0	0.0	0.0	NAN
200	10	0.0	0.0	0.0	0.0	NAN
300	1	0.0	0.0	0.0	0.0	NAN
300	2	-0.0489263	0.0	1.06466e-31	0.0	NAN
300	3	0.0	2.04338e-05	0.0	8.31735e-08	NAN
300	4	-0.362486	-0.107911	8.02297e-30	3.25808e-30	1.0
300	5	0.105444	0.0	1.23383e-30	0.0	NAN
300	6	0.177526	-0.110376	1.92786e-30	4.28004e-30	-1.0
300	7	0.0	0.0	0.0	0.0	NAN
300	8	0.118904	0.0	2.59413e-30	0.0	NAN
300	9	0.0	0.0	0.0	0.0	NAN
300	10	0.0	0.0	0.0	0.0	NAN
400	1	-0.00183468	0.0	1.68538e-05	0.0	NAN
400	2	-0.0489263	0.0858274	1.06466e-31	0.000325425	-6.50595e-15
400	3	0.0	0.0	0.0	0.0	NAN
400	4	-0.362486	-0.107911	8.02297e-30	3.25808e-30	1.0
400	5	0.105444	0.0	1.23383e-30	0.0	NAN
400	6	0.177526	-0.110376	1.92786e-30	4.28004e-30	-1.0
400	7	0.0	0.0	0.0	0.0	NAN
400	8	0.118904	0.0	2.59413e-30	0.0	NAN
400	9	0.0	0.0	0.0	0.0	NAN
400	10	0.0	0.0	0.0	0.0	NAN
500	1	-0.0200512	0.0	3.91476e-32	0.0	NAN
500	2	0.251201	0.0935959	0.000180331	2.2286e-31	-3.5063e-13
500	3	0.0	0.0	0.0	0.0	NAN
500	4	-0.362486	-0.107902	8.02297e-30	7.83815e-08	6.45606e-12
500	5	0.105444	0.0	1.23383e-30	0.0	NAN
500	6	0.177526	-0.110376	1.92786e-30	4.28004e-30	-1.0
500	7	0.0	0.0	0.0	0.0	NAN
500	8	0.118904	0.39472	2.59413e-30	5.21293e-31	-1.0
500	9	0.0	0.0	0.0	0.0	NAN
500	10	0.120207	0.0126093	0.00747775	5.13256e-06	-0.00761523
600	1	-0.0200512	0.0	3.91476e-32	0.0	NAN
600	2	0.252407	0.0935959	2.28135e-29	2.2286e-31	-1.0
600	3	0.0	0.0	0.0	0.0	NAN
600	4	-0.362486	-0.107911	8.02297e-30	3.25808e-30	1.0
600	5	0.105444	0.238546	1.23383e-30	2.61078e-29	1.0
600	6	0.178902	-0.110376	7.70826e-05	4.28004e-30	-1.69213e-13
600	7	0.0	0.0	0.0	0.0	NAN
600	8	0.118904	0.39472	2.59413e-30	5.21293e-31	-1.0
600	9	0.0	0.0	0.0	0.0	NAN
600	10	0.23643	0.01345	5.91845e-07	2.95233e-32	-5.94321e-12
700	1	-0.0200512	0.160321	3.91476e-32	2.96427e-30	1.0
700	2	0.252407	0.0935959	2.28135e-29	2.2286e-31	-1.0
700	3	0.0866492	0.0	1.87885e-05	0.0	NAN
700	4	-0.362486	-0.107911	8.02297e-30	3.25808e-30	1.0
700	5	0.104809	0.238546	0.000134069	2.61078e-29	9.53546e-14
700	6	0.292199	-0.110376	1.82884e-29	4.28004e-30	1.0
700	7	0.0	0.240181	0.0	3.25808e-30	NAN
700	8	0.118904	0.39472	2.59413e-30	5.21293e-31	-1.0
700	9	0.0021219	0.0	4.14639e-05	0.0	NAN
700	10	0.236395	0.01345	2.09944e-29	2.95233e-32	-1.0
800	1	-0.0200512	0.160321	3.91476e-32	2.96427e-30	1.0
800	2	0.252407	0.0931891	2.28135e-29	2.68414e-05	-9.3681e-14
800	3	0.0870847	0.0	2.73004e-30	0.0	NAN
800	4	-0.362486	-0.107911	8.02297e-30	3.25808e-30	1.0
800	5	0.105444	0.238546	1.23383e-30	2.61078e-29	1.0
800	6	0.292199	-0.110376	1.82884e-29	4.28004e-30	1.0
800	7	0.0	0.240181	0.0	3.25808e-30	NAN
800	8	0.118904	0.394513	2.59413e-30	2.12519e-08	-3.40174e-11
800	9	0.0424379	0.0	5.01436e-31	0.0	NAN
800	10	0.236395	-0.00792619	2.09944e-29	4.57396e-07	2.18066e-13
900	1	-0.0222157	0.160321	5.54007e-05	2.96427e-30	2.8787e-14
900	2	0.252407	0.282223	2.28135e-29	4.85224e-06	-2.43748e-13
900	3	0.258398	0.0	0.00126159	0.0	NAN
900	4	-0.362486	-0.107911	8.02297e-30	3.25808e-30	1.0
900	5	0.105444	0.238546	1.23383e-30	2.61078e-29	1.0
900	6	0.292199	-0.110376	1.82884e-29	4.28004e-30	1.0
900	7	0.0	0.370485	0.0	3.33627e-29	NAN
900	8	0.118904	0.394302	2.59413e-30	2.90227e-29	-1.0
900	9	0.0424379	0.0	5.01436e-31	0.0	NAN
900	10	0.236395	-0.00796903	2.09944e-29	2.22788e-32	1.0
1000	1	-0.0623954	0.160899	0.000244595	5.53237e-05	-0.0136721
1000	2	0.252407	0.476716	2.28135e-29	1.2462e-28	1.0
1000	3	0.273904	0.0	4.1506e-29	0.0	NAN
1000	4	-0.362486	-0.0334023	8.02297e-30	0.000169251	-3.30179e-14
1000	5	0.105444	0.238546	1.23383e-30	2.61078e-29	1.0
1000	6	0.292054	-0.110376	2.10088e-05	4.28004e-30	9.35966e-13
1000	7	0.0	0.370485	0.0	3.33627e-29	NAN
1000	8	0.118904	0.394302	2.59413e-30	2.90227e-29	-1.0
1000	9	0.444014	0.0	0.000524608	0.0	NAN
1000	10	0.236395	-0.00796903	2.09944e-29	2.22788e-32	1.0
1100	1	-0.0741652	0.160321	5.62163e-31	2.96427e-30	1.0
1100	2	0.252407	0.476716	2.28135e-29	1.2462e-28	1.0
1100	3	0.273904	0.0	4.1506e-29	0.0	NAN
1100	4	-0.362486	-0.029024	8.02297e-30	3.48219e-31	-1.0
1100	5	0.105444	0.238546	1.23383e-30	2.61078e-29	1.0
1100	6	0.563435	-0.110376	0.00847422	4.28004e-30	1.01955e-14
1100	7	0.344454	0.370485	0.000183047	3.33627e-29	-2.40013e-13
1100	8	0.590547	0.392641	8.91441e-29	3.78698e-05	-7.4545e-13
1100	9	0.446641	0.0	1.51144e-29	0.0	NAN
1100	10	0.236395	-0.00796903	2.09944e-29	2.22788e-32	1.0
1200	1	-0.0741652	0.160321	5.62163e-31	2.96427e-30	1.0
1200	2	0.252407	0.476716	2.28135e-29	1.2462e-28	1.0
1200	3	0.273904	0.0	4.1506e-29	0.0	NAN
1200	4	-0.362486	-0.0344794	8.02297e-30	0.000262775	-3.19655e-14
1200	5	0.105444	0.238546	1.23383e-30	2.61078e-29	1.0
1200	6	0.625209	-0.110376	8.99461e-30	4.28004e-30	-1.0
1200	7	0.34997	0.370485	1.03765e-29	3.33627e-29	-1.0
1200	8	0.590547	0.345437	8.91441e-29	1.92786e-30	1.0
1200	9	0.446641	0.0	1.51144e-29	0.0	NAN
1200	10	0.235181	-0.00796903	0.000112063	2.22788e-32	4.2149e-13
1300	1	-0.0741652	0.160321	5.62163e-31	2.96427e-30	1.0
1300	2	0.252407	0.476716	2.28135e-29	1.2462e-28	1.0
1300	3	0.273904	0.0	4.1506e-29	0.0	NAN
1300	4	-0.362486	-0.127319	8.02297e-30	2.96427e-30	1.0
1300	5	0.105444	0.238546	1.23383e-30	2.61078e-29	1.0
1300	6	0.625209	-0.110376	8.99461e-30	4.28004e-30	-1.0
1300	7	0.34997	0.370485	1.03765e-29	3.33627e-29	-1.0
1300	8	0.590547	0.345437	8.91441e-29	1.92786e-30	1.0
1300	9	0.446641	0.0	1.51144e-29	0.0	NAN
1300	10	0.551093	-0.00796903	0.00419526	2.22788e-32	1.17841e-13
1400	1	-0.0740719	0.160321	8.69112e-06	2.96427e-30	2.59427e-13
1400	2	0.252407	0.476716	2.28135e-29	1.2462e-28	1.0
1400	3	0.273904	0.0	4.1506e-29	0.0	NAN
1400	4	-0.362486	-0.127319	8.02297e-30	2.96427e-30	1.0
1400	5	0.105444	0.440396	1.23383e-30	6.94029e-29	-1.0
1400	6	0.625209	-0.110376	8.99461e-30	4.28004e-30	-1.0
1400	7	0.34997	0.370485	1.03765e-29	3.33627e-29	-1.0
1400	8	0.590547	0.345437	8.91441e-29	1.92786e-30	1.0
1400	9	0.446641	0.153328	1.51144e-29	5.18517e-30	-1.0
1400	10	0.453482	-0.00796903	0.000399097	2.22788e-32	1.93735e-13
1500	1	-0.128561	0.160321	5.57151e-30	2.96427e-30	-1.0
1500	2	0.252407	0.476716	2.28135e-29	1.2462e-28	1.0
1500	3	0.273904	0.0	4.1506e-29	0.0	NAN
1500	4	-0.362486	-0.127319	8.02297e-30	2.96427e-30	1.0
1500	5	0.105444	0.440396	1.23383e-30	6.94029e-29	-1.0
1500	6	0.625209	-0.110298	8.99461e-30	3.06493e-06	-1.17534e-12
1500	7	0.438533	0.370485	3.14035e-05	3.33627e-29	-1.35693e-13
1500	8	0.590547	0.312016	8.91441e-29	5.37476e-05	-1.28915e-13
1500	9	0.446641	0.132413	1.51144e-29	0.000690825	-7.59141e-14
1500	10	0.449048	-0.00796903	2.50273e-06	2.22788e-32	2.14641e-12
1600	1	-0.128561	0.160321	5.57151e-30	2.96427e-30	-1.0
1600	2	0.252407	0.603697	2.28135e-29	1.77671e-30	-1.0
1600	3	0.273904	0.0	4.1506e-29	0.0	NAN
1600	4	-0.362486	-0.127319	8.02297e-30	2.96427e-30	1.0
1600	5	0.105444	0.440396	1.23383e-30	6.94029e-29	-1.0
1600	6	0.625209	-0.110376	8.99461e-30	4.28004e-30	-1.0
1600	7	0.514864	0.370485	2.84274e-29	3.33627e-29	1.0
1600	8	0.590547	0.30867	8.91441e-29	2.08517e-30	-1.0
1600	9	0.446641	-0.0900861	1.51144e-29	3.48205e-06	9.68402e-14
1600	10	0.448998	-0.00796903	1.18571e-29	2.22788e-32	1.0
1700	1	-0.128561	0.160321	5.57151e-30	2.96427e-30	-1.0
1700	2	0.252407	0.603697	2.28135e-29	1.77671e-30	-1.0
1700	3	0.273904	0.265795	4.1506e-29	1.59904e-29	-1.0
1700	4	-0.362486	-0.127319	8.02297e-30	2.96427e-30	1.0
1700	5	0.172	0.440396	0.000250571	6.94029e-29	-1.05228e-13
1700	6	0.625209	-0.110376	8.99461e-30	4.28004e-30	-1.0
1700	7	0.514864	0.370485	2.84274e-29	3.33627e-29	1.0
1700	8	0.590547	0.30867	8.91441e-29	2.08517e-30	-1.0
1700	9	0.442761	-0.0901696	0.00021308	3.25808e-32	2.13181e-13
1700	10	0.448998	-0.00796903	1.18571e-29	2.22788e-32	1.0
1800	1	-0.129492	0.166162	7.80332e-05	0.000406963	0.0305475
1800	2	0.252407	0.667147	2.28135e-29	0.00213619	1.24019e-13
1800	3	0.273904	0.265795	4.1506e-29	1.59904e-29	-1.0
1800	4	-0.362486	-0.127319	8.02297e-30	2.96427e-30	1.0
1800	5	0.137331	0.440396	4.46707e-05	6.94029e-29	5.8577e-14
1800	6	0.625209	0.0508019	8.99461e-30	7.89651e-31	-1.0
1800	7	0.514864	0.370485	2.84274e-29	3.33627e-29	1.0
1800	8	0.596253	0.30867	7.88649e-05	2.08517e-30	-6.71926e-13
1800	9	0.332295	-0.0901696	1.65552e-05	3.25808e-32	8.75466e-13
1800	10	0.448998	-0.00796903	1.18571e-29	2.22788e-32	1.0
1900	1	-0.297861	0.3007	3.73233e-31	2.46574e-05	-7.32494e-13
1900	2	0.252407	0.73561	2.28135e-29	2.4183e-28	1.0
1900	3	0.273904	0.265795	4.1506e-29	1.59904e-29	-1.0
1900	4	-0.362486	-0.127319	8.02297e-30	2.96427e-30	1.0
1900	5	0.188617	0.440396	5.36741e-05	6.94029e-29	-3.47814e-13
1900	6	0.625209	0.0508019	8.99461e-30	7.89651e-31	-1.0
1900	7	0.514864	0.370485	2.84274e-29	3.33627e-29	1.0
1900	8	0.623915	0.589232	1.59904e-29	1.97413e-31	-1.0
1900	9	0.332518	-0.139337	1.30323e-29	2.68451e-05	-2.64554e-13
1900	10	0.448998	-0.00796903	1.18571e-29	2.22788e-32	1.0
2000	1	-0.297861	0.301052	3.73233e-31	1.30323e-29	-1.0
2000	2	0.545748	0.73561	1.68911e-29	2.4183e-28	-1.0
2000	3	0.273904	0.265795	4.1506e-29	1.59904e-29	-1.0
2000	4	-0.362486	-0.127319	8.02297e-30	2.96427e-30	1.0
2000	5	0.190657	0.440396	8.66456e-30	6.94029e-29	-1.0
2000	6	0.625209	0.0508665	8.99461e-30	2.08623e-06	-6.12588e-13
2000	7	0.514864	0.370485	2.84274e-29	3.33627e-29	1.0
2000	8	0.623915	0.589232	1.59904e-29	1.97413e-31	-1.0
2000	9	0.332518	-0.139739	1.30323e-29	1.85151e-30	-1.0
2000	10	0.540665	-0.00796903	0.000301736	2.22788e-32	-5.11974e-13
2100	1	-0.297861	0.301052	3.73233e-31	1.30323e-29	-1.0
2100	2	0.545748	0.762994	1.68911e-29	5.44113e-06	5.26466e-12
2100	3	0.273904	0.265795	4.1506e-29	1.59904e-29	-1.0
2100	4	-0.362486	-0.127319	8.02297e-30	2.96427e-30	1.0
2100	5	0.391048	0.440396	4.36806e-29	6.94029e-29	1.0
2100	6	0.625209	0.0508019	8.99461e-30	7.89651e-31	-1.0
2100	7	0.514864	0.356849	2.84274e-29	1.92508e-29	1.0
2100	8	0.623915	0.589232	1.59904e-29	1.97413e-31	-1.0
2100	9	0.649072	-0.139739	4.44178e-31	1.85151e-30	1.0
2100	10	0.5473	-0.00790222	1.04431e-28	4.46384e-06	-7.06042e-14
2200	1	-0.297861	0.301052	3.73233e-31	1.30323e-29	-1.0
2200	2	0.545748	0.763397	1.68911e-29	1.49293e-28	1.0
2200	3	0.273904	0.265795	4.1506e-29	1.59904e-29	-1.0
2200	4	-0.362486	-0.127319	8.02297e-30	2.96427e-30	1.0
2200	5	0.391048	0.440396	4.36806e-29	6.94029e-29	1.0
2200	6	0.625209	0.0508019	8.99461e-30	7.89651e-31	-1.0
2200	7	0.514864	0.356849	2.84274e-29	1.92508e-29	1.0
2200	8	0.926178	0.565985	4.29496e-29	9.46724e-07	9.66597e-12
2200	9	0.649072	-0.139739	4.44178e-31	1.85151e-30	1.0
2200	10	0.5473	-0.00796903	1.04431e-28	2.22788e-32	-1.0
2300	1	-0.297861	0.301052	3.73233e-31	1.30323e-29	-1.0
2300	2	0.545748	0.763397	1.68911e-29	1.49293e-28	1.0
2300	3	0.553155	0.265795	0.00309097	1.59904e-29	-2.01125e-13
2300	4	-0.362486	-0.0140806	8.02297e-30	3.20896e-06	-6.06965e-14
2300	5	0.391048	0.440396	4.36806e-29	6.94029e-29	1.0
2300	6	0.625209	0.0513742	8.99461e-30	4.65062e-05	-1.28869e-13
2300	7	0.514864	0.356849	2.84274e-29	1.92508e-29	1.0
2300	8	0.926178	0.565903	4.29496e-29	8.7059e-29	1.0
2300	9	0.649072	-0.139739	4.44178e-31	1.85151e-30	1.0
2300	10	0.5473	-0.00796903	1.04431e-28	2.22788e-32	-1.0
2400	1	-0.297861	0.39933	3.73233e-31	0.000171377	-8.12697e-14
2400	2	0.45934	0.763397	8.80985e-29	1.49293e-28	-1.0
2400	3	0.574659	0.589727	1.71798e-28	2.61078e-29	-1.0
2400	4	0.0864045	-0.014024	6.95957e-32	1.19557e-32	1.0
2400	5	0.391048	0.556562	4.36806e-29	0.000188953	1.52879e-13
2400	6	0.625209	0.0508019	8.99461e-30	7.89651e-31	-1.0
2400	7	0.514864	0.356849	2.84274e-29	1.92508e-29	1.0
2400	8	0.926178	0.565903	4.29496e-29	8.7059e-29	1.0
2400	9	0.617492	-0.139739	0.00132538	1.85151e-30	-1.6508e-13
2400	10	0.5473	-0.00796903	1.04431e-28	2.22788e-32	-1.0
2500	1	-0.297861	0.402947	3.73233e-31	6.94029e-31	-1.0
2500	2	0.45934	0.763397	8.80985e-29	1.49293e-28	-1.0
2500	3	0.574659	0.589727	1.71798e-28	2.61078e-29	-1.0
2500	4	0.429116	-0.014024	2.08517e-30	1.19557e-32	1.0
2500	5	0.391048	0.662679	4.36806e-29	1.38633e-28	-1.0
2500	6	0.625209	0.0508019	8.99461e-30	7.89651e-31	-1.0
2500	7	0.514864	0.356849	2.84274e-29	1.92508e-29	1.0
2500	8	0.926178	0.565903	4.29496e-29	8.7059e-29	1.0
2500	9	0.528995	-0.139739	7.1266e-29	1.85151e-30	1.0
2500	10	0.5473	-0.00796903	1.04431e-28	2.22788e-32	-1.0
2600	1	-0.297861	0.663316	3.73233e-31	7.89651e-29	-1.0
2600	2	0.45934	0.763397	8.80985e-29	1.49293e-28	-1.0
2600	3	0.574659	0.589727	1.71798e-28	2.61078e-29	-1.0
2600	4	0.429116	-0.014024	2.08517e-30	1.19557e-32	1.0
2600	5	0.391048	0.663918	4.36806e-29	0.000108266	-1.13302e-12
2600	6	0.625209	0.0508019	8.99461e-30	7.89651e-31	-1.0
2600	7	0.514864	0.356849	2.84274e-29	1.92508e-29	1.0
2600	8	0.926178	0.5683	4.29496e-29	5.1176e-05	1.15761e-12
2600	9	0.528995	-0.139739	7.1266e-29	1.85151e-30	1.0
2600	10	0.5473	-0.00796903	1.04431e-28	2.22788e-32	-1.0
2700	1	-0.297861	0.663316	3.73233e-31	7.89651e-29	-1.0
2700	2	0.45934	0.763397	8.80985e-29	1.49293e-28	-1.0
2700	3	0.574659	0.673921	1.71798e-28	0.00150908	-1.2203e-13
2700	4	0.429116	-0.014024	2.08517e-30	1.19557e-32	1.0
2700	5	0.391048	0.834224	4.36806e-29	0.000471808	9.20375e-13
2700	6	0.625209	0.262966	8.99461e-30	6.68935e-05	-2.70282e-13
2700	7	0.514864	0.612323	2.84274e-29	1.34364e-29	1.0
2700	8	0.926178	0.612449	4.29496e-29	8.34068e-30	1.0
2700	9	0.528995	-0.139739	7.1266e-29	1.85151e-30	1.0
2700	10	0.5473	-0.00796903	1.04431e-28	2.22788e-32	-1.0
2800	1	-0.297861	0.753695	3.73233e-31	1.02207e-05	-2.56919e-12
2800	2	0.45934	0.763397	8.80985e-29	1.49293e-28	-1.0
2800	3	0.574659	0.70859	1.71798e-28	1.38633e-28	-1.0
2800	4	0.429116	-0.014024	2.08517e-30	1.19557e-32	1.0
2800	5	0.391048	0.839823	4.36806e-29	6.15485e-06	8.81373e-12
2800	6	0.625209	0.2361	8.99461e-30	0.00238702	-2.33147e-14
2800	7	0.514864	0.612323	2.84274e-29	1.34364e-29	1.0
2800	8	0.926178	0.612449	4.29496e-29	8.34068e-30	1.0
2800	9	0.77426	-0.139739	0.00399182	1.85151e-30	1.30706e-13
2800	10	0.5473	-0.00796903	1.04431e-28	2.22788e-32	-1.0
2900	1	-0.297861	0.753922	3.73233e-31	6.75645e-29	-1.0
2900	2	0.459032	1.04249	3.15507e-05	0.00304839	0.0277625
2900	3	0.574659	0.70859	1.71798e-28	1.38633e-28	-1.0
2900	4	0.968389	-0.014024	1.11353e-28	1.19557e-32	-1.0
2900	5	0.391048	0.839712	4.36806e-29	4.88609e-28	1.0
2900	6	0.625209	0.10834	8.99461e-30	0.00326185	-3.2195e-14
2900	7	0.514864	0.612323	2.84274e-29	1.34364e-29	1.0
2900	8	0.926178	0.612449	4.29496e-29	8.34068e-30	1.0
2900	9	0.990028	-0.139739	3.1586e-28	1.85151e-30	-1.0
2900	10	0.5473	-0.00796903	1.04431e-28	2.22788e-32	-1.0
3000	1	-0.297861	0.753922	3.73233e-31	6.75645e-29	-1.0
3000	2	0.45934	1.06479	8.80985e-29	1.38633e-28	-1.0
3000	3	0.574659	0.857112	1.71798e-28	2.21546e-28	-1.0
3000	4	0.968389	-0.014024	1.11353e-28	1.19557e-32	-1.0
3000	5	0.343691	0.839712	0.000519511	4.88609e-28	2.15169e-13
3000	6	0.625209	0.0723549	8.99461e-30	0.000467696	-5.56804e-14
3000	7	0.514864	0.612323	2.84274e-29	1.34364e-29	1.0
3000	8	0.926178	0.612449	4.29496e-29	8.34068e-30	1.0
3000	9	0.990028	0.00462641	3.1586e-28	2.27804e-33	-1.0
3000	10	0.5473	-0.00796903	1.04431e-28	2.22788e-32	-1.0
3100	1	-0.33611	0.753922	0.000691843	6.75645e-29	1.37356e-14
3100	2	0.45934	1.06479	8.80985e-29	1.38633e-28	-1.0
3100	3	0.574659	0.961738	1.71798e-28	3.01323e-05	-8.61113e-13
3100	4	0.968389	-0.014024	1.11353e-28	1.19557e-32	-1.0
3100	5	0.322015	0.839712	1.73507e-29	4.88609e-28	1.0
3100	6	0.661055	0.0738257	0.000682227	0.000576491	0.065105
3100	7	0.829521	0.612323	0.00946859	1.34364e-29	4.06482e-14
3100	8	0.926178	0.612449	4.29496e-29	8.34068e-30	1.0
3100	9	1.36584	0.00462641	5.33804e-28	2.27804e-33	-1.0
3100	10	0.5473	-0.00796903	1.04431e-28	2.22788e-32	-1.0
3200	1	-0.0580667	0.785663	5.41535e-31	1.46591e-28	1.0
3200	2	0.45934	1.06479	8.80985e-29	1.38633e-28	-1.0
3200	3	0.574659	1.24949	1.71798e-28	3.33627e-29	-1.0
3200	4	1.10286	-0.014024	3.56577e-28	1.19557e-32	-1.0
3200	5	0.322015	1.21156	1.73507e-29	1.33451e-28	1.0
3200	6	0.69748	0.0711783	2.08517e-28	0.000342898	-6.54016e-14
3200	7	0.890798	0.612323	1.11353e-28	1.34364e-29	1.0
3200	8	0.926178	0.612449	4.29496e-29	8.34068e-30	1.0
3200	9	1.36584	0.00462641	5.33804e-28	2.27804e-33	-1.0
3200	10	0.5473	-0.00796903	1.04431e-28	2.22788e-32	-1.0
3300	1	-0.164795	0.916239	1.05569e-30	8.34068e-30	-1.0
3300	2	0.45934	1.02557	8.80985e-29	0.00203123	-3.11019e-13
3300	3	0.574659	1.24949	1.71798e-28	3.33627e-29	-1.0
3300	4	1.10286	-0.0131823	3.56577e-28	2.37439e-05	-2.0251e-14
3300	5	0.322015	1.21156	1.73507e-29	1.33451e-28	1.0
3300	6	0.69748	0.0902936	2.08517e-28	0.0016205	-2.89565e-14
3300	7	0.890798	0.612323	1.11353e-28	1.34364e-29	1.0
3300	8	0.926178	0.612449	4.29496e-29	8.34068e-30	1.0
3300	9	1.36584	0.00462641	5.33804e-28	2.27804e-33	-1.0
3300	10	0.5473	-0.00796903	1.04431e-28	2.22788e-32	-1.0
3400	1	-0.164795	0.916239	1.05569e-30	8.34068e-30	-1.0
3400	2	0.45934	0.926381	8.80985e-29	0.000148589	1.23329e-12
3400	3	0.574659	1.24949	1.71798e-28	3.33627e-29	-1.0
3400	4	1.10286	0.254108	3.56577e-28	0.00745974	-1.09675e-14
3400	5	0.322015	1.21156	1.73507e-29	1.33451e-28	1.0
3400	6	0.69748	0.25977	2.08517e-28	0.000221419	-2.0182e-13
3400	7	0.890798	0.612323	1.11353e-28	1.34364e-29	1.0
3400	8	0.925796	0.612449	4.72696e-06	8.34068e-30	3.06336e-12
3400	9	1.36584	0.00462641	5.33804e-28	2.27804e-33	-1.0
3400	10	0.339234	0.0356582	4.33348e-05	0.0	NAN
3500	1	-0.164795	0.916239	1.05569e-30	8.34068e-30	-1.0
3500	2	0.602609	0.927998	1.38633e-28	0.000252689	-8.70778e-13
3500	3	0.574503	1.24949	2.42986e-05	3.33627e-29	-2.68125e-12
3500	4	1.10286	0.326396	3.56577e-28	1.26344e-29	1.0
3500	5	0.322015	1.21156	1.73507e-29	1.33451e-28	1.0
3500	6	0.69748	0.271209	2.08517e-28	7.71143e-30	-1.0
3500	7	0.890798	0.612323	1.11353e-28	1.34364e-29	1.0
3500	8	1.32993	0.612449	9.34096e-05	8.34068e-30	-1.13621e-14
3500	9	1.36584	0.00462641	5.33804e-28	2.27804e-33	-1.0
3500	10	0.338817	0.0356582	5.70523e-29	0.0	NAN
3600	1	-0.164795	1.55682	1.05569e-30	0.0311166	-2.67945e-15
3600	2	0.602609	0.924202	1.38633e-28	2.55847e-28	-1.0
3600	3	0.574659	1.24949	1.71798e-28	3.33627e-29	-1.0
3600	4	1.10286	0.326396	3.56577e-28	1.26344e-29	1.0
3600	5	0.322015	1.5074	1.73507e-29	0.00013141	-4.3973e-13
3600	6	0.69748	0.271209	2.08517e-28	7.71143e-30	-1.0
3600	7	0.890798	0.612323	1.11353e-28	1.34364e-29	1.0
3600	8	1.33043	0.612449	0.0	8.34068e-30	NAN
3600	9	1.52619	0.00462641	0.00105769	2.27804e-33	-2.23792e-13
3600	10	0.338817	0.0356114	5.70523e-29	1.09153e-06	3.82864e-15
3700	1	-0.164795	1.65423	1.05569e-30	0.0	NAN
3700	2	0.602609	0.924202	1.38633e-28	2.55847e-28	-1.0
3700	3	0.574659	1.24949	1.71798e-28	3.33627e-29	-1.0
3700	4	1.10286	0.326396	3.56577e-28	1.26344e-29	1.0
3700	5	0.322015	1.71652	1.73507e-29	5.86365e-28	1.0
3700	6	0.69748	0.271209	2.08517e-28	7.71143e-30	-1.0
3700	7	0.890798	0.612323	1.11353e-28	1.34364e-29	1.0
3700	8	1.33043	0.574343	0.0	0.00717119	NAN
3700	9	1.53934	-0.144422	5.89621e-05	1.23383e-32	-3.4822e-13
3700	10	0.338817	-0.0110886	5.70523e-29	6.33331e-32	-1.0
3800	1	-0.164795	1.65423	1.05569e-30	0.0	NAN
3800	2	0.602609	0.924202	1.38633e-28	2.55847e-28	-1.0
3800	3	0.574659	1.24949	1.71798e-28	3.33627e-29	-1.0
3800	4	1.10286	0.326396	3.56577e-28	1.26344e-29	1.0
3800	5	0.322015	1.71652	1.73507e-29	5.86365e-28	1.0
3800	6	0.69748	0.271209	2.08517e-28	7.71143e-30	-1.0
3800	7	0.890798	0.612323	1.11353e-28	1.34364e-29	1.0
3800	8	1.50141	0.451196	2.02151e-28	0.000824393	4.24779e-15
3800	9	2.02474	-0.144422	9.39882e-28	1.23383e-32	-1.0
3800	10	0.338817	-0.0110886	5.70523e-29	6.33331e-32	-1.0
3900	1	-0.164795	1.65423	1.05569e-30	0.0	NAN
3900	2	0.602609	0.924202	1.38633e-28	2.55847e-28	-1.0
3900	3	0.574659	1.24949	1.71798e-28	3.33627e-29	-1.0
3900	4	1.30274	0.326396	0.00116363	1.26344e-29	3.75805e-13
3900	5	0.322015	1.71652	1.73507e-29	5.86365e-28	1.0
3900	6	0.69748	0.271209	2.08517e-28	7.71143e-30	-1.0
3900	7	0.890798	0.619766	1.11353e-28	0.000103338	-9.06184e-14
3900	8	1.50141	0.4458	2.02151e-28	0.000226597	1.31937e-14
3900	9	2.91088	-0.144422	0.00169081	1.23383e-32	1.13143e-12
3900	10	0.487469	-0.0110886	7.41069e-29	6.33331e-32	1.0
4000	1	-0.164795	1.65423	1.05569e-30	0.0	NAN
4000	2	0.638227	0.924202	0.00202273	2.55847e-28	-2.55179e-13
4000	3	0.574659	1.24949	1.71798e-28	3.33627e-29	-1.0
4000	4	1.38572	0.326396	2.3497e-28	1.26344e-29	-1.0
4000	5	0.322015	1.71652	1.73507e-29	5.86365e-28	1.0
4000	6	0.69748	0.718361	2.08517e-28	0.0	NAN
4000	7	0.890798	0.648989	1.11353e-28	9.67322e-30	-1.0
4000	8	1.43957	0.443882	8.29627e-29	7.71143e-32	-1.0
4000	9	2.92017	-0.144422	2.17647e-27	1.23383e-32	1.0
4000	10	0.487469	-0.0110886	7.41069e-29	6.33331e-32	1.0
4100	1	-0.140274	1.65423	2.55797e-06	0.0	NAN
4100	2	0.75258	0.924202	7.1266e-29	2.55847e-28	-1.0
4100	3	0.574659	1.24949	1.71798e-28	3.33627e-29	-1.0
4100	4	1.38572	0.326396	2.3497e-28	1.26344e-29	-1.0
4100	5	0.322015	1.71652	1.73507e-29	5.86365e-28	1.0
4100	6	0.69748	0.718291	2.08517e-28	4.88518e-06	-9.72568e-15
4100	7	0.890608	0.97768	3.59913e-05	1.87665e-29	1.76333e-12
4100	8	1.43957	0.443826	8.29627e-29	1.57681e-06	-2.31942e-13
4100	9	2.92017	-0.144422	2.17647e-27	1.23383e-32	1.0
4100	10	0.487469	-0.0110886	7.41069e-29	6.33331e-32	1.0
4200	1	-0.140063	1.65423	2.08517e-30	0.0	NAN
4200	2	0.75258	0.907683	7.1266e-29	5.97173e-30	-1.0
4200	3	0.574659	1.24949	1.71798e-28	3.33627e-29	-1.0
4200	4	1.38572	0.326396	2.3497e-28	1.26344e-29	-1.0
4200	5	0.322015	1.71652	1.73507e-29	5.86365e-28	1.0
4200	6	0.69748	0.578572	2.08517e-28	2.3497e-28	1.0
4200	7	0.890798	0.97768	1.11353e-28	1.87665e-29	1.0
4200	8	1.51821	0.443882	0.0108198	7.71143e-32	-1.58336e-13
4200	9	2.92017	-0.0328123	2.17647e-27	0.00162439	-3.07582e-15
4200	10	0.724154	-0.0110886	9.77316e-29	6.33331e-32	-1.0
4300	1	-0.140063	1.65423	2.08517e-30	0.0	NAN
4300	2	0.75258	0.907683	7.1266e-29	5.97173e-30	-1.0
4300	3	0.574659	1.24949	1.71798e-28	3.33627e-29	-1.0
4300	4	1.38572	0.703602	2.3497e-28	0.000321121	2.81249e-13
4300	5	0.321933	1.71652	6.58595e-06	5.86365e-28	1.62294e-12
4300	6	0.69748	0.578572	2.08517e-28	2.3497e-28	1.0
4300	7	0.890798	0.97768	1.11353e-28	1.87665e-29	1.0
4300	8	1.79702	0.443882	1.54772e-28	7.71143e-32	-1.0
4300	9	3.22661	-0.00328315	2.61078e-27	8.96341e-34	-1.0
4300	10	0.724154	-0.0110886	9.77316e-29	6.33331e-32	-1.0
4400	1	-0.140063	1.65423	2.08517e-30	0.0	NAN
4400	2	0.753007	0.907683	3.01488e-05	5.97173e-30	-1.5315e-12
4400	3	0.574659	1.24949	1.71798e-28	3.33627e-29	-1.0
4400	4	1.37507	0.827725	1.28234e-05	4.17931e-06	0.0217204
4400	5	0.322015	1.71652	1.73507e-29	5.86365e-28	1.0
4400	6	0.69748	0.578572	2.08517e-28	2.3497e-28	1.0
4400	7	0.891005	0.97768	2.14248e-05	1.87665e-29	2.2721e-12
4400	8	1.79702	0.443882	1.54772e-28	7.71143e-32	-1.0
4400	9	3.22661	-0.00328315	2.61078e-27	8.96341e-34	-1.0
4400	10	0.840621	-0.00168692	1.23383e-28	1.0706e-05	2.43593e-15
4500	1	-0.094372	1.65423	4.18154e-05	0.0	NAN
4500	2	0.75258	0.907683	7.1266e-29	5.97173e-30	-1.0
4500	3	0.574659	1.24949	1.71798e-28	3.33627e-29	-1.0
4500	4	1.37261	0.82779	2.55847e-28	3.08013e-28	1.0
4500	5	0.322015	1.71652	1.73507e-29	5.86365e-28	1.0
4500	6	0.953262	0.578572	5.21293e-29	2.3497e-28	1.0
4500	7	1.0979	0.97768	4.45412e-28	1.87665e-29	1.0
4500	8	1.79702	0.443882	1.54772e-28	7.71143e-32	-1.0
4500	9	3.22646	-0.00328315	7.60408e-06	8.96341e-34	-1.85272e-11
4500	10	0.840621	0.000737404	1.23383e-28	7.15887e-35	1.0
4600	1	-0.0925177	1.65423	2.08517e-30	0.0	NAN
4600	2	0.75258	0.907683	7.1266e-29	5.97173e-30	-1.0
4600	3	0.574659	1.24949	1.71798e-28	3.33627e-29	-1.0
4600	4	1.37261	0.82779	2.55847e-28	3.08013e-28	1.0
4600	5	0.322015	1.71652	1.73507e-29	5.86365e-28	1.0
4600	6	0.953262	0.578572	5.21293e-29	2.3497e-28	1.0
4600	7	1.0979	0.97768	4.45412e-28	1.87665e-29	1.0
4600	8	1.79702	0.44393	1.54772e-28	2.34723e-06	-1.71322e-13
4600	9	3.22688	-0.0030913	3.63504e-05	1.22434e-05	-0.00245563
4600	10	0.840621	0.000737404	1.23383e-28	7.15887e-35	1.0
4700	1	-0.0925177	1.65423	2.08517e-30	0.0	NAN
4700	2	0.75258	0.907683	7.1266e-29	5.97173e-30	-1.0
4700	3	0.78591	1.24949	0.0137385	3.33627e-29	5.22764e-15
4700	4	1.37261	0.82779	2.55847e-28	3.08013e-28	1.0
4700	5	0.322015	1.71652	1.73507e-29	5.86365e-28	1.0
4700	6	0.953262	0.629388	5.21293e-29	9.08005e-05	-8.3384e-13
4700	7	1.0979	0.97768	4.45412e-28	1.87665e-29	1.0
4700	8	2.1256	0.443882	1.1371e-28	7.71143e-32	-1.0
4700	9	3.22661	-0.00328315	2.61078e-27	8.96341e-34	-1.0
4700	10	0.840621	0.000737404	1.23383e-28	7.15887e-35	1.0
4800	1	-0.0925177	1.65423	2.08517e-30	0.0	NAN
4800	2	0.75258	0.907683	7.1266e-29	5.97173e-30	-1.0
4800	3	0.915937	1.53506	5.70523e-29	1.14026e-27	-1.0
4800	4	1.37261	0.82779	2.55847e-28	3.08013e-28	1.0
4800	5	0.322015	1.68961	1.73507e-29	5.44119e-28	-1.0
4800	6	0.953262	0.77054	5.21293e-29	4.59108e-29	-1.0
4800	7	1.0979	0.978694	4.45412e-28	1.38941e-05	7.4856e-13
4800	8	2.1256	0.443882	1.1371e-28	7.71143e-32	-1.0
4800	9	3.22661	-0.00328315	2.61078e-27	8.96341e-34	-1.0
4800	10	0.840621	0.000737404	1.23383e-28	7.15887e-35	1.0
4900	1	-0.0925177	1.65423	2.08517e-30	0.0	NAN
4900	2	0.75258	0.907683	7.1266e-29	5.97173e-30	-1.0
4900	3	0.915937	1.53506	5.70523e-29	1.14026e-27	-1.0
4900	4	1.37261	0.82779	2.55847e-28	3.08013e-28	1.0
4900	5	0.322015	1.68961	1.73507e-29	5.44119e-28	-1.0
4900	6	0.952917	0.77054	1.47666e-05	4.59108e-29	-1.88284e-12
4900	7	1.0979	1.24511	4.45412e-28	1.41793e-05	-2.30947e-12
4900	8	2.1256	0.443882	1.1371e-28	7.71143e-32	-1.0
4900	9	3.22661	-0.00328315	2.61078e-27	8.96341e-34	-1.0
4900	10	0.840621	0.000737404	1.23383e-28	7.15887e-35	1.0
5000	1	0.132745	1.65423	0.000342796	0.0	NAN
5000	2	0.752723	1.38004	5.07318e-06	3.86929e-29	3.73085e-12
5000	3	0.915937	1.53506	5.70523e-29	1.14026e-27	-1.0
5000	4	1.37261	0.82779	2.55847e-28	3.08013e-28	1.0
5000	5	0.322015	1.73801	1.73507e-29	0.00568688	-2.94084e-13
5000	6	0.953262	0.77054	5.21293e-29	4.59108e-29	-1.0
5000	7	1.0979	1.24523	4.45412e-28	7.89651e-29	-1.0
5000	8	2.1256	0.443882	1.1371e-28	7.71143e-32	-1.0
5000	9	3.22661	-0.00328315	2.61078e-27	8.96341e-34	-1.0
5000	10	0.840621	0.000737404	1.23383e-28	7.15887e-35	1.0
5100	1	0.135828	1.65423	5.57151e-30	0.0	NAN
5100	2	0.822951	1.38004	3.34532e-05	3.86929e-29	2.4457e-12
5100	3	0.915937	1.53506	5.70523e-29	1.14026e-27	-1.0
5100	4	1.37261	0.82779	2.55847e-28	3.08013e-28	1.0
5100	5	0.322015	1.97685	1.73507e-29	3.31851e-28	-1.0
5100	6	0.953262	0.77054	5.21293e-29	4.59108e-29	-1.0
5100	7	1.09794	1.24523	1.41003e-06	7.89651e-29	-1.78466e-11
5100	8	2.1256	0.443882	1.1371e-28	7.71143e-32	-1.0
5100	9	3.23277	-0.00328315	0.000256038	8.96341e-34	-2.18347e-12
5100	10	0.840621	0.000737404	1.23383e-28	7.15887e-35	1.0
5200	1	0.135828	1.65423	5.57151e-30	0.0	NAN
5200	2	0.823914	1.38004	2.05321e-28	3.86929e-29	1.0
5200	3	0.915937	1.53506	5.70523e-29	1.14026e-27	-1.0
5200	4	1.37261	0.82779	2.55847e-28	3.08013e-28	1.0
5200	5	0.322015	1.97685	1.73507e-29	3.31851e-28	-1.0
5200	6	0.953262	0.77054	5.21293e-29	4.59108e-29	-1.0
5200	7	1.0979	1.24523	4.45412e-28	7.89651e-29	-1.0
5200	8	2.1256	0.56456	1.1371e-28	0.0069331	-4.81939e-14
5200	9	3.31921	-0.0051783	2.84274e-27	0.000236084	-2.22658e-15
5200	10	0.840621	0.000737404	1.23383e-28	7.15887e-35	1.0
5300	1	0.135828	1.65423	5.57151e-30	0.0	NAN
5300	2	0.823914	1.38004	2.05321e-28	3.86929e-29	1.0
5300	3	0.915937	1.53506	5.70523e-29	1.14026e-27	-1.0
5300	4	1.37261	0.82779	2.55847e-28	3.08013e-28	1.0
5300	5	0.322015	1.97687	1.73507e-29	2.40184e-07	-3.71951e-11
5300	6	0.953262	0.77054	5.21293e-29	4.59108e-29	-1.0
5300	7	1.26991	1.24523	4.73988e-28	7.89651e-29	1.0
5300	8	2.1256	0.793575	1.1371e-28	1.82856e-05	-3.24308e-12
5300	9	3.31921	-0.191282	2.84274e-27	0.00597371	9.55942e-15
5300	10	0.840621	0.000737404	1.23383e-28	7.15887e-35	1.0
5400	1	0.135828	1.65423	5.57151e-30	0.0	NAN
5400	2	0.823914	1.38004	2.05321e-28	3.86929e-29	1.0
5400	3	0.915937	1.53506	5.70523e-29	1.14026e-27	-1.0
5400	4	1.37261	0.82779	2.55847e-28	3.08013e-28	1.0
5400	5	0.322015	1.99878	1.73507e-29	1.72583e-27	-1.0
5400	6	0.952844	0.77054	8.56069e-06	4.59108e-29	-2.46154e-12
5400	7	1.26991	1.24523	4.73988e-28	7.89651e-29	1.0
5400	8	2.1256	0.883851	1.1371e-28	1.45925e-05	-5.37847e-12
5400	9	3.53423	-0.106137	2.09435e-27	0.0120563	1.45402e-14
5400	10	0.840621	0.000737404	1.23383e-28	7.15887e-35	1.0
5500	1	0.135828	1.65423	5.57151e-30	0.0	NAN
5500	2	0.823914	1.38002	2.05321e-28	1.6537e-07	1.5098e-11
5500	3	1.2517	1.53506	2.13377e-06	1.14026e-27	-1.45587e-11
5500	4	1.37261	0.82779	2.55847e-28	3.08013e-28	1.0
5500	5	0.322015	1.99878	1.73507e-29	1.72583e-27	-1.0
5500	6	0.911484	0.77054	3.86929e-29	4.59108e-29	1.0
5500	7	1.26991	1.24523	4.73988e-28	7.89651e-29	1.0
5500	8	2.1256	0.883681	1.1371e-28	4.22278e-28	-1.0
5500	9	3.53423	-0.279637	2.09435e-27	1.42631e-29	-1.0
5500	10	0.918182	0.000737404	6.78473e-05	7.15887e-35	-1.31188e-15
5600	1	0.135828	1.65423	5.57151e-30	0.0	NAN
5600	2	0.823914	1.63647	2.05321e-28	2.55847e-28	1.0
5600	3	1.25178	1.59417	4.54839e-28	4.94397e-06	-1.26722e-11
5600	4	1.37261	0.82779	2.55847e-28	3.08013e-28	1.0
5600	5	0.322015	1.95762	1.73507e-29	0.00339834	-3.44349e-13
5600	6	1.13952	0.77054	3.90403e-05	4.59108e-29	-1.61495e-12
5600	7	1.26991	1.24523	4.73988e-28	7.89651e-29	1.0
5600	8	2.1256	0.883681	1.1371e-28	4.22278e-28	-1.0
5600	9	3.53423	-0.279453	2.09435e-27	1.68766e-05	-9.30534e-13
5600	10	0.923478	0.000737404	0.000128714	7.15887e-35	4.99708e-14
5700	1	0.135828	1.65423	5.57151e-30	0.0	NAN
5700	2	1.01381	1.63647	2.21546e-28	2.55847e-28	-1.0
5700	3	1.28971	1.67512	4.45412e-28	8.22342e-06	4.3947e-12
5700	4	1.37261	0.82779	2.55847e-28	3.08013e-28	1.0
5700	5	0.322015	1.7942	1.73507e-29	7.33144e-05	-2.20798e-13
5700	6	1.13987	0.77054	1.04431e-28	4.59108e-29	-1.0
5700	7	1.26991	1.24523	4.73988e-28	7.89651e-29	1.0
5700	8	2.1256	0.883681	1.1371e-28	4.22278e-28	-1.0
5700	9	3.70581	-0.279637	1.23205e-27	1.42631e-29	-1.0
5700	10	0.995221	0.000737404	3.70959e-05	7.15887e-35	2.49897e-12
5800	1	0.465568	1.65423	0.00303625	0.0	NAN
5800	2	1.01381	1.63647	2.21546e-28	2.55847e-28	-1.0
5800	3	1.28971	1.67532	4.45412e-28	1.60348e-28	1.0
5800	4	1.37261	0.998283	2.55847e-28	2.08517e-28	-1.0
5800	5	0.322015	1.79348	1.73507e-29	3.99761e-30	-1.0
5800	6	1.13987	0.783349	1.04431e-28	0.000640685	-2.63935e-13
5800	7	1.26991	1.24523	4.73988e-28	7.89651e-29	1.0
5800	8	2.20323	0.883681	4.93532e-30	4.22278e-28	1.0
5800	9	3.86367	-0.279637	1.87078e-05	1.42631e-29	-2.03794e-11
5800	10	0.995494	0.000737404	2.31577e-28	7.15887e-35	1.0
5900	1	0.483471	1.65423	1.23383e-32	0.0	NAN
5900	2	0.949079	1.63647	0.000165743	2.55847e-28	3.61571e-13
5900	3	1.289	1.67532	4.1787e-05	1.60348e-28	3.16931e-12
5900	4	1.75454	0.992114	0.0343522	0.000283458	0.0185736
5900	5	0.322015	1.79348	1.73507e-29	3.99761e-30	-1.0
5900	6	1.13987	0.882413	1.04431e-28	4.29496e-29	-1.0
5900	7	1.26991	1.24523	4.73988e-28	7.89651e-29	1.0
5900	8	2.20323	0.965162	4.93532e-30	3.56577e-28	1.0
5900	9	3.8639	0.0359574	7.89651e-27	4.05332e-32	1.0
5900	10	0.995494	0.000737404	2.31577e-28	7.15887e-35	1.0
6000	1	0.483471	1.65423	1.23383e-32	0.0	NAN
6000	2	0.944019	1.63647	4.1506e-29	2.55847e-28	1.0
6000	3	1.28508	1.67532	0.000260521	1.60348e-28	1.10689e-12
6000	4	1.92812	0.90036	4.45412e-28	1.95883e-28	-1.0
6000	5	0.322015	1.79348	1.73507e-29	3.99761e-30	-1.0
6000	6	1.13987	0.882413	1.04431e-28	4.29496e-29	-1.0
6000	7	1.26991	1.24523	4.73988e-28	7.89651e-29	1.0
6000	8	2.20401	0.965162	6.76633e-05	3.56577e-28	2.79689e-13
6000	9	3.8639	0.0359574	7.89651e-27	4.05332e-32	1.0
6000	10	0.995494	0.000737404	2.31577e-28	7.15887e-35	1.0
6100	1	0.483471	1.66674	1.23383e-32	0.00187486	-2.14153e-14
6100	2	0.944019	1.63647	4.1506e-29	2.55847e-28	1.0
6100	3	1.28769	1.67532	0.00011576	1.60348e-28	1.82987e-12
6100	4	1.92809	0.90036	1.04351e-06	1.95883e-28	-2.05536e-11
6100	5	0.322015	1.79348	1.73507e-29	3.99761e-30	-1.0
6100	6	1.13987	0.882413	1.04431e-28	4.29496e-29	-1.0
6100	7	1.26991	1.24523	4.73988e-28	7.89651e-29	1.0
6100	8	2.37319	0.965162	0.000248143	3.56577e-28	1.42955e-12
6100	9	3.8639	0.0359574	7.89651e-27	4.05332e-32	1.0
6100	10	0.995494	0.000737404	2.31577e-28	7.15887e-35	1.0
6200	1	0.483471	1.9708	1.23383e-32	4.08694e-28	-1.0
6200	2	0.867025	1.63647	0.000103933	2.55847e-28	-4.27021e-13
6200	3	1.27096	1.67533	0.000966234	3.11272e-08	0.0190948
6200	4	1.92812	0.90036	4.45412e-28	1.95883e-28	-1.0
6200	5	0.322015	1.79348	1.73507e-29	3.99761e-30	-1.0
6200	6	1.13987	0.882413	1.04431e-28	4.29496e-29	-1.0
6200	7	1.26991	1.24523	4.73988e-28	7.89651e-29	1.0
6200	8	2.24961	0.965162	8.08602e-28	3.56577e-28	1.0
6200	9	3.8639	0.0363076	7.89651e-27	6.1263e-05	2.25527e-14
6200	10	0.995494	0.000737404	2.31577e-28	7.15887e-35	1.0
6300	1	0.483471	1.9708	1.23383e-32	4.08694e-28	-1.0
6300	2	0.864315	1.63647	2.17647e-29	2.55847e-28	-1.0
6300	3	1.43865	1.68648	0.00148272	1.02339e-27	-3.78641e-13
6300	4	2.14908	0.90036	1.43914e-28	1.95883e-28	1.0
6300	5	0.322015	1.79348	1.73507e-29	3.99761e-30	-1.0
6300	6	1.13987	0.882413	1.04431e-28	4.29496e-29	-1.0
6300	7	1.26991	1.66949	4.73988e-28	2.85064e-28	1.0
6300	8	2.24961	0.965217	8.08602e-28	3.06475e-06	1.07566e-11
6300	9	3.86365	0.519605	6.24035e-05	1.87665e-29	1.11929e-11
6300	10	0.995494	0.000737404	2.31577e-28	7.15887e-35	1.0
6400	1	0.616933	1.9708	2.61078e-29	4.08694e-28	1.0
6400	2	0.864315	1.63556	2.17647e-29	1.77069e-05	-3.34557e-12
6400	3	1.80737	1.68648	0.00164013	1.02339e-27	-1.71409e-13
6400	4	2.14908	0.972132	1.43914e-28	6.44545e-06	-2.91307e-12
6400	5	0.386085	1.79348	0.00798642	3.99761e-30	-1.42038e-14
6400	6	1.13987	0.884062	1.04431e-28	0.000115699	-6.16832e-13
6400	7	1.26991	1.66949	4.73988e-28	2.85064e-28	1.0
6400	8	2.24961	0.965162	8.08602e-28	3.56577e-28	1.0
6400	9	3.8639	0.519605	7.89651e-27	1.87665e-29	1.0
6400	10	0.995494	0.000737404	2.31577e-28	7.15887e-35	1.0
6500	1	0.616933	1.9708	2.61078e-29	4.08694e-28	1.0
6500	2	0.864315	1.60585	2.17647e-29	0.000106489	2.64667e-12
6500	3	1.79623	1.68648	0.00128986	1.02339e-27	-1.77262e-13
6500	4	2.14908	0.972312	1.43914e-28	5.53866e-29	-1.0
6500	5	0.636085	1.79348	5.44119e-30	3.99761e-30	1.0
6500	6	1.13987	1.02535	1.04431e-28	3.57894e-05	3.34439e-12
6500	7	1.26991	1.66949	4.73988e-28	2.85064e-28	1.0
6500	8	2.24961	0.965162	8.08602e-28	3.56577e-28	1.0
6500	9	3.8639	0.519605	7.89651e-27	1.87665e-29	1.0
6500	10	0.995494	0.000737404	2.31577e-28	7.15887e-35	1.0
6600	1	0.616933	1.9708	2.61078e-29	4.08694e-28	1.0
6600	2	0.864315	1.59874	2.17647e-29	1.00922e-27	1.0
6600	3	1.79374	1.68648	0.00123252	1.02339e-27	-1.98881e-13
6600	4	2.14908	1.20859	1.43914e-28	7.10686e-30	1.0
6600	5	0.637222	1.79348	0.000116241	3.99761e-30	2.11441e-13
6600	6	1.13987	1.02585	1.04431e-28	4.26855e-28	1.0
6600	7	1.26991	1.66949	4.73988e-28	2.85064e-28	1.0
6600	8	2.24961	0.965162	8.08602e-28	3.56577e-28	1.0
6600	9	3.8639	0.519605	7.89651e-27	1.87665e-29	1.0
6600	10	0.995494	0.000737404	2.31577e-28	7.15887e-35	1.0
6700	1	0.568838	1.9708	8.34068e-30	4.08694e-28	-1.0
6700	2	0.864315	1.59874	2.17647e-29	1.00922e-27	1.0
6700	3	1.77737	1.68648	0.000539341	1.02339e-27	-1.49995e-13
6700	4	2.14908	1.20859	1.43914e-28	7.10686e-30	1.0
6700	5	0.842718	1.79348	2.63003e-28	3.99761e-30	1.0
6700	6	1.13987	1.14044	1.04431e-28	0.00297638	1.93701e-13
6700	7	1.26991	1.66947	4.73988e-28	7.80191e-07	1.91485e-11
6700	8	2.32884	0.965162	0.00307707	3.56577e-28	2.07096e-13
6700	9	3.8639	0.519605	7.89651e-27	1.87665e-29	1.0
6700	10	0.995494	0.000737404	2.31577e-28	7.15887e-35	1.0
6800	1	0.977655	1.9708	4.22278e-28	4.08694e-28	-1.0
6800	2	0.864479	1.59874	6.684e-06	1.00922e-27	1.75484e-12
6800	3	1.77048	1.68649	0.000198785	8.14442e-08	-0.00799335
6800	4	2.14908	1.20859	1.43914e-28	7.10686e-30	1.0
6800	5	0.842718	1.79348	2.63003e-28	3.99761e-30	1.0
6800	6	1.13981	1.19062	2.98944e-06	6.75645e-29	5.87794e-12
6800	7	1.30921	1.66949	3.99215e-06	2.85064e-28	8.41797e-13
6800	8	2.40451	0.965162	5.70523e-29	3.56577e-28	-1.0
6800	9	3.84304	0.519605	0.000100539	1.87665e-29	-3.36365e-12
6800	10	1.05276	0.000492276	3.85553e-05	3.00138e-05	-0.00994151
6900	1	0.977655	1.9708	4.22278e-28	4.08694e-28	-1.0
6900	2	0.864315	1.59874	2.17647e-29	1.00922e-27	1.0
6900	3	1.76692	1.68648	1.97413e-31	1.02339e-27	-1.0
6900	4	2.14908	1.20859	1.43914e-28	7.10686e-30	1.0
6900	5	0.84261	1.79348	5.78658e-06	3.99761e-30	6.76515e-12
6900	6	1.13987	1.19062	1.04431e-28	6.75645e-29	1.0
6900	7	1.30869	1.66949	3.1586e-30	2.85064e-28	1.0
6900	8	2.40451	0.965162	5.70523e-29	3.56577e-28	-1.0
6900	9	3.83576	0.735443	6.46744e-27	1.49293e-28	-1.0
6900	10	1.05414	0.000737404	1.43914e-28	7.15887e-35	1.0
7000	1	0.978775	1.9708	4.70666e-05	4.08694e-28	-2.86218e-12
7000	2	0.864315	1.59874	2.17647e-29	1.00922e-27	1.0
7000	3	1.84065	1.68648	0.00633205	1.02339e-27	4.52003e-14
7000	4	2.14908	1.20859	1.43914e-28	7.10686e-30	1.0
7000	5	0.842718	1.79348	2.63003e-28	3.99761e-30	1.0
7000	6	1.13987	1.19062	1.04431e-28	6.75645e-29	1.0
7000	7	1.7921	1.66949	6.87193e-28	2.85064e-28	-1.0
7000	8	2.52842	0.965162	0.00615199	3.56577e-28	-1.94764e-13
7000	9	3.83576	0.82587	6.46744e-27	5.87426e-29	1.0
7000	10	1.05414	0.000737404	1.43914e-28	7.15887e-35	1.0
7100	1	1.06383	1.9708	1.97413e-29	4.08694e-28	-1.0
7100	2	0.864315	1.57813	2.17647e-29	7.43846e-07	1.46369e-11
7100	3	2.00749	2.23246	2.17647e-27	1.6709e-27	1.0
7100	4	2.14908	1.20859	1.43914e-28	7.10686e-30	1.0
7100	5	0.842718	1.79348	2.63003e-28	3.99761e-30	1.0
7100	6	1.13987	1.17788	1.04431e-28	8.11476e-08	-5.20919e-11
7100	7	1.7921	1.66949	6.87193e-28	2.85064e-28	-1.0
7100	8	2.62657	0.965162	4.54839e-28	3.56577e-28	-1.0
7100	9	3.83576	0.82587	6.46744e-27	5.87426e-29	1.0
7100	10	1.15293	0.000737404	0.000290128	7.15887e-35	-1.0784e-12
7200	1	1.41931	1.9708	9.48692e-05	4.08694e-28	1.15258e-12
7200	2	0.864315	1.57806	2.17647e-29	1.66024e-28	1.0
7200	3	2.00749	2.23246	2.17647e-27	1.6709e-27	1.0
7200	4	2.14908	1.20859	1.43914e-28	7.10686e-30	1.0
7200	5	0.842718	1.87208	2.63003e-28	8.34068e-28	-1.0
7200	6	1.14005	1.17787	3.34216e-05	2.28209e-28	-1.78051e-12
7200	7	1.7921	1.66949	6.87193e-28	2.85064e-28	-1.0
7200	8	2.62657	0.965162	4.54839e-28	3.56577e-28	-1.0
7200	9	3.8912	0.82587	0.00541588	5.87426e-29	9.09603e-13
7200	10	1.15907	0.000737404	5.03452e-28	7.15887e-35	-1.0
7300	1	1.41985	1.9708	1.33451e-28	4.08694e-28	1.0
7300	2	0.864315	1.57806	2.17647e-29	1.66024e-28	1.0
7300	3	2.00749	2.23246	2.17647e-27	1.6709e-27	1.0
7300	4	2.14908	1.20859	1.43914e-28	7.10686e-30	1.0
7300	5	0.842718	2.17695	2.63003e-28	0.0105123	-1.96862e-13
7300	6	1.13987	1.17788	1.04431e-28	3.54581e-09	-2.51544e-10
7300	7	1.7921	1.66949	6.87193e-28	2.85064e-28	-1.0
7300	8	2.62657	0.965162	4.54839e-28	3.56577e-28	-1.0
7300	9	4.08105	0.82587	4.93532e-28	5.87426e-29	-1.0
7300	10	1.15907	0.000737404	5.03452e-28	7.15887e-35	-1.0
7400	1	1.41985	1.9708	1.33451e-28	4.08694e-28	1.0
7400	2	0.864315	1.57806	2.17647e-29	1.66024e-28	1.0
7400	3	2.00749	2.23246	2.17647e-27	1.6709e-27	1.0
7400	4	2.14908	1.20859	1.43914e-28	7.10686e-30	1.0
7400	5	0.842718	2.47114	2.63003e-28	2.85064e-28	1.0
7400	6	1.13987	1.17892	1.04431e-28	5.37456e-29	-1.0
7400	7	1.7921	2.05914	6.87193e-28	1.05201e-27	1.0
7400	8	2.62657	0.965162	4.54839e-28	3.56577e-28	-1.0
7400	9	4.08105	0.71923	4.93532e-28	2.4183e-30	-1.0
7400	10	1.15907	0.000737404	5.03452e-28	7.15887e-35	-1.0
7500	1	1.41985	1.9708	1.33451e-28	4.08694e-28	1.0
7500	2	0.864315	1.57806	2.17647e-29	1.66024e-28	1.0
7500	3	2.00749	2.23246	2.17647e-27	1.6709e-27	1.0
7500	4	2.14908	1.20859	1.43914e-28	7.10686e-30	1.0
7500	5	0.842718	2.47114	2.63003e-28	2.85064e-28	1.0
7500	6	1.13987	1.25767	1.04431e-28	0.000603228	-2.19585e-13
7500	7	1.79233	2.05914	5.49241e-05	1.05201e-27	3.54296e-12
7500	8	2.62657	0.965162	4.54839e-28	3.56577e-28	-1.0
7500	9	4.08105	0.71923	4.93532e-28	2.4183e-30	-1.0
7500	10	1.15907	0.000737404	5.03452e-28	7.15887e-35	-1.0
7600	1	1.41985	2.00859	1.33451e-28	0.00888216	1.99154e-13
7600	2	0.864315	1.57806	2.17647e-29	1.66024e-28	1.0
7600	3	2.00749	2.23246	2.17647e-27	1.6709e-27	1.0
7600	4	2.14908	1.20859	1.43914e-28	7.10686e-30	1.0
7600	5	0.842718	2.47114	2.63003e-28	2.85064e-28	1.0
7600	6	1.13987	1.27272	1.04431e-28	2.17647e-29	-1.0
7600	7	2.26082	2.05862	1.26344e-29	4.62855e-05	4.80502e-12
7600	8	2.62657	0.965162	4.54839e-28	3.56577e-28	-1.0
7600	9	4.08105	0.990076	4.93532e-28	0.00312066	-3.14314e-13
7600	10	1.15907	0.000737404	5.03452e-28	7.15887e-35	-1.0
7700	1	1.41985	2.48148	1.33451e-28	4.44178e-29	-1.0
7700	2	0.864315	1.57806	2.17647e-29	1.66024e-28	1.0
7700	3	2.00749	2.23246	2.17647e-27	1.6709e-27	1.0
7700	4	2.14908	1.20859	1.43914e-28	7.10686e-30	1.0
7700	5	0.842718	2.47114	2.63003e-28	2.85064e-28	1.0
7700	6	1.13987	1.27272	1.04431e-28	2.17647e-29	-1.0
7700	7	2.26082	2.05914	1.26344e-29	1.05201e-27	1.0
7700	8	2.62657	0.965162	4.54839e-28	3.56577e-28	-1.0
7700	9	4.08105	1.01315	4.93532e-28	3.39994e-28	-1.0
7700	10	1.15907	0.0132129	5.03452e-28	0.00216752	-2.66461e-15
7800	1	1.45791	2.48148	3.37791e-05	4.44178e-29	5.48868e-12
7800	2	0.864315	1.57806	2.17647e-29	1.66024e-28	1.0
7800	3	2.00749	2.23246	2.17647e-27	1.6709e-27	1.0
7800	4	2.14908	1.20859	1.43914e-28	7.10686e-30	1.0
7800	5	0.842718	2.47114	2.63003e-28	2.85064e-28	1.0
7800	6	0.985122	1.7042	0.0045773	1.02339e-27	1.64013e-13
7800	7	2.26082	2.05914	1.26344e-29	1.05201e-27	1.0
7800	8	2.62657	0.965162	4.54839e-28	3.56577e-28	-1.0
7800	9	4.08105	1.01315	4.93532e-28	3.39994e-28	-1.0
7800	10	1.60029	0.362345	0.00127088	4.22247e-29	-4.83037e-13
7900	1	1.45968	2.55421	1.2477e-27	0.000174171	-2.45858e-13
7900	2	0.864315	1.57806	2.17647e-29	1.66024e-28	1.0
7900	3	2.00749	2.23246	2.17647e-27	1.6709e-27	1.0
7900	4	2.14908	1.20859	1.43914e-28	7.10686e-30	1.0
7900	5	0.842718	2.47114	2.63003e-28	2.85064e-28	1.0
7900	6	0.926426	1.7042	1.99004e-28	1.02339e-27	1.0
7900	7	2.26082	2.05914	1.26344e-29	1.05201e-27	1.0
7900	8	2.62657	0.965162	4.54839e-28	3.56577e-28	-1.0
7900	9	4.29815	0.996825	0.00907432	0.000174632	-0.00765204
7900	10	1.60519	0.362345	3.1586e-28	4.22247e-29	-1.0
8000	1	1.45968	2.55898	1.2477e-27	1.1371e-28	-1.0
8000	2	0.864315	1.57806	2.17647e-29	1.66024e-28	1.0
8000	3	2.00749	2.23246	2.17647e-27	1.6709e-27	1.0
8000	4	2.14908	1.20859	1.43914e-28	7.10686e-30	1.0
8000	5	0.842718	2.47114	2.63003e-28	2.85064e-28	1.0
8000	6	0.926426	1.7044	1.99004e-28	6.85211e-06	1.2144e-11
8000	7	2.26082	2.05914	1.26344e-29	1.05201e-27	1.0
8000	8	2.62657	0.965162	4.54839e-28	3.56577e-28	-1.0
8000	9	4.38091	0.951387	1.89595e-27	2.14982e-28	-1.0
8000	10	1.60519	0.362345	3.1586e-28	4.22247e-29	-1.0
8100	1	1.45968	2.55898	1.2477e-27	1.1371e-28	-1.0
8100	2	0.864315	1.57806	2.17647e-29	1.66024e-28	1.0
8100	3	2.00749	2.23246	2.17647e-27	1.6709e-27	1.0
8100	4	2.14908	1.20859	1.43914e-28	7.10686e-30	1.0
8100	5	0.842718	2.49101	2.63003e-28	0.00211144	3.33883e-13
8100	6	0.926426	1.97825	1.99004e-28	0.00050377	1.42095e-12
8100	7	2.26067	2.05914	2.1591e-05	1.05201e-27	8.23674e-13
8100	8	2.62657	0.965162	4.54839e-28	3.56577e-28	-1.0
8100	9	4.38091	0.951387	1.89595e-27	2.14982e-28	-1.0
8100	10	1.60519	0.461187	3.1586e-28	9.88328e-29	-1.0
8200	1	1.45968	2.55898	1.2477e-27	1.1371e-28	-1.0
8200	2	0.864418	1.57806	1.07192e-05	1.66024e-28	1.40516e-12
8200	3	2.00749	2.23246	2.17647e-27	1.6709e-27	1.0
8200	4	2.14908	1.66714	1.43914e-28	2.28209e-28	1.0
8200	5	0.757736	2.69955	0.00227408	2.38869e-27	9.76962e-14
8200	6	0.926426	2.00257	1.99004e-28	1.89595e-27	1.0
8200	7	2.26082	2.05914	1.26344e-29	1.05201e-27	1.0
8200	8	2.62657	0.965162	4.54839e-28	3.56577e-28	-1.0
8200	9	4.38091	0.951387	1.89595e-27	2.14982e-28	-1.0
8200	10	1.60559	0.51235	7.88573e-05	2.8358e-05	0.000445109
8300	1	1.45968	2.55898	1.2477e-27	1.1371e-28	-1.0
8300	2	0.864315	1.54053	2.17647e-29	1.42631e-27	-1.0
8300	3	2.12113	2.23246	1.29278e-05	1.6709e-27	-7.48015e-12
8300	4	2.18912	1.66714	0.00247682	2.28209e-28	-2.03375e-13
8300	5	0.70306	2.69955	1.5202e-28	2.38869e-27	1.0
8300	6	1.38477	2.00257	5.33804e-28	1.89595e-27	-1.0
8300	7	2.26082	2.05914	1.26344e-29	1.05201e-27	1.0
8300	8	2.62645	0.965162	1.44486e-05	3.56577e-28	-5.57736e-12
8300	9	4.38091	1.0243	1.89595e-27	0.00813865	-1.32563e-13
8300	10	2.12559	0.816286	0.00560864	4.89707e-29	-1.01048e-13
8400	1	1.45968	2.55898	1.2477e-27	1.1371e-28	-1.0
8400	2	0.864315	1.42037	2.17647e-29	0.000609949	-4.66041e-13
8400	3	2.12136	2.23246	7.10686e-28	1.6709e-27	-1.0
8400	4	2.30798	1.66714	3.54474e-27	2.28209e-28	-1.0
8400	5	0.70306	2.69955	1.5202e-28	2.38869e-27	1.0
8400	6	1.38477	2.00257	5.33804e-28	1.89595e-27	-1.0
8400	7	2.26082	2.05914	1.26344e-29	1.05201e-27	1.0
8400	8	2.62657	0.965162	4.54839e-28	3.56577e-28	-1.0
8400	9	4.38091	1.24017	1.89595e-27	1.78165e-29	-1.0
8400	10	2.21415	0.996	5.97173e-28	2.59413e-28	1.0
8500	1	1.58221	2.55898	1.37641e-27	1.1371e-28	1.0
8500	2	0.864315	1.40971	2.17647e-29	1.09021e-28	-1.0
8500	3	2.12136	2.23246	7.10686e-28	1.6709e-27	-1.0
8500	4	2.30798	1.66714	3.54474e-27	2.28209e-28	-1.0
8500	5	0.702954	2.78601	1.1275e-05	0.000579294	-0.0169907
8500	6	1.38477	2.00257	5.33804e-28	1.89595e-27	-1.0
8500	7	2.26082	2.05914	1.26344e-29	1.05201e-27	1.0
8500	8	2.62657	1.05068	4.54839e-28	6.21148e-07	-1.75311e-11
8500	9	4.38091	1.24017	1.89595e-27	1.78165e-29	-1.0
8500	10	2.21415	0.996	5.97173e-28	2.59413e-28	1.0
8600	1	1.42605	2.55898	0.000594755	1.1371e-28	4.84355e-13
8600	2	0.864315	1.40971	2.17647e-29	1.09021e-28	-1.0
8600	3	2.12136	2.23246	7.10686e-28	1.6709e-27	-1.0
8600	4	2.30798	1.66714	3.54474e-27	2.28209e-28	-1.0
8600	5	0.70306	3.17514	1.5202e-28	0.00682216	5.60907e-13
8600	6	1.38477	2.00257	5.33804e-28	1.89595e-27	-1.0
8600	7	2.26082	2.05914	1.26344e-29	1.05201e-27	1.0
8600	8	2.54711	1.05193	0.000725895	8.70353e-08	-0.0526064
8600	9	4.38091	1.24017	1.89595e-27	1.78165e-29	-1.0
8600	10	2.21878	0.996	2.28209e-28	2.59413e-28	-1.0
8700	1	1.41361	2.55898	2.08517e-28	1.1371e-28	1.0
8700	2	0.864315	1.40971	2.17647e-29	1.09021e-28	-1.0
8700	3	2.12136	2.23246	7.10686e-28	1.6709e-27	-1.0
8700	4	2.30798	1.96451	3.54474e-27	5.86365e-28	-1.0
8700	5	0.70439	3.47456	0.000251087	5.30961e-27	-7.91296e-13
8700	6	1.38477	2.00257	5.33804e-28	1.89595e-27	-1.0
8700	7	2.26082	2.05914	1.26344e-29	1.05201e-27	1.0
8700	8	2.52829	0.965618	3.00265e-28	1.82924e-05	5.42297e-12
8700	9	4.38091	1.46514	1.89595e-27	1.11045e-29	-1.0
8700	10	2.21878	1.39467	2.28209e-28	6.52696e-28	-1.0
8800	1	1.41361	2.73886	2.08517e-28	2.42914e-05	-1.35715e-12
8800	2	0.864315	1.40971	2.17647e-29	1.09021e-28	-1.0
8800	3	2.12136	2.23246	7.10686e-28	1.6709e-27	-1.0
8800	4	2.30798	1.96451	3.54474e-27	5.86365e-28	-1.0
8800	5	1.08299	3.47456	4.08694e-28	5.30961e-27	-1.0
8800	6	1.38477	2.00257	5.33804e-28	1.89595e-27	-1.0
8800	7	2.26082	2.13982	1.26344e-29	0.00247569	2.26932e-13
8800	8	2.52829	1.18388	3.00265e-28	1.42631e-29	-1.0
8800	9	4.38091	1.86011	1.89595e-27	8.99461e-28	1.0
8800	10	2.21878	1.39467	2.28209e-28	6.52696e-28	-1.0
8900	1	1.41361	2.73913	2.08517e-28	4.44178e-29	-1.0
8900	2	0.860897	1.40971	0.000438196	1.09021e-28	-2.05691e-13
8900	3	2.12136	2.23246	7.10686e-28	1.6709e-27	-1.0
8900	4	2.30798	1.96451	3.54474e-27	5.86365e-28	-1.0
8900	5	1.08299	3.47456	4.08694e-28	5.30961e-27	-1.0
8900	6	1.38477	2.00257	5.33804e-28	1.89595e-27	-1.0
8900	7	2.26082	2.20019	1.26344e-29	2.14982e-28	-1.0
8900	8	2.52829	1.18388	3.00265e-28	1.42631e-29	-1.0
8900	9	4.38091	1.86011	1.89595e-27	8.99461e-28	1.0
8900	10	2.21878	1.87107	2.28209e-28	3.31851e-28	-1.0
9000	1	1.39313	2.73913	0.00301393	4.44178e-29	-1.53188e-13
9000	2	0.687741	1.65987	0.00756774	0.000156859	0.0797323
9000	3	2.12136	2.23246	7.10686e-28	1.6709e-27	-1.0
9000	4	2.61199	1.96451	0.00363057	5.86365e-28	-3.57763e-13
9000	5	1.08299	3.56115	4.08694e-28	4.20805e-27	1.0
9000	6	1.38477	2.00257	5.33804e-28	1.89595e-27	-1.0
9000	7	2.25212	2.20019	3.83206e-05	2.14982e-28	-2.85476e-12
9000	8	2.45499	1.1895	1.20106e-27	3.72122e-07	-1.5364e-11
9000	9	4.38091	1.86011	1.89595e-27	8.99461e-28	1.0
9000	10	2.32065	2.00807	2.85064e-28	3.28794e-05	2.94724e-12
9100	1	1.22189	2.73913	0.00646739	4.44178e-29	4.76864e-14
9100	2	1.42182	1.66088	0.00101053	2.02151e-28	-1.80862e-13
9100	3	2.12136	2.23246	7.10686e-28	1.6709e-27	-1.0
9100	4	2.71991	1.96451	2.85064e-28	5.86365e-28	1.0
9100	5	1.08299	3.56115	4.08694e-28	4.20805e-27	1.0
9100	6	1.38477	2.00257	5.33804e-28	1.89595e-27	-1.0
9100	7	2.2434	2.20019	1.97413e-31	2.14982e-28	1.0
9100	8	2.45536	1.18963	1.6533e-05	9.1254e-29	-8.29206e-12
9100	9	4.38097	2.13488	3.97609e-06	6.87193e-28	-2.18072e-11
9100	10	2.32065	2.00855	2.85064e-28	3.00265e-28	1.0
9200	1	1.28196	2.73913	0.00203146	4.44178e-29	8.2883e-14
9200	2	1.41393	1.66088	6.75645e-29	2.02151e-28	-1.0
9200	3	2.12136	2.23246	7.10686e-28	1.6709e-27	-1.0
9200	4	2.71991	1.74484	2.85064e-28	4.83004e-05	-4.21506e-12
9200	5	1.08299	3.56115	4.08694e-28	4.20805e-27	1.0
9200	6	1.38477	2.00257	5.33804e-28	1.89595e-27	-1.0
9200	7	2.2434	2.20019	1.97413e-31	2.14982e-28	1.0
9200	8	2.45499	1.18963	1.20106e-27	9.1254e-29	-1.0
9200	9	4.38091	2.13187	1.89595e-27	6.32042e-05	-2.3811e-12
9200	10	2.32065	2.00855	2.85064e-28	3.00265e-28	1.0
9300	1	1.26884	2.73913	1.97413e-29	4.44178e-29	1.0
9300	2	1.41393	1.66088	6.75645e-29	2.02151e-28	-1.0
9300	3	2.12136	2.23246	7.10686e-28	1.6709e-27	-1.0
9300	4	2.71991	1.7444	2.85064e-28	8.73008e-28	-1.0
9300	5	1.08299	3.56115	4.08694e-28	4.20805e-27	1.0
9300	6	1.40553	2.4701	0.000172052	2.84274e-29	8.90325e-13
9300	7	2.2434	2.20019	1.97413e-31	2.14982e-28	1.0
9300	8	2.45345	1.18963	9.33151e-05	9.1254e-29	-3.40837e-12
9300	9	4.38091	2.11078	1.89595e-27	0.000255002	1.67729e-12
9300	10	2.32065	2.00855	2.85064e-28	3.00265e-28	1.0
9400	1	1.26884	2.73913	1.97413e-29	4.44178e-29	1.0
9400	2	1.41393	1.66088	6.75645e-29	2.02151e-28	-1.0
9400	3	2.12136	2.29119	7.10686e-28	0.00675923	-2.02858e-13
9400	4	2.71991	1.60442	2.85064e-28	0.000838798	-7.01195e-13
9400	5	1.08299	3.56115	4.08694e-28	4.20805e-27	1.0
9400	6	1.42397	2.4701	1.83643e-28	2.84274e-29	1.0
9400	7	2.47754	2.20019	4.93532e-30	2.14982e-28	-1.0
9400	8	2.33155	1.18963	1.5252e-05	9.1254e-29	6.04614e-12
9400	9	4.49868	2.25223	0.00558209	0.00493376	0.0574402
9400	10	2.32065	2.00855	2.85064e-28	3.00265e-28	1.0
9500	1	1.26884	2.73913	1.97413e-29	4.44178e-29	1.0
9500	2	1.41393	1.66088	6.75645e-29	2.02151e-28	-1.0
9500	3	2.12136	2.39652	7.10686e-28	0.00698688	-1.19731e-13
9500	4	2.72352	1.59341	1.42631e-27	4.93532e-28	1.0
9500	5	1.08299	3.56115	4.08694e-28	4.20805e-27	1.0
9500	6	1.42397	2.4701	1.83643e-28	2.84274e-29	1.0
9500	7	2.38864	2.20019	0.00555169	2.14982e-28	-2.91959e-14
9500	8	2.33131	1.1779	5.33804e-28	0.0016176	-1.40406e-13
9500	9	4.72717	2.58697	8.54086e-27	5.08164e-05	-1.80908e-12
9500	10	2.32065	2.00855	2.85064e-28	3.00265e-28	1.0
9600	1	1.26884	2.73913	1.97413e-29	4.44178e-29	1.0
9600	2	1.41407	1.66088	2.86878e-06	2.02151e-28	-4.86245e-12
9600	3	2.12136	2.27738	7.10686e-28	9.67322e-30	-1.0
9600	4	2.72352	1.59341	1.42631e-27	4.93532e-28	1.0
9600	5	1.08299	3.71922	4.08694e-28	3.31851e-28	-1.0
9600	6	1.42394	2.4701	1.02768e-06	2.84274e-29	1.34523e-11
9600	7	2.40577	2.20019	4.93532e-30	2.14982e-28	1.0
9600	8	2.33131	1.11222	5.33804e-28	2.70258e-28	1.0
9600	9	4.72717	2.58484	8.54086e-27	1.04431e-28	-1.0
9600	10	2.32065	2.00855	2.85064e-28	3.00265e-28	1.0
9700	1	1.26884	2.73913	1.97413e-29	4.44178e-29	1.0
9700	2	1.75497	1.66088	0.000116421	2.02151e-28	4.29447e-12
9700	3	2.12136	2.27738	7.10686e-28	9.67322e-30	-1.0
9700	4	2.72352	1.59341	1.42631e-27	4.93532e-28	1.0
9700	5	1.08299	3.71922	4.08694e-28	3.31851e-28	-1.0
9700	6	1.42397	2.4701	1.83643e-28	2.84274e-29	1.0
9700	7	2.40577	2.20019	4.93532e-30	2.14982e-28	1.0
9700	8	2.34244	1.11222	0.00121033	2.70258e-28	6.86344e-13
9700	9	4.72717	2.58484	8.54086e-27	1.04431e-28	-1.0
9700	10	2.32065	2.00855	2.85064e-28	3.00265e-28	1.0
9800	1	1.26884	2.73913	1.97413e-29	4.44178e-29	1.0
9800	2	1.75565	1.66088	2.19725e-27	2.02151e-28	1.0
9800	3	2.12136	2.27738	7.10686e-28	9.67322e-30	-1.0
9800	4	2.72352	1.59341	1.42631e-27	4.93532e-28	1.0
9800	5	1.08299	3.71922	4.08694e-28	3.31851e-28	-1.0
9800	6	1.42397	2.4701	1.83643e-28	2.84274e-29	1.0
9800	7	2.40577	2.20019	4.93532e-30	2.14982e-28	1.0
9800	8	2.44315	1.11355	0.00698727	2.15657e-05	-0.0238492
9800	9	4.72717	2.58484	8.54086e-27	1.04431e-28	-1.0
9800	10	2.32065	2.00855	2.85064e-28	3.00265e-28	1.0
9900	1	1.26884	2.73902	1.97413e-29	2.39875e-06	4.42421e-12
9900	2	1.75565	1.66088	2.19725e-27	2.02151e-28	1.0
9900	3	2.12136	2.27738	7.10686e-28	9.67322e-30	-1.0
9900	4	2.72352	1.59341	1.42631e-27	4.93532e-28	1.0
9900	5	1.08299	3.71912	4.08694e-28	1.0863e-05	-5.48013e-12
9900	6	1.42397	2.4701	1.83643e-28	2.84274e-29	1.0
9900	7	2.40577	2.20019	4.93532e-30	2.14982e-28	1.0
9900	8	2.519	1.59121	0.00428961	7.79342e-05	0.0585434
9900	9	4.72717	2.58484	8.54086e-27	1.04431e-28	-1.0
9900	10	2.40314	2.00855	1.78165e-27	3.00265e-28	-1.0
10000	1	1.26884	2.73913	1.97413e-29	4.44178e-29	1.0
10000	2	1.75565	1.66088	2.19725e-27	2.02151e-28	1.0
10000	3	2.12136	2.27738	7.10686e-28	9.67322e-30	-1.0
10000	4	2.72352	1.59341	1.42631e-27	4.93532e-28	1.0
10000	5	1.08299	3.71922	4.08694e-28	3.31851e-28	-1.0
10000	6	1.42397	2.4701	1.83643e-28	2.84274e-29	1.0
10000	7	2.40577	2.20019	4.93532e-30	2.14982e-28	1.0
10000	8	2.55394	1.60064	0.00133172	0.000150816	-0.0372881
10000	9	4.72717	2.58484	8.54086e-27	1.04431e-28	-1.0
10000	10	2.40314	2.00855	1.78165e-27	3.00265e-28	-1.0
