100	1	0.0	0.0	0.0	0.0	NAN
100	2	0.686693	0.717953	2.18252e-28	3.59785e-29	1.0
100	3	0.350904	0.240956	9.04962e-06	7.75853e-06	1.0
100	4	0.0	0.0	0.0	0.0	NAN
100	5	0.0	0.0	0.0	0.0	NAN
100	6	0.0	0.0	0.0	0.0	NAN
100	7	0.248848	0.242472	1.42631e-29	3.56461e-29	-1.0
100	8	0.0	0.0	0.0	0.0	NAN
100	9	0.0	0.0	0.0	0.0	NAN
100	10	0.0	0.0	0.0	0.0	NAN
200	1	0.0	0.0	0.0	0.0	NAN
200	2	0.686693	0.717953	2.18252e-28	3.59785e-29	1.0
200	3	0.715824	0.470188	2.48789e-28	9.66366e-29	-1.0
200	4	0.106267	0.0973265	0.000439145	0.000368358	1.0
200	5	0.0	0.0	0.0	0.0	NAN
200	6	0.436734	0.400881	3.08457e-33	3.93869e-29	1.0
200	7	0.248848	0.242472	1.42631e-29	3.56461e-29	-1.0
200	8	0.0	0.0	0.0	0.0	NAN
200	9	0.0	0.0	0.0	0.0	NAN
200	10	0.0	0.0	0.0	0.0	NAN
300	1	0.0	0.0	0.0	0.0	NAN
300	2	0.686693	0.717953	2.18252e-28	3.59785e-29	1.0
300	3	0.715824	0.470188	2.48789e-28	9.66366e-29	-1.0
300	4	0.114266	0.104652	3.06067e-30	4.63168e-30	1.0
300	5	0.00192434	0.00201372	2.68596e-05	2.94125e-05	1.0
300	6	0.777672	0.762335	3.60784e-28	1.25863e-28	-1.0
300	7	0.248848	0.242472	1.42631e-29	3.56461e-29	-1.0
300	8	0.0	0.0	0.0	0.0	NAN
300	9	0.0	0.0	0.0	0.0	NAN
300	10	0.0	0.0	0.0	0.0	NAN
400	1	0.0	0.0	0.0	0.0	NAN
400	2	0.764324	0.772984	0.00115525	0.000580538	1.0
400	3	0.715824	0.470188	2.48789e-28	9.66366e-29	-1.0
400	4	0.114266	0.104652	3.06067e-30	4.63168e-30	1.0
400	5	0.0303046	0.0317121	5.72622e-31	5.72622e-31	1.0
400	6	1.20062	1.08952	4.08694e-28	3.23806e-28	1.0
400	7	0.248848	0.242472	1.42631e-29	3.56461e-29	-1.0
400	8	0.202441	0.145932	7.10686e-30	5.05947e-30	1.0
400	9	0.0	0.0	0.0	0.0	NAN
400	10	0.0	0.0	0.0	0.0	NAN
500	1	0.0	0.0	0.0	0.0	NAN
500	2	0.79429	0.794227	3.33627e-29	8.91441e-29	1.0
500	3	0.715824	0.470188	2.48789e-28	9.66366e-29	-1.0
500	4	0.114266	0.104652	3.06067e-30	4.63168e-30	1.0
500	5	0.0303046	0.0317121	5.72622e-31	5.72622e-31	1.0
500	6	1.20062	1.08952	4.08694e-28	3.23806e-28	1.0
500	7	0.248848	0.242472	1.42631e-29	3.56461e-29	-1.0
500	8	0.202441	0.145932	7.10686e-30	5.05947e-30	1.0
500	9	0.0	0.0	0.0	0.0	NAN
500	10	0.0673653	0.0225123	0.00011513	1.28575e-05	1.0
600	1	0.0	0.0	0.0	0.0	NAN
600	2	0.79429	0.794227	3.33627e-29	8.91441e-29	1.0
600	3	0.715824	0.470188	2.48789e-28	9.66366e-29	-1.0
600	4	0.114266	0.104652	3.06067e-30	4.63168e-30	1.0
600	5	0.0303046	0.0317121	5.72622e-31	5.72622e-31	1.0
600	6	1.20062	1.08952	4.08694e-28	3.23806e-28	1.0
600	7	0.248848	0.242472	1.42631e-29	3.56461e-29	-1.0
600	8	0.202441	0.145932	7.10686e-30	5.05947e-30	1.0
600	9	0.13535	0.0352742	2.50544e-30	3.7786e-32	-1.0
600	10	0.287678	0.179835	1.07374e-29	4.57211e-30	-1.0
700	1	0.0	0.0	0.0	0.0	NAN
700	2	0.79429	0.794227	3.33627e-29	8.91441e-29	1.0
700	3	1.08516	0.669238	1.77671e-28	1.3603e-28	1.0
700	4	0.114266	0.104652	3.06067e-30	4.63168e-30	1.0
700	5	0.273199	0.215732	6.24626e-30	2.38869e-29	1.0
700	6	1.20062	1.08952	4.08694e-28	3.23806e-28	1.0
700	7	0.248848	0.242472	1.42631e-29	3.56461e-29	-1.0
700	8	0.202441	0.145932	7.10686e-30	5.05947e-30	1.0
700	9	0.13535	0.0352742	2.50544e-30	3.7786e-32	-1.0
700	10	0.287678	0.179835	1.07374e-29	4.57211e-30	-1.0
800	1	0.0986369	0.0748937	0.0045949	0.00264754	0.999929
800	2	0.79429	0.794227	3.33627e-29	8.91441e-29	1.0
800	3	1.08516	0.669238	1.77671e-28	1.3603e-28	1.0
800	4	0.539353	0.407198	0.0	4.81964e-29	NAN
800	5	0.273199	0.215732	6.24626e-30	2.38869e-29	1.0
800	6	1.20062	1.08952	4.08694e-28	3.23806e-28	1.0
800	7	0.248848	0.242472	1.42631e-29	3.56461e-29	-1.0
800	8	0.202441	0.145932	7.10686e-30	5.05947e-30	1.0
800	9	0.13535	0.0352742	2.50544e-30	3.7786e-32	-1.0
800	10	0.287678	0.179835	1.07374e-29	4.57211e-30	-1.0
900	1	0.300631	0.205862	4.29496e-29	1.30323e-29	-1.0
900	2	0.79429	0.794227	3.33627e-29	8.91441e-29	1.0
900	3	1.08516	0.669238	1.77671e-28	1.3603e-28	1.0
900	4	0.539353	0.407198	0.0	4.81964e-29	NAN
900	5	0.273199	0.215732	6.24626e-30	2.38869e-29	1.0
900	6	1.20062	1.08952	4.08694e-28	3.23806e-28	1.0
900	7	0.248848	0.242472	1.42631e-29	3.56461e-29	-1.0
900	8	0.202357	0.14565	2.39281e-06	2.65157e-05	1.0
900	9	0.13535	0.0352742	2.50544e-30	3.7786e-32	-1.0
900	10	0.287678	0.179835	1.07374e-29	4.57211e-30	-1.0
1000	1	0.300631	0.205862	4.29496e-29	1.30323e-29	-1.0
1000	2	0.79429	0.794227	3.33627e-29	8.91441e-29	1.0
1000	3	1.08516	0.669238	1.77671e-28	1.3603e-28	1.0
1000	4	0.539353	0.407198	0.0	4.81964e-29	NAN
1000	5	0.273108	0.215674	8.42756e-06	3.35721e-06	1.0
1000	6	1.20062	1.08952	4.08694e-28	3.23806e-28	1.0
1000	7	0.248848	0.242472	1.42631e-29	3.56461e-29	-1.0
1000	8	0.145901	-0.0422834	7.55797e-30	6.8251e-31	1.0
1000	9	0.13535	0.0352742	2.50544e-30	3.7786e-32	-1.0
1000	10	0.287678	0.179835	1.07374e-29	4.57211e-30	-1.0
1100	1	0.577321	0.381299	4.44178e-31	2.77612e-32	-1.0
1100	2	1.04791	0.963579	0.000177055	7.89471e-05	1.0
1100	3	1.25783	0.90366	1.18497e-28	3.59785e-29	-1.0
1100	4	0.539353	0.407198	0.0	4.81964e-29	NAN
1100	5	0.273199	0.215732	6.24626e-30	2.38869e-29	1.0
1100	6	1.21101	1.26586	3.99761e-30	3.90926e-28	-1.0
1100	7	0.248848	0.242472	1.42631e-29	3.56461e-29	-1.0
1100	8	0.318409	0.191094	5.33671e-06	1.07801e-05	1.0
1100	9	0.13535	0.0352742	2.50544e-30	3.7786e-32	-1.0
1100	10	0.287678	0.179835	1.07374e-29	4.57211e-30	-1.0
1200	1	0.577321	0.381299	4.44178e-31	2.77612e-32	-1.0
1200	2	1.04931	0.964516	1.23383e-30	2.24865e-28	1.0
1200	3	1.25783	0.90366	1.18497e-28	3.59785e-29	-1.0
1200	4	0.539353	0.407198	0.0	4.81964e-29	NAN
1200	5	0.273199	0.215732	6.24626e-30	2.38869e-29	1.0
1200	6	1.21101	1.26586	3.99761e-30	3.90926e-28	-1.0
1200	7	0.249066	0.24274	1.58008e-05	2.39046e-05	1.0
1200	8	0.449576	0.261216	8.49985e-29	2.07407e-29	1.0
1200	9	0.424011	0.25927	7.53833e-07	3.22749e-06	-1.0
1200	10	0.287678	0.179835	1.07374e-29	4.57211e-30	-1.0
1300	1	0.577321	0.381299	4.44178e-31	2.77612e-32	-1.0
1300	2	1.04931	0.964516	1.23383e-30	2.24865e-28	1.0
1300	3	1.32676	1.10436	3.39994e-28	3.99761e-30	-1.0
1300	4	0.539353	0.407198	0.0	4.81964e-29	NAN
1300	5	0.273199	0.215732	6.24626e-30	2.38869e-29	1.0
1300	6	1.21101	1.26586	3.99761e-30	3.90926e-28	-1.0
1300	7	0.394141	0.421181	4.74284e-29	8.99461e-30	-1.0
1300	8	0.449576	0.261216	8.49985e-29	2.07407e-29	1.0
1300	9	0.405709	0.297083	4.52785e-08	1.79395e-06	1.0
1300	10	0.287678	0.179835	1.07374e-29	4.57211e-30	-1.0
1400	1	0.582249	0.386368	0.000323913	0.000293206	0.948401
1400	2	1.04933	0.964572	2.36137e-07	1.57818e-06	1.0
1400	3	1.32676	1.10436	3.39994e-28	3.99761e-30	-1.0
1400	4	0.53943	0.407236	5.83261e-06	1.41973e-06	1.0
1400	5	0.273199	0.215732	6.24626e-30	2.38869e-29	1.0
1400	6	1.21101	1.26586	3.99761e-30	3.90926e-28	-1.0
1400	7	0.394599	0.421514	5.22192e-05	2.76685e-05	1.0
1400	8	0.449576	0.261216	8.49985e-29	2.07407e-29	1.0
1400	9	0.405716	0.297013	3.91354e-12	6.39343e-06	-1.0
1400	10	0.287678	0.179835	1.07374e-29	4.57211e-30	-1.0
1500	1	0.778655	0.565244	0.00659835	0.0026416	1.0
1500	2	1.04931	0.964516	1.23383e-30	2.24865e-28	1.0
1500	3	1.32676	1.10436	3.39994e-28	3.99761e-30	-1.0
1500	4	0.62731	0.515637	0.00638103	0.00969902	1.0
1500	5	0.273199	0.215732	6.24626e-30	2.38869e-29	1.0
1500	6	1.21101	1.26586	3.99761e-30	3.90926e-28	-1.0
1500	7	0.519703	0.569445	1.09021e-28	3.20919e-29	1.0
1500	8	0.449576	0.261216	8.49985e-29	2.07407e-29	1.0
1500	9	0.405716	0.297126	9.0196e-29	1.51144e-31	-1.0
1500	10	0.287678	0.179835	1.07374e-29	4.57211e-30	-1.0
1600	1	0.927895	0.584138	0.00693764	0.00266273	0.966312
1600	2	1.04931	0.964516	1.23383e-30	2.24865e-28	1.0
1600	3	1.32676	1.10436	3.39994e-28	3.99761e-30	-1.0
1600	4	0.771428	0.693317	1.41261e-28	3.99761e-30	1.0
1600	5	0.273199	0.215732	6.24626e-30	2.38869e-29	1.0
1600	6	1.2061	1.25044	2.89412e-05	0.000286327	1.0
1600	7	0.519703	0.569445	1.09021e-28	3.20919e-29	1.0
1600	8	0.449576	0.261216	8.49985e-29	2.07407e-29	1.0
1600	9	0.405716	0.297126	9.0196e-29	1.51144e-31	-1.0
1600	10	0.287678	0.179835	1.07374e-29	4.57211e-30	-1.0
1700	1	1.00697	0.653881	0.00674669	0.00270934	0.999631
1700	2	1.04931	0.964516	1.23383e-30	2.24865e-28	1.0
1700	3	1.32676	1.10436	3.39994e-28	3.99761e-30	-1.0
1700	4	0.771428	0.693317	1.41261e-28	3.99761e-30	1.0
1700	5	0.273199	0.215732	6.24626e-30	2.38869e-29	1.0
1700	6	1.19416	1.21286	8.7059e-29	2.21546e-28	-1.0
1700	7	0.519703	0.569445	1.09021e-28	3.20919e-29	1.0
1700	8	0.449576	0.261216	8.49985e-29	2.07407e-29	1.0
1700	9	0.405716	0.297126	9.0196e-29	1.51144e-31	-1.0
1700	10	0.287678	0.179835	1.07374e-29	4.57211e-30	-1.0
1800	1	1.00351	0.651858	0.00613496	0.00245608	1.0
1800	2	1.04931	0.964516	1.23383e-30	2.24865e-28	1.0
1800	3	1.50724	1.21748	3.65016e-28	1.18497e-28	-1.0
1800	4	1.06778	1.03597	3.73554e-28	2.70258e-28	-1.0
1800	5	0.273199	0.215732	6.24626e-30	2.38869e-29	1.0
1800	6	1.19416	1.21286	8.7059e-29	2.21546e-28	-1.0
1800	7	0.519703	0.569445	1.09021e-28	3.20919e-29	1.0
1800	8	0.449576	0.261216	8.49985e-29	2.07407e-29	1.0
1800	9	0.405716	0.297126	9.0196e-29	1.51144e-31	-1.0
1800	10	0.287678	0.179835	1.07374e-29	4.57211e-30	-1.0
1900	1	0.999262	0.65082	0.00584574	0.00238264	0.997317
1900	2	1.04931	0.964516	1.23383e-30	2.24865e-28	1.0
1900	3	1.50832	1.22077	2.48482e-05	0.000228736	1.0
1900	4	1.06778	1.03597	3.73554e-28	2.70258e-28	-1.0
1900	5	0.273199	0.215732	6.24626e-30	2.38869e-29	1.0
1900	6	1.19416	1.21286	8.7059e-29	2.21546e-28	-1.0
1900	7	0.519703	0.569445	1.09021e-28	3.20919e-29	1.0
1900	8	0.449576	0.261216	8.49985e-29	2.07407e-29	1.0
1900	9	0.405716	0.297126	9.0196e-29	1.51144e-31	-1.0
1900	10	0.287678	0.179835	1.07374e-29	4.57211e-30	-1.0
2000	1	1.16321	0.84214	0.00426213	0.0018563	0.991584
2000	2	1.04931	0.964516	1.23383e-30	2.24865e-28	1.0
2000	3	1.55531	1.36332	4.45412e-28	4.54839e-28	-1.0
2000	4	1.06778	1.03597	3.73554e-28	2.70258e-28	-1.0
2000	5	0.471376	0.371033	9.67322e-30	5.44119e-30	-1.0
2000	6	1.19416	1.21286	8.7059e-29	2.21546e-28	-1.0
2000	7	0.519703	0.569445	1.09021e-28	3.20919e-29	1.0
2000	8	0.449576	0.261216	8.49985e-29	2.07407e-29	1.0
2000	9	0.721217	0.566416	4.98203e-05	3.6295e-05	1.0
2000	10	0.287678	0.179835	1.07374e-29	4.57211e-30	-1.0
2100	1	1.35961	0.987779	0.00141528	0.000577336	0.997933
2100	2	1.22504	0.964919	3.33627e-29	9.99401e-29	-1.0
2100	3	1.55531	1.36332	4.45412e-28	4.54839e-28	-1.0
2100	4	1.19316	1.26792	2.74169e-06	4.86134e-06	-1.0
2100	5	0.471376	0.371033	9.67322e-30	5.44119e-30	-1.0
2100	6	1.19416	1.21286	8.7059e-29	2.21546e-28	-1.0
2100	7	0.519703	0.569445	1.09021e-28	3.20919e-29	1.0
2100	8	0.449576	0.261216	8.49985e-29	2.07407e-29	1.0
2100	9	0.721533	0.566686	4.93532e-32	1.97413e-31	1.0
2100	10	0.287678	0.179835	1.07374e-29	4.57211e-30	-1.0
2200	1	1.34922	0.981506	0.0002056	8.231e-05	1.0
2200	2	1.22504	0.964919	3.33627e-29	9.99401e-29	-1.0
2200	3	1.55491	1.36776	3.99761e-28	6.75645e-29	-1.0
2200	4	1.19321	1.26785	2.84274e-29	2.84274e-29	1.0
2200	5	0.471376	0.371033	9.67322e-30	5.44119e-30	-1.0
2200	6	1.19416	1.21286	8.7059e-29	2.21546e-28	-1.0
2200	7	0.519703	0.569445	1.09021e-28	3.20919e-29	1.0
2200	8	0.695469	0.431959	6.05235e-05	2.91823e-05	1.0
2200	9	1.24139	1.00059	2.77612e-28	4.64364e-28	1.0
2200	10	0.287678	0.179835	1.07374e-29	4.57211e-30	-1.0
2300	1	1.34838	0.981176	6.83744e-05	4.81215e-05	1.0
2300	2	1.22504	0.964919	3.33627e-29	9.99401e-29	-1.0
2300	3	1.55491	1.36776	3.99761e-28	6.75645e-29	-1.0
2300	4	1.19321	1.26785	2.84274e-29	2.84274e-29	1.0
2300	5	0.471376	0.371033	9.67322e-30	5.44119e-30	-1.0
2300	6	1.19416	1.21286	8.7059e-29	2.21546e-28	-1.0
2300	7	0.519703	0.569445	1.09021e-28	3.20919e-29	1.0
2300	8	0.695962	0.432301	1.42631e-29	5.37456e-29	-1.0
2300	9	1.24139	1.00059	2.77612e-28	4.64364e-28	1.0
2300	10	0.287678	0.179835	1.07374e-29	4.57211e-30	-1.0
2400	1	1.48808	1.09838	5.33804e-28	4.45412e-28	-1.0
2400	2	1.22504	0.964919	3.33627e-29	9.99401e-29	-1.0
2400	3	1.57149	1.36565	0.00037444	6.01646e-06	-1.0
2400	4	1.24548	1.2666	1.29853e-05	7.4452e-09	-1.0
2400	5	0.471492	0.371077	1.35241e-05	1.96116e-06	1.0
2400	6	1.19416	1.21286	8.7059e-29	2.21546e-28	-1.0
2400	7	0.519703	0.569445	1.09021e-28	3.20919e-29	1.0
2400	8	0.696021	0.432401	3.50405e-06	1.0006e-05	1.0
2400	9	1.24139	1.00059	2.77612e-28	4.64364e-28	1.0
2400	10	0.287678	0.179835	1.07374e-29	4.57211e-30	-1.0
2500	1	1.48808	1.09838	5.33804e-28	4.45412e-28	-1.0
2500	2	1.45033	1.14958	4.1506e-29	2.28209e-28	-1.0
2500	3	1.61871	1.35967	2.14982e-28	7.58854e-28	1.0
2500	4	1.24598	1.26659	3.08457e-29	1.59904e-29	1.0
2500	5	0.703962	0.459603	1.60348e-28	6.30764e-29	-1.0
2500	6	1.19416	1.21286	8.7059e-29	2.21546e-28	-1.0
2500	7	0.519703	0.569445	1.09021e-28	3.20919e-29	1.0
2500	8	0.697709	0.433616	0.000187952	0.00010638	1.0
2500	9	1.24139	1.00059	2.77612e-28	4.64364e-28	1.0
2500	10	0.287678	0.179835	1.07374e-29	4.57211e-30	-1.0
2600	1	1.34913	0.947374	1.42631e-29	8.09515e-29	1.0
2600	2	1.45033	1.14958	4.1506e-29	2.28209e-28	-1.0
2600	3	1.61871	1.35967	2.14982e-28	7.58854e-28	1.0
2600	4	1.29577	1.26779	0.00126022	7.35907e-07	1.0
2600	5	1.03808	0.726757	3.90926e-28	8.09515e-29	-1.0
2600	6	1.19416	1.21286	8.7059e-29	2.21546e-28	-1.0
2600	7	0.519703	0.569445	1.09021e-28	3.20919e-29	1.0
2600	8	0.789115	0.502383	0.00574684	0.00325271	1.0
2600	9	1.50522	1.14165	5.22565e-05	1.49388e-05	1.0
2600	10	0.287678	0.179835	1.07374e-29	4.57211e-30	-1.0
2700	1	1.34913	0.947374	1.42631e-29	8.09515e-29	1.0
2700	2	1.45015	1.14926	5.27199e-06	1.71989e-05	1.0
2700	3	1.69223	1.34443	6.76402e-06	2.90467e-07	-1.0
2700	4	1.34749	1.26904	6.39617e-29	1.02339e-27	1.0
2700	5	1.03808	0.726757	3.90926e-28	8.09515e-29	-1.0
2700	6	1.19416	1.21286	8.7059e-29	2.21546e-28	-1.0
2700	7	0.519703	0.569445	1.09021e-28	3.20919e-29	1.0
2700	8	0.808007	0.516596	0.0058893	0.00333334	1.0
2700	9	1.50561	1.14186	4.26855e-28	9.1254e-29	1.0
2700	10	0.287678	0.179835	1.07374e-29	4.57211e-30	-1.0
2800	1	1.34913	0.947374	1.42631e-29	8.09515e-29	1.0
2800	2	1.45033	1.14958	4.1506e-29	2.28209e-28	-1.0
2800	3	1.69242	1.3444	7.34572e-28	2.3497e-28	-1.0
2800	4	1.34749	1.26904	6.39617e-29	1.02339e-27	1.0
2800	5	1.53816	1.14629	2.14982e-28	2.48789e-28	-1.0
2800	6	1.19416	1.21286	8.7059e-29	2.21546e-28	-1.0
2800	7	0.519703	0.569445	1.09021e-28	3.20919e-29	1.0
2800	8	0.797196	0.508463	0.00577406	0.00326811	1.0
2800	9	1.51068	1.14721	0.000632589	0.000702326	1.0
2800	10	0.287678	0.179835	1.07374e-29	4.57211e-30	-1.0
2900	1	1.34913	0.947374	1.42631e-29	8.09515e-29	1.0
2900	2	1.45033	1.14958	4.1506e-29	2.28209e-28	-1.0
2900	3	1.69242	1.3444	7.34572e-28	2.3497e-28	-1.0
2900	4	1.34749	1.26904	6.39617e-29	1.02339e-27	1.0
2900	5	1.53816	1.14629	2.14982e-28	2.48789e-28	-1.0
2900	6	1.19416	1.21286	8.7059e-29	2.21546e-28	-1.0
2900	7	0.519703	0.569445	1.09021e-28	3.20919e-29	1.0
2900	8	0.8008	0.511174	0.00573501	0.00324601	1.0
2900	9	1.75296	1.40248	8.29627e-29	5.1347e-28	-1.0
2900	10	0.287678	0.179835	1.07374e-29	4.57211e-30	-1.0
3000	1	1.34913	0.947374	1.42631e-29	8.09515e-29	1.0
3000	2	1.48375	1.17798	1.26027e-05	9.09443e-06	1.0
3000	3	1.69242	1.3444	7.34572e-28	2.3497e-28	-1.0
3000	4	1.34749	1.26904	6.39617e-29	1.02339e-27	1.0
3000	5	1.53816	1.14629	2.14982e-28	2.48789e-28	-1.0
3000	6	1.19416	1.21286	8.7059e-29	2.21546e-28	-1.0
3000	7	0.519703	0.569445	1.09021e-28	3.20919e-29	1.0
3000	8	0.812157	0.519719	0.00560971	0.00317509	1.0
3000	9	1.75296	1.40248	8.29627e-29	5.1347e-28	-1.0
3000	10	0.343031	0.345488	1.38002e-05	0.000123596	1.0
3100	1	1.34913	0.947374	1.42631e-29	8.09515e-29	1.0
3100	2	1.48449	1.1786	2.38869e-29	0.0	NAN
3100	3	1.77192	1.44593	0.00203303	0.00331579	1.0
3100	4	1.34749	1.26904	6.39617e-29	1.02339e-27	1.0
3100	5	1.53816	1.14629	2.14982e-28	2.48789e-28	-1.0
3100	6	1.19416	1.21286	8.7059e-29	2.21546e-28	-1.0
3100	7	0.519703	0.569445	1.09021e-28	3.20919e-29	1.0
3100	8	0.80495	0.514296	0.00599283	0.00339193	1.0
3100	9	1.75296	1.40248	8.29627e-29	5.1347e-28	-1.0
3100	10	0.343533	0.346992	9.99401e-31	1.68911e-29	-1.0
3200	1	1.34913	0.947374	1.42631e-29	8.09515e-29	1.0
3200	2	1.48449	1.1786	2.38869e-29	0.0	NAN
3200	3	1.82307	1.51125	9.67322e-28	3.82191e-28	-1.0
3200	4	1.34749	1.26904	6.39617e-29	1.02339e-27	1.0
3200	5	1.53816	1.14629	2.14982e-28	2.48789e-28	-1.0
3200	6	1.19416	1.21286	8.7059e-29	2.21546e-28	-1.0
3200	7	0.519703	0.569445	1.09021e-28	3.20919e-29	1.0
3200	8	0.798288	0.509284	0.00571867	0.00323676	1.0
3200	9	1.75296	1.40248	8.29627e-29	5.1347e-28	-1.0
3200	10	0.343533	0.346992	9.99401e-31	1.68911e-29	-1.0
3300	1	1.34913	0.947374	1.42631e-29	8.09515e-29	1.0
3300	2	1.48449	1.1786	2.38869e-29	0.0	NAN
3300	3	1.82307	1.51125	9.67322e-28	3.82191e-28	-1.0
3300	4	1.34749	1.26904	6.39617e-29	1.02339e-27	1.0
3300	5	1.53816	1.14629	2.14982e-28	2.48789e-28	-1.0
3300	6	1.19416	1.21286	8.7059e-29	2.21546e-28	-1.0
3300	7	0.519703	0.569445	1.09021e-28	3.20919e-29	1.0
3300	8	0.795667	0.507312	0.00600996	0.00340163	1.0
3300	9	1.75296	1.40248	8.29627e-29	5.1347e-28	-1.0
3300	10	0.559249	0.485965	4.74284e-29	7.03313e-29	-1.0
3400	1	1.34913	0.947374	1.42631e-29	8.09515e-29	1.0
3400	2	1.48449	1.1786	2.38869e-29	0.0	NAN
3400	3	1.78291	1.49628	0.00205731	0.000285789	1.0
3400	4	1.34749	1.26904	6.39617e-29	1.02339e-27	1.0
3400	5	1.53816	1.14629	2.14982e-28	2.48789e-28	-1.0
3400	6	1.19416	1.21286	8.7059e-29	2.21546e-28	-1.0
3400	7	0.519703	0.569445	1.09021e-28	3.20919e-29	1.0
3400	8	0.776338	0.49277	0.00556673	0.00315076	1.0
3400	9	1.75296	1.40248	8.29627e-29	5.1347e-28	-1.0
3400	10	0.559249	0.485965	4.74284e-29	7.03313e-29	-1.0
3500	1	1.34913	0.947374	1.42631e-29	8.09515e-29	1.0
3500	2	1.49011	1.18453	0.000800039	0.00088952	1.0
3500	3	1.69127	1.46213	0.000965815	0.000134165	1.0
3500	4	1.34749	1.26904	6.39617e-29	1.02339e-27	1.0
3500	5	1.5382	1.1461	7.10889e-07	1.72582e-05	-1.0
3500	6	1.19416	1.21286	8.7059e-29	2.21546e-28	-1.0
3500	7	0.630495	0.751336	0.00210958	0.00568587	1.0
3500	8	1.18917	1.00159	0.000956365	0.000541301	1.0
3500	9	1.75296	1.40248	8.29627e-29	5.1347e-28	-1.0
3500	10	0.87071	0.722962	2.61078e-29	2.05321e-28	1.0
3600	1	1.34913	0.947374	1.42631e-29	8.09515e-29	1.0
3600	2	1.76579	1.47522	1.05201e-27	3.65016e-28	1.0
3600	3	1.67828	1.45729	8.91821e-05	1.23886e-05	1.0
3600	4	1.34749	1.26904	6.39617e-29	1.02339e-27	1.0
3600	5	1.53816	1.14629	2.14982e-28	2.48789e-28	-1.0
3600	6	1.19416	1.21286	8.7059e-29	2.21546e-28	-1.0
3600	7	0.669523	0.815409	4.29496e-29	3.56577e-28	-1.0
3600	8	1.43336	1.3084	0.00605271	0.00667225	1.0
3600	9	1.75296	1.40248	8.29627e-29	5.1347e-28	-1.0
3600	10	0.87071	0.722962	2.61078e-29	2.05321e-28	1.0
3700	1	1.34913	0.947374	1.42631e-29	8.09515e-29	1.0
3700	2	1.76579	1.47522	1.05201e-27	3.65016e-28	1.0
3700	3	1.67704	1.45682	4.64364e-28	1.11045e-29	-1.0
3700	4	1.34749	1.26904	6.39617e-29	1.02339e-27	1.0
3700	5	1.53816	1.14629	2.14982e-28	2.48789e-28	-1.0
3700	6	1.19416	1.21286	8.7059e-29	2.21546e-28	-1.0
3700	7	0.669523	0.815409	4.29496e-29	3.56577e-28	-1.0
3700	8	1.80266	1.69604	4.35177e-05	2.62752e-05	1.0
3700	9	1.75231	1.40156	6.0064e-05	0.00012084	1.0
3700	10	0.871947	0.724987	6.2318e-05	0.000166915	1.0
3800	1	1.34913	0.947374	1.42631e-29	8.09515e-29	1.0
3800	2	1.76579	1.47522	1.05201e-27	3.65016e-28	1.0
3800	3	1.67704	1.45682	4.64364e-28	1.11045e-29	-1.0
3800	4	1.34749	1.26904	6.39617e-29	1.02339e-27	1.0
3800	5	1.53816	1.14629	2.14982e-28	2.48789e-28	-1.0
3800	6	1.24025	1.30143	9.8119e-28	1.59904e-29	1.0
3800	7	0.669523	0.815409	4.29496e-29	3.56577e-28	-1.0
3800	8	2.04342	1.88312	2.47634e-27	2.05388e-27	-1.0
3800	9	1.76192	1.40957	4.34848e-06	2.71627e-06	1.0
3800	10	0.973817	0.891706	3.99761e-28	1.42631e-29	-1.0
3900	1	1.34913	0.947374	1.42631e-29	8.09515e-29	1.0
3900	2	1.76579	1.47522	1.05201e-27	3.65016e-28	1.0
3900	3	1.67698	1.45672	3.06341e-06	1.0966e-05	1.0
3900	4	1.34749	1.26904	6.39617e-29	1.02339e-27	1.0
3900	5	1.53816	1.14629	2.14982e-28	2.48789e-28	-1.0
3900	6	1.24025	1.30143	9.8119e-28	1.59904e-29	1.0
3900	7	0.669523	0.815409	4.29496e-29	3.56577e-28	-1.0
3900	8	2.04342	1.88312	2.47634e-27	2.05388e-27	-1.0
3900	9	1.76286	1.41031	3.00265e-28	2.3497e-28	-1.0
3900	10	0.973817	0.891706	3.99761e-28	1.42631e-29	-1.0
4000	1	1.34913	0.947374	1.42631e-29	8.09515e-29	1.0
4000	2	1.88981	1.62013	1.18571e-27	4.54839e-28	1.0
4000	3	1.67704	1.45682	4.64364e-28	1.11045e-29	-1.0
4000	4	1.34749	1.26904	6.39617e-29	1.02339e-27	1.0
4000	5	1.53816	1.14629	2.14982e-28	2.48789e-28	-1.0
4000	6	1.24025	1.30143	9.8119e-28	1.59904e-29	1.0
4000	7	0.669523	0.815409	4.29496e-29	3.56577e-28	-1.0
4000	8	2.04342	1.88312	2.47634e-27	2.05388e-27	-1.0
4000	9	1.76286	1.41031	3.00265e-28	2.3497e-28	-1.0
4000	10	1.12727	0.925919	2.48789e-28	1.02173e-28	-1.0
4100	1	1.34913	0.947374	1.42631e-29	8.09515e-29	1.0
4100	2	1.88981	1.62013	1.18571e-27	4.54839e-28	1.0
4100	3	1.67704	1.45682	4.64364e-28	1.11045e-29	-1.0
4100	4	1.34749	1.26904	6.39617e-29	1.02339e-27	1.0
4100	5	1.53816	1.14629	2.14982e-28	2.48789e-28	-1.0
4100	6	1.24025	1.30143	9.8119e-28	1.59904e-29	1.0
4100	7	0.669523	0.815409	4.29496e-29	3.56577e-28	-1.0
4100	8	1.96863	1.77792	3.77916e-05	7.47723e-05	1.0
4100	9	1.76286	1.41031	3.00265e-28	2.3497e-28	-1.0
4100	10	1.12727	0.925919	2.48789e-28	1.02173e-28	-1.0
4200	1	1.34913	0.947374	1.42631e-29	8.09515e-29	1.0
4200	2	1.88981	1.62013	1.18571e-27	4.54839e-28	1.0
4200	3	1.67704	1.45682	4.64364e-28	1.11045e-29	-1.0
4200	4	1.34749	1.26904	6.39617e-29	1.02339e-27	1.0
4200	5	1.53816	1.14629	2.14982e-28	2.48789e-28	-1.0
4200	6	1.23988	1.30025	9.06493e-06	9.17477e-05	1.0
4200	7	1.06743	1.23518	6.19086e-28	1.78165e-29	-1.0
4200	8	1.96761	1.77648	1.05201e-27	1.47709e-27	-1.0
4200	9	1.76286	1.41031	3.00265e-28	2.3497e-28	-1.0
4200	10	1.12727	0.925919	2.48789e-28	1.02173e-28	-1.0
4300	1	1.34913	0.947374	1.42631e-29	8.09515e-29	1.0
4300	2	1.88981	1.62013	1.18571e-27	4.54839e-28	1.0
4300	3	1.67704	1.45682	4.64364e-28	1.11045e-29	-1.0
4300	4	1.34749	1.26904	6.39617e-29	1.02339e-27	1.0
4300	5	1.53816	1.14629	2.14982e-28	2.48789e-28	-1.0
4300	6	1.5361	1.45603	1.33451e-28	4.73988e-28	1.0
4300	7	1.06743	1.23518	6.19086e-28	1.78165e-29	-1.0
4300	8	1.96761	1.77648	1.05201e-27	1.47709e-27	-1.0
4300	9	1.76286	1.41031	3.00265e-28	2.3497e-28	-1.0
4300	10	1.12727	0.925919	2.48789e-28	1.02173e-28	-1.0
4400	1	1.34913	0.947374	1.42631e-29	8.09515e-29	1.0
4400	2	1.88981	1.62013	1.18571e-27	4.54839e-28	1.0
4400	3	1.67704	1.45682	4.64364e-28	1.11045e-29	-1.0
4400	4	1.34749	1.26904	6.39617e-29	1.02339e-27	1.0
4400	5	1.53816	1.14629	2.14982e-28	2.48789e-28	-1.0
4400	6	1.5361	1.45603	1.33451e-28	4.73988e-28	1.0
4400	7	0.948929	1.02599	0.000331658	0.00103352	1.0
4400	8	1.96761	1.77648	1.05201e-27	1.47709e-27	-1.0
4400	9	1.76286	1.41031	3.00265e-28	2.3497e-28	-1.0
4400	10	1.12727	0.925919	2.48789e-28	1.02173e-28	-1.0
4500	1	1.34913	0.947374	1.42631e-29	8.09515e-29	1.0
4500	2	1.88981	1.62013	1.18571e-27	4.54839e-28	1.0
4500	3	1.67704	1.45682	4.64364e-28	1.11045e-29	-1.0
4500	4	1.84856	1.71098	0.00201511	0.00248153	1.0
4500	5	1.53816	1.14629	2.14982e-28	2.48789e-28	-1.0
4500	6	1.5361	1.45603	1.33451e-28	4.73988e-28	1.0
4500	7	0.943475	1.01636	5.03452e-28	1.04431e-28	1.0
4500	8	1.90118	1.57982	0.000466354	0.00408808	1.0
4500	9	1.76286	1.41031	3.00265e-28	2.3497e-28	-1.0
4500	10	1.12727	0.925919	2.48789e-28	1.02173e-28	-1.0
4600	1	1.34913	0.947374	1.42631e-29	8.09515e-29	1.0
4600	2	1.88981	1.62013	1.18571e-27	4.54839e-28	1.0
4600	3	1.67704	1.45682	4.64364e-28	1.11045e-29	-1.0
4600	4	2.14719	1.81016	1.77671e-30	1.2477e-27	-1.0
4600	5	1.53816	1.14629	2.14982e-28	2.48789e-28	-1.0
4600	6	1.5361	1.45603	1.33451e-28	4.73988e-28	1.0
4600	7	0.943475	1.01636	5.03452e-28	1.04431e-28	1.0
4600	8	1.9361	1.59974	3.00484e-06	4.75268e-06	1.0
4600	9	1.76193	1.40956	9.53131e-05	6.21126e-05	1.0
4600	10	1.12727	0.925919	2.48789e-28	1.02173e-28	-1.0
4700	1	1.34913	0.947374	1.42631e-29	8.09515e-29	1.0
4700	2	1.88981	1.62013	1.18571e-27	4.54839e-28	1.0
4700	3	1.67704	1.45682	4.64364e-28	1.11045e-29	-1.0
4700	4	2.14719	1.81016	1.77671e-30	1.2477e-27	-1.0
4700	5	1.53816	1.14629	2.14982e-28	2.48789e-28	-1.0
4700	6	1.5361	1.45603	1.33451e-28	4.73988e-28	1.0
4700	7	0.943475	1.01636	5.03452e-28	1.04431e-28	1.0
4700	8	1.93622	1.59989	9.12836e-28	5.33804e-28	1.0
4700	9	1.733	1.3862	0.00258057	0.00168168	1.0
4700	10	1.23386	1.26048	0.000391003	0.00385238	1.0
4800	1	1.34913	0.947374	1.42631e-29	8.09515e-29	1.0
4800	2	1.88981	1.62013	1.18571e-27	4.54839e-28	1.0
4800	3	1.67704	1.45682	4.64364e-28	1.11045e-29	-1.0
4800	4	2.14719	1.81016	1.77671e-30	1.2477e-27	-1.0
4800	5	1.53816	1.14629	2.14982e-28	2.48789e-28	-1.0
4800	6	1.5361	1.45603	1.33451e-28	4.73988e-28	1.0
4800	7	0.943475	1.01636	5.03452e-28	1.04431e-28	1.0
4800	8	1.93622	1.59989	9.12836e-28	5.33804e-28	1.0
4800	9	1.60983	1.28678	0.00397153	0.00258812	1.0
4800	10	1.24121	1.28355	1.04431e-28	1.59904e-29	-1.0
4900	1	1.34913	0.947374	1.42631e-29	8.09515e-29	1.0
4900	2	1.88981	1.62013	1.18571e-27	4.54839e-28	1.0
4900	3	1.67704	1.45682	4.64364e-28	1.11045e-29	-1.0
4900	4	2.14719	1.81016	1.77671e-30	1.2477e-27	-1.0
4900	5	1.53816	1.14629	2.14982e-28	2.48789e-28	-1.0
4900	6	1.7072	1.64128	1.95883e-28	1.40958e-27	1.0
4900	7	0.943475	1.01636	5.03452e-28	1.04431e-28	1.0
4900	8	1.93622	1.59989	9.12836e-28	5.33804e-28	1.0
4900	9	1.60291	1.28119	0.00358742	0.00233781	1.0
4900	10	1.24121	1.28355	1.04431e-28	1.59904e-29	-1.0
5000	1	1.34913	0.947374	1.42631e-29	8.09515e-29	1.0
5000	2	1.88981	1.62013	1.18571e-27	4.54839e-28	1.0
5000	3	1.67707	1.45687	1.16491e-06	2.35347e-06	1.0
5000	4	2.14719	1.81016	1.77671e-30	1.2477e-27	-1.0
5000	5	1.53816	1.14629	2.14982e-28	2.48789e-28	-1.0
5000	6	1.89075	1.72864	6.52696e-28	4.64364e-28	-1.0
5000	7	0.943475	1.01636	5.03452e-28	1.04431e-28	1.0
5000	8	1.93622	1.59989	9.12836e-28	5.33804e-28	1.0
5000	9	1.58535	1.26701	0.00254848	0.00166077	1.0
5000	10	1.24121	1.28355	1.04431e-28	1.59904e-29	-1.0
5100	1	1.34913	0.947374	1.42631e-29	8.09515e-29	1.0
5100	2	1.88981	1.62013	1.18571e-27	4.54839e-28	1.0
5100	3	1.67704	1.45682	4.64364e-28	1.11045e-29	-1.0
5100	4	2.11515	1.80062	0.0026379	0.000233866	1.0
5100	5	1.53816	1.14629	2.14982e-28	2.48789e-28	-1.0
5100	6	1.89075	1.72864	6.52696e-28	4.64364e-28	-1.0
5100	7	0.943475	1.01636	5.03452e-28	1.04431e-28	1.0
5100	8	1.93622	1.59989	9.12836e-28	5.33804e-28	1.0
5100	9	1.5838	1.26576	0.00232657	0.00151616	1.0
5100	10	1.24121	1.28355	1.04431e-28	1.59904e-29	-1.0
5200	1	1.34913	0.947374	1.42631e-29	8.09515e-29	1.0
5200	2	1.88981	1.62013	1.18571e-27	4.54839e-28	1.0
5200	3	1.67702	1.45678	3.35665e-07	2.45121e-06	1.0
5200	4	2.00096	1.76662	0.00383776	0.000340241	1.0
5200	5	1.53816	1.14629	2.14982e-28	2.48789e-28	-1.0
5200	6	1.89075	1.72864	6.52696e-28	4.64364e-28	-1.0
5200	7	0.943475	1.01636	5.03452e-28	1.04431e-28	1.0
5200	8	1.93316	1.59802	0.00014456	5.40647e-05	1.0
5200	9	1.56075	1.24716	0.000449518	0.000292937	1.0
5200	10	1.24121	1.28355	1.04431e-28	1.59904e-29	-1.0
5300	1	1.34913	0.947374	1.42631e-29	8.09515e-29	1.0
5300	2	1.88981	1.62013	1.18571e-27	4.54839e-28	1.0
5300	3	1.62532	1.41752	2.94324e-05	1.70044e-05	1.0
5300	4	1.99593	1.76513	0.00397812	0.000352684	1.0
5300	5	1.61693	1.00441	1.20106e-27	5.37456e-29	1.0
5300	6	1.7521	1.64604	7.71143e-28	1.08103e-27	1.0
5300	7	0.943475	1.01636	5.03452e-28	1.04431e-28	1.0
5300	8	1.85387	1.54953	0.000646048	0.000241618	1.0
5300	9	1.55765	1.24466	0.000147517	9.61322e-05	1.0
5300	10	1.24121	1.28355	1.04431e-28	1.59904e-29	-1.0
5400	1	1.34913	0.947374	1.42631e-29	8.09515e-29	1.0
5400	2	1.8887	1.61544	1.64996e-05	0.000160384	0.846278
5400	3	1.62416	1.41663	4.44178e-29	4.17725e-28	-1.0
5400	4	1.97662	1.76795	0.00263219	0.00068357	0.456171
5400	5	1.61693	1.00441	1.20106e-27	5.37456e-29	1.0
5400	6	1.75158	1.64567	1.27881e-05	6.38239e-06	1.0
5400	7	0.943475	1.01636	5.03452e-28	1.04431e-28	1.0
5400	8	1.76822	1.51752	0.000406573	4.25333e-05	1.0
5400	9	1.55621	1.24349	1.39294e-27	9.1254e-29	1.0
5400	10	1.24121	1.28355	1.04431e-28	1.59904e-29	-1.0
5500	1	1.34913	0.947374	1.42631e-29	8.09515e-29	1.0
5500	2	1.87203	1.55481	1.4373e-05	0.000194005	1.0
5500	3	1.62416	1.41663	4.44178e-29	4.17725e-28	-1.0
5500	4	1.97446	1.82712	0.00456851	0.00233794	0.159274
5500	5	1.61693	1.00441	1.20106e-27	5.37456e-29	1.0
5500	6	1.70224	1.61082	7.2258e-28	3.00265e-28	-1.0
5500	7	1.10536	1.09446	0.000925991	0.000215523	1.0
5500	8	1.75718	1.51395	1.42631e-27	1.08103e-27	1.0
5500	9	1.55621	1.24349	1.39294e-27	9.1254e-29	1.0
5500	10	1.24121	1.28355	1.04431e-28	1.59904e-29	-1.0
5600	1	1.34913	0.947374	1.42631e-29	8.09515e-29	1.0
5600	2	1.87055	1.54904	1.06789e-05	4.8329e-06	1.0
5600	3	1.62416	1.41663	4.44178e-29	4.17725e-28	-1.0
5600	4	1.94959	1.85072	0.00405126	0.00198016	0.192313
5600	5	1.61693	1.00441	1.20106e-27	5.37456e-29	1.0
5600	6	1.75466	1.48665	1.39294e-27	2.28209e-28	-1.0
5600	7	1.11708	1.10012	4.26855e-28	6.19086e-28	1.0
5600	8	1.75718	1.51395	1.42631e-27	1.08103e-27	1.0
5600	9	1.55621	1.24349	1.39294e-27	9.1254e-29	1.0
5600	10	1.24121	1.28355	1.04431e-28	1.59904e-29	-1.0
5700	1	1.34913	0.947374	1.42631e-29	8.09515e-29	1.0
5700	2	1.87044	1.54897	1.46006e-27	2.92615e-28	1.0
5700	3	1.62416	1.41663	4.44178e-29	4.17725e-28	-1.0
5700	4	1.92838	1.84359	0.00264501	0.00187957	0.130147
5700	5	1.61693	1.00441	1.20106e-27	5.37456e-29	1.0
5700	6	1.75466	1.48665	1.39294e-27	2.28209e-28	-1.0
5700	7	1.11708	1.10012	4.26855e-28	6.19086e-28	1.0
5700	8	1.75718	1.51395	1.42631e-27	1.08103e-27	1.0
5700	9	1.55621	1.24349	1.39294e-27	9.1254e-29	1.0
5700	10	1.24121	1.28355	1.04431e-28	1.59904e-29	-1.0
5800	1	1.34913	0.947374	1.42631e-29	8.09515e-29	1.0
5800	2	1.87044	1.54897	1.46006e-27	2.92615e-28	1.0
5800	3	1.62416	1.41663	4.44178e-29	4.17725e-28	-1.0
5800	4	1.95219	1.85561	0.00414373	0.00176085	0.25197
5800	5	1.61693	1.00441	1.20106e-27	5.37456e-29	1.0
5800	6	1.75466	1.48665	1.39294e-27	2.28209e-28	-1.0
5800	7	1.11708	1.10012	4.26855e-28	6.19086e-28	1.0
5800	8	1.75718	1.51395	1.42631e-27	1.08103e-27	1.0
5800	9	1.55621	1.24349	1.39294e-27	9.1254e-29	1.0
5800	10	1.24121	1.28355	1.04431e-28	1.59904e-29	-1.0
5900	1	1.34913	0.947374	1.42631e-29	8.09515e-29	1.0
5900	2	1.87044	1.54897	1.46006e-27	2.92615e-28	1.0
5900	3	1.62416	1.41663	4.44178e-29	4.17725e-28	-1.0
5900	4	2.04905	2.03425	0.00356785	0.00203393	0.245629
5900	5	1.61693	1.00441	1.20106e-27	5.37456e-29	1.0
5900	6	1.75455	1.48652	1.12001e-05	1.50252e-05	1.0
5900	7	1.11627	1.09949	9.24456e-05	5.57646e-05	1.0
5900	8	1.75718	1.51395	1.42631e-27	1.08103e-27	1.0
5900	9	1.55621	1.24349	1.39294e-27	9.1254e-29	1.0
5900	10	1.24121	1.28355	1.04431e-28	1.59904e-29	-1.0
6000	1	1.34913	0.947374	1.42631e-29	8.09515e-29	1.0
6000	2	1.87044	1.54897	1.46006e-27	2.92615e-28	1.0
6000	3	1.62416	1.41663	4.44178e-29	4.17725e-28	-1.0
6000	4	2.023	2.00659	0.00133891	0.0018488	-0.232962
6000	5	1.61693	1.00441	1.20106e-27	5.37456e-29	1.0
6000	6	1.75466	1.48665	1.39294e-27	2.28209e-28	-1.0
6000	7	1.11708	1.10012	4.26855e-28	6.19086e-28	1.0
6000	8	1.98187	1.79561	0.00462399	0.00726622	1.0
6000	9	1.55621	1.24349	1.39294e-27	9.1254e-29	1.0
6000	10	1.24121	1.28355	1.04431e-28	1.59904e-29	-1.0
6100	1	1.38758	0.977569	0.00534323	0.0032956	1.0
6100	2	1.87044	1.54897	1.46006e-27	2.92615e-28	1.0
6100	3	1.62416	1.41663	4.44178e-29	4.17725e-28	-1.0
6100	4	2.02386	2.00027	0.00122967	0.00196929	-0.273232
6100	5	1.61693	1.00441	1.20106e-27	5.37456e-29	1.0
6100	6	1.75466	1.48665	1.39294e-27	2.28209e-28	-1.0
6100	7	1.11708	1.10012	4.26855e-28	6.19086e-28	1.0
6100	8	2.02782	1.81927	4.78801e-06	0.000717259	-1.0
6100	9	1.55621	1.24349	1.39294e-27	9.1254e-29	1.0
6100	10	1.24121	1.28355	1.04431e-28	1.59904e-29	-1.0
6200	1	1.67358	1.20218	1.18571e-27	9.55477e-29	1.0
6200	2	1.87044	1.54897	1.46006e-27	2.92615e-28	1.0
6200	3	1.62416	1.41663	4.44178e-29	4.17725e-28	-1.0
6200	4	2.03889	2.00221	0.00254249	0.00203059	-0.040847
6200	5	1.68914	1.03223	5.54532e-28	6.9889e-28	-1.0
6200	6	1.65926	1.40524	0.000508382	0.000370186	1.0
6200	7	1.11679	1.09985	1.70724e-05	1.45107e-05	1.0
6200	8	2.26671	2.00584	6.39617e-29	1.02339e-27	-1.0
6200	9	1.55621	1.24349	1.39294e-27	9.1254e-29	1.0
6200	10	1.24121	1.28355	1.04431e-28	1.59904e-29	-1.0
6300	1	1.67358	1.20218	1.18571e-27	9.55477e-29	1.0
6300	2	1.87044	1.54897	1.46006e-27	2.92615e-28	1.0
6300	3	1.62416	1.41663	4.44178e-29	4.17725e-28	-1.0
6300	4	2.09878	2.09035	0.00421783	0.00741881	0.575968
6300	5	2.10969	1.39975	2.05541e-05	2.42955e-05	1.0
6300	6	1.6486	1.39614	9.95157e-28	1.77671e-28	-1.0
6300	7	0.999978	0.992157	4.64364e-28	6.75645e-29	1.0
6300	8	2.26671	2.00584	6.39617e-29	1.02339e-27	-1.0
6300	9	1.55621	1.24349	1.39294e-27	9.1254e-29	1.0
6300	10	1.24121	1.28355	1.04431e-28	1.59904e-29	-1.0
6400	1	1.68449	1.16645	4.64364e-28	8.99461e-28	1.0
6400	2	1.87044	1.54897	1.46006e-27	2.92615e-28	1.0
6400	3	1.62416	1.41663	4.44178e-29	4.17725e-28	-1.0
6400	4	2.49902	2.44087	0.000870358	0.00388178	0.240712
6400	5	1.82998	1.09565	0.000940182	0.00111132	1.0
6400	6	1.6486	1.39614	9.95157e-28	1.77671e-28	-1.0
6400	7	0.999995	0.99218	2.73652e-07	4.99138e-07	1.0
6400	8	2.26671	2.00584	6.39617e-29	1.02339e-27	-1.0
6400	9	1.55621	1.24349	1.39294e-27	9.1254e-29	1.0
6400	10	1.24121	1.28355	1.04431e-28	1.59904e-29	-1.0
6500	1	1.92276	1.27433	0.000933739	0.00184038	1.0
6500	2	1.87044	1.54897	1.46006e-27	2.92615e-28	1.0
6500	3	1.73352	1.47108	0.00032435	8.04017e-05	1.0
6500	4	2.52706	2.46021	0.000192379	0.00131179	-1.0
6500	5	1.8231	1.08817	1.99392e-27	3.1586e-30	-1.0
6500	6	1.6486	1.39614	9.95157e-28	1.77671e-28	-1.0
6500	7	0.999978	0.992157	4.64364e-28	6.75645e-29	1.0
6500	8	2.26671	2.00584	6.39617e-29	1.02339e-27	-1.0
6500	9	1.55621	1.24349	1.39294e-27	9.1254e-29	1.0
6500	10	1.5506	1.46398	3.44333e-06	1.52496e-05	1.0
6600	1	1.89291	1.23242	1.11045e-27	4.44178e-31	1.0
6600	2	1.98562	1.58588	0.00398334	0.000408954	1.0
6600	3	1.7394	1.47401	4.74284e-29	2.55847e-28	1.0
6600	4	2.59923	2.50587	0.0025538	0.00241004	0.454833
6600	5	1.8231	1.08817	1.99392e-27	3.1586e-30	-1.0
6600	6	1.6486	1.39614	9.95157e-28	1.77671e-28	-1.0
6600	7	0.999978	0.992157	4.64364e-28	6.75645e-29	1.0
6600	8	2.26658	2.00573	1.69534e-05	1.38428e-05	1.0
6600	9	1.55619	1.24427	2.66622e-08	6.72321e-05	-1.0
6600	10	1.55055	1.46386	5.70523e-29	4.64364e-28	-1.0
6700	1	1.89303	1.23254	1.31418e-05	1.25933e-05	1.0
6700	2	2.05428	1.60788	6.19086e-28	1.77671e-30	-1.0
6700	3	1.7394	1.47401	4.74284e-29	2.55847e-28	1.0
6700	4	2.66844	2.55009	0.000175957	0.00119982	-1.0
6700	5	1.97725	1.1847	6.0808e-28	4.1506e-29	1.0
6700	6	1.6486	1.39614	9.95157e-28	1.77671e-28	-1.0
6700	7	0.999978	0.992157	4.64364e-28	6.75645e-29	1.0
6700	8	2.26671	2.00584	6.39617e-29	1.02339e-27	-1.0
6700	9	1.55621	1.24349	1.39294e-27	9.1254e-29	1.0
6700	10	1.55055	1.46386	5.70523e-29	4.64364e-28	-1.0
6800	1	2.12219	1.45686	1.29522e-27	3.08013e-28	1.0
6800	2	2.05428	1.60788	6.19086e-28	1.77671e-30	-1.0
6800	3	1.7394	1.47401	4.74284e-29	2.55847e-28	1.0
6800	4	2.66929	2.54788	0.000159425	0.00108708	-1.0
6800	5	1.97725	1.1847	6.0808e-28	4.1506e-29	1.0
6800	6	1.6486	1.39614	9.95157e-28	1.77671e-28	-1.0
6800	7	0.999978	0.992157	4.64364e-28	6.75645e-29	1.0
6800	8	2.26671	2.00584	6.39617e-29	1.02339e-27	-1.0
6800	9	1.55621	1.24349	1.39294e-27	9.1254e-29	1.0
6800	10	1.55055	1.46386	5.70523e-29	4.64364e-28	-1.0
6900	1	2.12219	1.45686	1.29522e-27	3.08013e-28	1.0
6900	2	2.05428	1.60788	6.19086e-28	1.77671e-30	-1.0
6900	3	1.7394	1.47401	4.74284e-29	2.55847e-28	1.0
6900	4	2.35066	2.13177	7.11898e-05	0.000485429	-1.0
6900	5	1.97725	1.1847	6.0808e-28	4.1506e-29	1.0
6900	6	1.6486	1.39614	9.95157e-28	1.77671e-28	-1.0
6900	7	0.999978	0.992157	4.64364e-28	6.75645e-29	1.0
6900	8	2.26671	2.00584	6.39617e-29	1.02339e-27	-1.0
6900	9	1.55621	1.24349	1.39294e-27	9.1254e-29	1.0
6900	10	1.55055	1.46386	5.70523e-29	4.64364e-28	-1.0
7000	1	2.12219	1.45686	1.29522e-27	3.08013e-28	1.0
7000	2	2.23843	1.87574	0.000144258	0.000305227	1.0
7000	3	1.7394	1.47401	4.74284e-29	2.55847e-28	1.0
7000	4	2.20582	1.91503	0.000203543	0.00138792	-1.0
7000	5	1.97725	1.1847	6.0808e-28	4.1506e-29	1.0
7000	6	1.6486	1.39614	9.95157e-28	1.77671e-28	-1.0
7000	7	0.999978	0.992157	4.64364e-28	6.75645e-29	1.0
7000	8	2.26671	2.00584	6.39617e-29	1.02339e-27	-1.0
7000	9	1.55621	1.24349	1.39294e-27	9.1254e-29	1.0
7000	10	1.53912	1.33578	3.39994e-28	3.59785e-29	-1.0
7100	1	2.12219	1.45686	1.29522e-27	3.08013e-28	1.0
7100	2	2.24001	1.87804	7.10686e-28	1.54619e-27	-1.0
7100	3	1.7394	1.47401	4.74284e-29	2.55847e-28	1.0
7100	4	2.18892	1.95917	0.000273773	0.0018668	-1.0
7100	5	1.97731	1.18472	2.74149e-06	1.78601e-07	1.0
7100	6	1.6486	1.39614	9.95157e-28	1.77671e-28	-1.0
7100	7	0.999321	0.991739	1.22642e-05	4.97562e-06	1.0
7100	8	2.26671	2.00584	6.39617e-29	1.02339e-27	-1.0
7100	9	1.55621	1.24349	1.39294e-27	9.1254e-29	1.0
7100	10	1.53912	1.33578	3.39994e-28	3.59785e-29	-1.0
7200	1	2.12219	1.45686	1.29522e-27	3.08013e-28	1.0
7200	2	2.24001	1.87804	7.10686e-28	1.54619e-27	-1.0
7200	3	2.07709	1.9279	8.86185e-28	1.54619e-27	-1.0
7200	4	2.14872	1.98652	0.000864532	0.00137404	-0.631663
7200	5	1.97725	1.1847	6.0808e-28	4.1506e-29	1.0
7200	6	1.6486	1.39614	9.95157e-28	1.77671e-28	-1.0
7200	7	0.999978	0.992157	4.64364e-28	6.75645e-29	1.0
7200	8	2.26671	2.00584	6.39617e-29	1.02339e-27	-1.0
7200	9	1.55534	1.23904	1.33148e-06	3.49296e-05	1.0
7200	10	1.53912	1.33578	3.39994e-28	3.59785e-29	-1.0
7300	1	2.12219	1.45686	1.29522e-27	3.08013e-28	1.0
7300	2	2.24001	1.87804	7.10686e-28	1.54619e-27	-1.0
7300	3	2.07709	1.9279	8.86185e-28	1.54619e-27	-1.0
7300	4	2.1108	1.98969	0.000238424	0.00162576	-1.0
7300	5	1.97725	1.1847	6.0808e-28	4.1506e-29	1.0
7300	6	1.6486	1.39614	9.95157e-28	1.77671e-28	-1.0
7300	7	0.999978	0.992157	4.64364e-28	6.75645e-29	1.0
7300	8	2.26671	2.00584	6.39617e-29	1.02339e-27	-1.0
7300	9	1.55242	1.22407	2.14982e-28	0.0	NAN
7300	10	1.53912	1.33578	3.39994e-28	3.59785e-29	-1.0
7400	1	2.12219	1.45686	1.29522e-27	3.08013e-28	1.0
7400	2	2.24001	1.87804	7.10686e-28	1.54619e-27	-1.0
7400	3	2.07709	1.9279	8.86185e-28	1.54619e-27	-1.0
7400	4	2.11069	1.99149	0.000226802	0.00147437	-0.987848
7400	5	1.97725	1.1847	6.0808e-28	4.1506e-29	1.0
7400	6	1.84046	1.62212	8.86185e-28	5.70523e-29	1.0
7400	7	0.999978	0.992157	4.64364e-28	6.75645e-29	1.0
7400	8	2.26671	2.00584	6.39617e-29	1.02339e-27	-1.0
7400	9	1.55242	1.22407	2.14982e-28	0.0	NAN
7400	10	1.53912	1.33578	3.39994e-28	3.59785e-29	-1.0
7500	1	2.12219	1.45686	1.29522e-27	3.08013e-28	1.0
7500	2	2.24001	1.87804	7.10686e-28	1.54619e-27	-1.0
7500	3	2.07709	1.9279	8.86185e-28	1.54619e-27	-1.0
7500	4	2.12482	2.00418	0.000165362	0.00112757	-1.0
7500	5	1.97725	1.1847	6.0808e-28	4.1506e-29	1.0
7500	6	1.84046	1.62212	8.86185e-28	5.70523e-29	1.0
7500	7	0.999978	0.992157	4.64364e-28	6.75645e-29	1.0
7500	8	2.26671	2.00584	6.39617e-29	1.02339e-27	-1.0
7500	9	1.55242	1.22407	2.14982e-28	0.0	NAN
7500	10	1.53912	1.33578	3.39994e-28	3.59785e-29	-1.0
7600	1	2.12025	1.45873	8.14559e-05	7.59266e-05	-1.0
7600	2	2.24001	1.87804	7.10686e-28	1.54619e-27	-1.0
7600	3	2.07709	1.9279	8.86185e-28	1.54619e-27	-1.0
7600	4	2.13239	1.98442	0.000261825	0.00178533	-1.0
7600	5	1.97725	1.1847	6.0808e-28	4.1506e-29	1.0
7600	6	1.84046	1.62212	8.86185e-28	5.70523e-29	1.0
7600	7	0.999978	0.992157	4.64364e-28	6.75645e-29	1.0
7600	8	2.26671	2.00584	6.39617e-29	1.02339e-27	-1.0
7600	9	1.55242	1.22407	2.14982e-28	0.0	NAN
7600	10	1.53912	1.33578	3.39994e-28	3.59785e-29	-1.0
7700	1	2.03838	1.53859	8.30913e-06	7.81478e-06	1.0
7700	2	2.3973	2.0559	1.42631e-27	7.83531e-28	1.0
7700	3	2.08153	1.94084	8.65837e-05	0.000735919	1.0
7700	4	2.06843	1.92481	0.0002548	0.00173743	-1.0
7700	5	1.97725	1.1847	6.0808e-28	4.1506e-29	1.0
7700	6	1.84046	1.62212	8.86185e-28	5.70523e-29	1.0
7700	7	0.999978	0.992157	4.64364e-28	6.75645e-29	1.0
7700	8	2.26671	2.00584	6.39617e-29	1.02339e-27	-1.0
7700	9	1.94828	1.52041	0.0040755	0.00228387	1.0
7700	10	1.53912	1.33578	3.39994e-28	3.59785e-29	-1.0
7800	1	2.07815	1.57715	1.63477e-27	1.60348e-28	-1.0
7800	2	2.23284	1.79843	2.70749e-05	6.63527e-05	1.0
7800	3	2.11688	2.0439	8.56574e-05	0.000728046	1.0
7800	4	2.06102	1.94413	0.00014886	0.00101505	-1.0
7800	5	1.97725	1.1847	6.0808e-28	4.1506e-29	1.0
7800	6	1.84046	1.62212	8.86185e-28	5.70523e-29	1.0
7800	7	0.999978	0.992157	4.64364e-28	6.75645e-29	1.0
7800	8	2.26671	2.00584	6.39617e-29	1.02339e-27	-1.0
7800	9	1.96955	1.53633	2.21546e-28	3.23806e-28	1.0
7800	10	1.53912	1.33578	3.39994e-28	3.59785e-29	-1.0
7900	1	2.07815	1.57715	1.63477e-27	1.60348e-28	-1.0
7900	2	2.23251	1.79792	3.33627e-27	4.08694e-28	1.0
7900	3	2.1209	2.05562	2.88168e-06	2.44929e-05	1.0
7900	4	2.06014	1.94561	0.000144818	0.000978333	-0.940647
7900	5	1.97725	1.1847	6.0808e-28	4.1506e-29	1.0
7900	6	1.84046	1.62212	8.86185e-28	5.70523e-29	1.0
7900	7	1.30508	1.27432	0.000816684	0.000698482	1.0
7900	8	2.28756	2.00617	0.000200886	4.86249e-08	1.0
7900	9	1.96955	1.53633	2.21546e-28	3.23806e-28	1.0
7900	10	1.53912	1.33578	3.39994e-28	3.59785e-29	-1.0
8000	1	2.07815	1.57715	1.63477e-27	1.60348e-28	-1.0
8000	2	2.23251	1.79792	3.33627e-27	4.08694e-28	1.0
8000	3	2.12103	2.05601	4.36085e-28	4.36085e-28	-1.0
8000	4	2.00543	1.80968	8.10916e-05	0.000552947	-1.0
8000	5	1.97725	1.1847	6.0808e-28	4.1506e-29	1.0
8000	6	1.84046	1.62212	8.86185e-28	5.70523e-29	1.0
8000	7	1.31009	1.27892	1.26331e-05	1.80345e-05	1.0
8000	8	2.30613	2.00646	1.97413e-27	2.89032e-27	1.0
8000	9	1.96955	1.53633	2.21546e-28	3.23806e-28	1.0
8000	10	1.47873	1.27984	3.08457e-29	3.56577e-28	1.0
8100	1	2.07815	1.57715	1.63477e-27	1.60348e-28	-1.0
8100	2	2.23315	1.79797	8.41299e-05	5.73473e-05	0.856534
8100	3	2.12103	2.05601	4.36085e-28	4.36085e-28	-1.0
8100	4	2.00168	1.81947	3.31765e-06	2.26224e-05	-1.0
8100	5	2.05163	1.12333	1.26344e-27	7.1266e-29	-1.0
8100	6	1.84046	1.62212	8.86185e-28	5.70523e-29	1.0
8100	7	1.3102	1.27905	2.14982e-28	3.33627e-29	-1.0
8100	8	2.35129	2.04669	2.3975e-05	1.90255e-05	1.0
8100	9	1.96955	1.53633	2.21546e-28	3.23806e-28	1.0
8100	10	1.47873	1.27984	3.08457e-29	3.56577e-28	1.0
8200	1	2.07815	1.57715	1.63477e-27	1.60348e-28	-1.0
8200	2	2.11949	1.6079	0.000499825	0.000637764	1.0
8200	3	2.15676	2.07586	1.37285e-05	4.23906e-06	1.0
8200	4	2.00154	1.81984	1.63477e-27	5.03452e-28	1.0
8200	5	2.05163	1.12333	1.26344e-27	7.1266e-29	-1.0
8200	6	1.84046	1.62212	8.86185e-28	5.70523e-29	1.0
8200	7	1.73755	1.64158	2.08517e-28	1.60348e-28	-1.0
8200	8	2.35238	2.04766	1.02339e-27	3.00265e-28	-1.0
8200	9	2.02518	1.63857	9.55477e-29	1.44314e-27	1.0
8200	10	1.47873	1.27984	3.08457e-29	3.56577e-28	1.0
8300	1	2.07815	1.57715	1.63477e-27	1.60348e-28	-1.0
8300	2	2.2726	1.78085	5.1347e-28	3.59785e-29	1.0
8300	3	2.15754	2.07629	3.13412e-27	6.64096e-28	1.0
8300	4	2.00154	1.81984	1.63477e-27	5.03452e-28	1.0
8300	5	2.05163	1.12333	1.26344e-27	7.1266e-29	-1.0
8300	6	1.84046	1.62212	8.86185e-28	5.70523e-29	1.0
8300	7	1.73755	1.64158	2.08517e-28	1.60348e-28	-1.0
8300	8	2.35238	2.04766	1.02339e-27	3.00265e-28	-1.0
8300	9	2.43359	1.95369	0.0121434	0.00722901	1.0
8300	10	1.47873	1.27984	3.08457e-29	3.56577e-28	1.0
8400	1	2.07815	1.57715	1.63477e-27	1.60348e-28	-1.0
8400	2	2.2726	1.78085	5.1347e-28	3.59785e-29	1.0
8400	3	2.15754	2.07629	3.13412e-27	6.64096e-28	1.0
8400	4	2.00154	1.81984	1.63477e-27	5.03452e-28	1.0
8400	5	2.05163	1.12333	1.26344e-27	7.1266e-29	-1.0
8400	6	1.84046	1.62212	8.86185e-28	5.70523e-29	1.0
8400	7	1.73755	1.64158	2.08517e-28	1.60348e-28	-1.0
8400	8	2.35238	2.04766	1.02339e-27	3.00265e-28	-1.0
8400	9	2.49381	2.00015	2.28209e-28	1.11045e-27	1.0
8400	10	1.47873	1.27984	3.08457e-29	3.56577e-28	1.0
8500	1	2.07815	1.57715	1.63477e-27	1.60348e-28	-1.0
8500	2	2.2726	1.78085	5.1347e-28	3.59785e-29	1.0
8500	3	2.15754	2.07629	3.13412e-27	6.64096e-28	1.0
8500	4	2.00154	1.81984	1.63477e-27	5.03452e-28	1.0
8500	5	2.05163	1.12333	1.26344e-27	7.1266e-29	-1.0
8500	6	1.84046	1.62212	8.86185e-28	5.70523e-29	1.0
8500	7	1.73755	1.64158	2.08517e-28	1.60348e-28	-1.0
8500	8	2.39432	2.07905	8.80596e-06	4.93112e-06	1.0
8500	9	2.40925	1.83098	0.00300942	0.0120435	1.0
8500	10	1.47873	1.27984	3.08457e-29	3.56577e-28	1.0
8600	1	2.07815	1.57715	1.63477e-27	1.60348e-28	-1.0
8600	2	2.46614	1.90627	0.000581795	0.000244335	1.0
8600	3	2.15754	2.07629	3.13412e-27	6.64096e-28	1.0
8600	4	1.8653	1.65522	4.74284e-29	8.21286e-28	1.0
8600	5	2.05397	1.12858	0.00011154	0.000560034	1.0
8600	6	1.84046	1.62212	8.86185e-28	5.70523e-29	1.0
8600	7	1.73755	1.64158	2.08517e-28	1.60348e-28	-1.0
8600	8	2.89232	2.4213	6.19575e-05	2.9259e-05	1.0
8600	9	2.33922	1.69089	2.74877e-27	1.17046e-27	-1.0
8600	10	1.47873	1.27984	3.08457e-29	3.56577e-28	1.0
8700	1	2.07815	1.57715	1.63477e-27	1.60348e-28	-1.0
8700	2	2.56535	1.98742	6.10048e-05	4.19065e-05	1.0
8700	3	2.15754	2.07629	3.13412e-27	6.64096e-28	1.0
8700	4	1.8653	1.65522	4.74284e-29	8.21286e-28	1.0
8700	5	2.05527	1.13149	0.000178478	0.000896121	1.0
8700	6	1.84046	1.62212	8.86185e-28	5.70523e-29	1.0
8700	7	1.89612	1.70556	0.00194624	0.000316825	1.0
8700	8	2.89257	2.42147	1.14026e-27	1.42631e-27	-1.0
8700	9	2.33922	1.69089	2.74877e-27	1.17046e-27	-1.0
8700	10	1.47873	1.27984	3.08457e-29	3.56577e-28	1.0
8800	1	2.07815	1.57715	1.63477e-27	1.60348e-28	-1.0
8800	2	2.56658	1.98844	1.02339e-27	2.08517e-28	1.0
8800	3	2.15754	2.07629	3.13412e-27	6.64096e-28	1.0
8800	4	1.8653	1.65522	4.74284e-29	8.21286e-28	1.0
8800	5	2.1167	1.23663	0.000589626	0.00296046	1.0
8800	6	1.84037	1.62203	7.53072e-06	8.33389e-06	1.0
8800	7	1.99428	1.80069	0.00916658	0.0124712	1.0
8800	8	2.89257	2.42147	1.14026e-27	1.42631e-27	-1.0
8800	9	2.27182	1.52322	1.93227e-05	0.000119589	1.0
8800	10	1.58782	1.31772	2.17647e-29	1.43914e-28	1.0
8900	1	2.07815	1.57715	1.63477e-27	1.60348e-28	-1.0
8900	2	2.56658	1.98844	1.02339e-27	2.08517e-28	1.0
8900	3	2.15754	2.07629	3.13412e-27	6.64096e-28	1.0
8900	4	1.8653	1.65522	4.74284e-29	8.21286e-28	1.0
8900	5	2.32186	1.35895	3.00265e-28	1.04431e-28	-1.0
8900	6	1.84046	1.62212	8.86185e-28	5.70523e-29	1.0
8900	7	2.26641	2.11811	2.70258e-28	4.36085e-28	1.0
8900	8	2.89257	2.42147	1.14026e-27	1.42631e-27	-1.0
8900	9	2.2715	1.52222	1.65855e-05	4.80035e-05	1.0
8900	10	1.58782	1.31772	2.17647e-29	1.43914e-28	1.0
9000	1	2.07815	1.57715	1.63477e-27	1.60348e-28	-1.0
9000	2	2.56658	1.98844	1.02339e-27	2.08517e-28	1.0
9000	3	2.15754	2.07629	3.13412e-27	6.64096e-28	1.0
9000	4	1.8653	1.65522	4.74284e-29	8.21286e-28	1.0
9000	5	2.32186	1.35895	3.00265e-28	1.04431e-28	-1.0
9000	6	2.33123	2.05778	1.49422e-27	2.05388e-27	-1.0
9000	7	2.26641	2.11811	2.70258e-28	4.36085e-28	1.0
9000	8	2.89257	2.42147	1.14026e-27	1.42631e-27	-1.0
9000	9	2.27124	1.52178	7.34572e-28	1.26344e-27	1.0
9000	10	1.58782	1.31772	2.17647e-29	1.43914e-28	1.0
9100	1	2.24082	1.68098	6.41394e-28	3.48236e-28	1.0
9100	2	2.56658	1.98844	1.02339e-27	2.08517e-28	1.0
9100	3	2.15754	2.07629	3.13412e-27	6.64096e-28	1.0
9100	4	1.8653	1.65522	4.74284e-29	8.21286e-28	1.0
9100	5	2.32186	1.35895	3.00265e-28	1.04431e-28	-1.0
9100	6	2.33123	2.05778	1.49422e-27	2.05388e-27	-1.0
9100	7	2.26641	2.11811	2.70258e-28	4.36085e-28	1.0
9100	8	2.8929	2.42184	2.63608e-05	3.3572e-05	1.0
9100	9	2.27124	1.52178	7.34572e-28	1.26344e-27	1.0
9100	10	1.58782	1.31772	2.17647e-29	1.43914e-28	1.0
9200	1	2.24082	1.68098	6.41394e-28	3.48236e-28	1.0
9200	2	2.56658	1.98844	1.02339e-27	2.08517e-28	1.0
9200	3	2.15754	2.07629	3.13412e-27	6.64096e-28	1.0
9200	4	2.36905	2.09369	1.74434e-27	3.99761e-28	1.0
9200	5	2.32186	1.35895	3.00265e-28	1.04431e-28	-1.0
9200	6	2.33123	2.05778	1.49422e-27	2.05388e-27	-1.0
9200	7	2.26641	2.11811	2.70258e-28	4.36085e-28	1.0
9200	8	3.43908	2.84161	0.0144265	0.00733276	0.975953
9200	9	2.15691	1.38948	3.31851e-28	1.89714e-28	1.0
9200	10	1.58782	1.31772	2.17647e-29	1.43914e-28	1.0
9300	1	2.24082	1.68098	6.41394e-28	3.48236e-28	1.0
9300	2	2.56658	1.98844	1.02339e-27	2.08517e-28	1.0
9300	3	2.15754	2.07629	3.13412e-27	6.64096e-28	1.0
9300	4	2.36905	2.09369	1.74434e-27	3.99761e-28	1.0
9300	5	2.32186	1.35895	3.00265e-28	1.04431e-28	-1.0
9300	6	2.33123	2.05778	1.49422e-27	2.05388e-27	-1.0
9300	7	2.26641	2.11811	2.70258e-28	4.36085e-28	1.0
9300	8	3.51144	2.89486	0.00143213	0.00124486	0.970338
9300	9	2.15691	1.38948	3.31851e-28	1.89714e-28	1.0
9300	10	1.58782	1.31772	2.17647e-29	1.43914e-28	1.0
9400	1	2.24082	1.68098	6.41394e-28	3.48236e-28	1.0
9400	2	2.56658	1.98844	1.02339e-27	2.08517e-28	1.0
9400	3	2.15754	2.07629	3.13412e-27	6.64096e-28	1.0
9400	4	2.36905	2.09369	1.74434e-27	3.99761e-28	1.0
9400	5	2.32186	1.35895	3.00265e-28	1.04431e-28	-1.0
9400	6	2.33123	2.05778	1.49422e-27	2.05388e-27	-1.0
9400	7	2.26641	2.11811	2.70258e-28	4.36085e-28	1.0
9400	8	3.18142	2.62372	4.17725e-28	4.44178e-29	1.0
9400	9	2.15691	1.38948	3.31851e-28	1.89714e-28	1.0
9400	10	1.58782	1.31772	2.17647e-29	1.43914e-28	1.0
9500	1	2.24082	1.68098	6.41394e-28	3.48236e-28	1.0
9500	2	2.56658	1.98844	1.02339e-27	2.08517e-28	1.0
9500	3	2.15754	2.07629	3.13412e-27	6.64096e-28	1.0
9500	4	2.36905	2.09369	1.74434e-27	3.99761e-28	1.0
9500	5	2.32186	1.35895	3.00265e-28	1.04431e-28	-1.0
9500	6	2.33123	2.05778	1.49422e-27	2.05388e-27	-1.0
9500	7	2.43286	2.2009	0.00561155	0.00138843	1.0
9500	8	3.18142	2.62372	4.17725e-28	4.44178e-29	1.0
9500	9	2.15691	1.38948	3.31851e-28	1.89714e-28	1.0
9500	10	1.58782	1.31772	2.17647e-29	1.43914e-28	1.0
9600	1	2.24082	1.68098	6.41394e-28	3.48236e-28	1.0
9600	2	2.56658	1.98844	1.02339e-27	2.08517e-28	1.0
9600	3	2.15754	2.07629	3.13412e-27	6.64096e-28	1.0
9600	4	2.36905	2.09369	1.74434e-27	3.99761e-28	1.0
9600	5	2.32186	1.35895	3.00265e-28	1.04431e-28	-1.0
9600	6	2.33123	2.05778	1.49422e-27	2.05388e-27	-1.0
9600	7	2.50183	2.23521	5.33804e-28	2.85064e-28	1.0
9600	8	3.18142	2.62372	4.17725e-28	4.44178e-29	1.0
9600	9	2.15691	1.38948	3.31851e-28	1.89714e-28	1.0
9600	10	1.73503	1.41275	4.36085e-28	1.11045e-29	-1.0
9700	1	2.23989	1.67997	8.54421e-05	0.000101352	1.0
9700	2	2.56658	1.98844	1.02339e-27	2.08517e-28	1.0
9700	3	2.15754	2.07629	3.13412e-27	6.64096e-28	1.0
9700	4	2.36905	2.09369	1.74434e-27	3.99761e-28	1.0
9700	5	2.32186	1.35895	3.00265e-28	1.04431e-28	-1.0
9700	6	2.33123	2.05778	1.49422e-27	2.05388e-27	-1.0
9700	7	2.50183	2.23521	5.33804e-28	2.85064e-28	1.0
9700	8	3.03975	2.48012	0.000276659	0.000846131	1.0
9700	9	2.15691	1.38948	3.31851e-28	1.89714e-28	1.0
9700	10	1.73503	1.41275	4.36085e-28	1.11045e-29	-1.0
9800	1	2.05511	1.47872	9.39882e-28	5.37456e-29	-1.0
9800	2	2.56658	1.98844	1.02339e-27	2.08517e-28	1.0
9800	3	2.15754	2.07629	3.13412e-27	6.64096e-28	1.0
9800	4	2.36905	2.09369	1.74434e-27	3.99761e-28	1.0
9800	5	2.32186	1.35895	3.00265e-28	1.04431e-28	-1.0
9800	6	2.33123	2.05778	1.49422e-27	2.05388e-27	-1.0
9800	7	2.50183	2.23521	5.33804e-28	2.85064e-28	1.0
9800	8	2.9839	2.38243	5.97173e-28	1.33451e-28	1.0
9800	9	2.15691	1.38948	3.31851e-28	1.89714e-28	1.0
9800	10	1.73503	1.41275	4.36085e-28	1.11045e-29	-1.0
9900	1	2.05511	1.47872	9.39882e-28	5.37456e-29	-1.0
9900	2	2.56658	1.98844	1.02339e-27	2.08517e-28	1.0
9900	3	2.15754	2.07629	3.13412e-27	6.64096e-28	1.0
9900	4	2.37576	2.08661	0.000199316	0.0002221	-1.0
9900	5	2.32186	1.35895	3.00265e-28	1.04431e-28	-1.0
9900	6	2.33123	2.05778	1.49422e-27	2.05388e-27	-1.0
9900	7	2.50183	2.23521	5.33804e-28	2.85064e-28	1.0
9900	8	2.9839	2.38243	5.97173e-28	1.33451e-28	1.0
9900	9	2.15691	1.38948	3.31851e-28	1.89714e-28	1.0
9900	10	1.73503	1.41275	4.36085e-28	1.11045e-29	-1.0
10000	1	2.05511	1.47872	9.39882e-28	5.37456e-29	-1.0
10000	2	2.56658	1.98844	1.02339e-27	2.08517e-28	1.0
10000	3	2.15754	2.07629	3.13412e-27	6.64096e-28	1.0
10000	4	2.43824	2.02065	3.86929e-29	1.39294e-27	-1.0
10000	5	2.32186	1.35895	3.00265e-28	1.04431e-28	-1.0
10000	6	2.32937	1.96679	3.29996e-08	7.87078e-05	1.0
10000	7	2.36931	2.05052	1.56371e-27	3.31851e-28	-1.0
10000	8	2.9839	2.38243	5.97173e-28	1.33451e-28	1.0
10000	9	2.15697	1.38951	2.99449e-06	1.20275e-06	1.0
10000	10	1.85914	1.50507	7.83531e-28	1.28368e-28	-1.0
